0 1 0.09309994329457989
0 2 0.2178015147214586
0 3 0.38760667562129114
0 4 0.0
0 5 0.0
0 6 0.40266576534829496
0 7 0.5766592008752601
0 8 0.4483985818653866
0 9 0.0
0 10 0.0
0 11 0.1877271285842324
0 12 0.17218904870908344
0 13 0.0
0 14 0.0
0 15 0.0
0 16 0.0
0 17 0.17318373059242698
0 18 0.5766592008752601
0 19 0.0
0 20 0.0
0 21 0.0
0 22 0.0
0 23 0.0
0 24 0.0
0 25 0.0
0 26 0.0
0 27 0.0
1 2 0.0
1 3 0.14735100422968744
1 4 0.11351675158127993
1 5 0.0
1 6 0.0828483624873526
1 7 0.11864746054201136
1 8 0.09225787600062163
1 9 0.0
1 10 0.0
1 11 0.08463019462742741
1 12 0.07762539604616994
1 13 0.0
1 14 0.0
1 15 0.0
1 16 0.0
1 17 0.07807381350194521
1 18 0.11864746054201136
1 19 0.0
1 20 0.0
1 21 0.0
1 22 0.0
1 23 0.0
1 24 0.0
1 25 0.0
1 26 0.0
1 27 0.0
2 3 0.18657005903171545
2 4 0.0
2 5 0.09174767734625214
2 6 0.19381858037058958
2 7 0.2775683390282904
2 8 0.2158315507705548
2 9 0.0
2 10 0.0
2 11 0.19798706560650126
2 12 0.18159977591192825
2 13 0.0
2 14 0.0
2 15 0.0
2 16 0.0
2 17 0.18264882060131513
2 18 0.2775683390282904
2 19 0.07304642750599069
2 20 0.0
2 21 0.0
2 22 0.0
2 23 0.06365405781768894
2 24 0.0
2 25 0.0
2 26 0.0
2 27 0.0
3 4 0.09629336489172248
3 5 0.0
3 6 0.3449258638405633
3 7 0.4939696644721234
3 8 0.5528239505870584
3 9 0.0
3 10 0.0
3 11 0.31558159053207074
3 12 0.2894610612415284
3 13 0.0
3 14 0.0
3 15 0.0
3 16 0.0
3 17 0.14835020262041557
3 18 0.4939696644721234
3 19 0.0
3 20 0.0
3 21 0.0
3 22 0.0
3 23 0.0
3 24 0.0
3 25 0.0
3 26 0.0
3 27 0.0
4 5 0.0
4 6 0.0
4 7 0.0
4 8 0.0
4 9 0.0
4 10 0.0
4 11 0.0
4 12 0.0
4 13 0.0
4 14 0.3589257468378523
4 15 0.0
4 16 0.0
4 17 0.0
4 18 0.0
4 19 0.12315485353293916
4 20 0.0
4 21 0.0
4 22 0.0
4 23 0.1073195012401093
4 24 0.0
4 25 0.37946337404832303
4 26 0.0
4 27 0.0
5 6 0.0
5 7 0.0
5 8 0.0
5 9 0.0
5 10 0.0
5 11 0.0
5 12 0.0
5 13 0.35143846765302605
5 14 0.0
5 15 0.0
5 16 0.0
5 17 0.0
5 18 0.0
5 19 0.0838058912928468
5 20 0.0
5 21 0.0
5 22 0.0
5 23 0.07303006090722676
5 24 0.0
5 25 0.0
5 26 0.0
5 27 0.0
6 7 0.5131611128334814
6 8 0.3990237473255384
6 9 0.0
6 10 0.0
6 11 0.1670557966769653
6 12 0.15322867253167358
6 13 0.0
6 14 0.0
6 15 0.0
6 16 0.0
6 17 0.15411382629562484
6 18 0.5131611128334814
6 19 0.0
6 20 0.0
6 21 0.0
6 22 0.0
6 23 0.0
6 24 0.0
6 25 0.0
6 26 0.0
6 27 0.0
7 8 0.5714434527702296
7 9 0.0
7 10 0.0
7 11 0.23924125292844858
7 12 0.21943937492888718
7 13 0.0
7 14 0.0
7 15 0.0
7 16 0.0
7 17 0.22070700705979446
7 18 1.0000000000000002
7 19 0.0
7 20 0.0
7 21 0.0
7 22 0.0
7 23 0.0
7 24 0.0
7 25 0.0
7 26 0.0
7 27 0.0
8 9 0.0
8 10 0.0
8 11 0.3650771427777513
8 12 0.3348598915586416
8 13 0.0
8 14 0.0
8 15 0.0
8 16 0.0
8 17 0.1716173241026171
8 18 0.5714434527702296
8 19 0.0
8 20 0.0
8 21 0.0
8 22 0.0
8 23 0.0
8 24 0.0
8 25 0.0
8 26 0.0
8 27 0.0
9 10 0.0
9 11 0.0
9 12 0.0
9 13 0.0
9 14 0.0
9 15 0.0
9 16 0.0
9 17 0.0
9 18 0.0
9 19 0.10972228035898973
9 20 0.0
9 21 0.0
9 22 0.0
9 23 0.09561409936559886
9 24 0.0
9 25 0.0
9 26 0.0
9 27 0.0
10 11 0.0
10 12 0.0
10 13 0.2164613136575357
10 14 0.5516333747236409
10 15 0.0
10 16 0.49996712345228544
10 17 0.0
10 18 0.0
10 19 0.0
10 20 0.24167042762958418
10 21 0.0
10 22 0.0
10 23 0.0
10 24 0.0
10 25 0.7725483812253336
10 26 0.07020141585008
10 27 0.0
11 12 0.9172305036979401
11 13 0.0
11 14 0.0
11 15 0.0
11 16 0.0
11 17 0.15742837543913227
11 18 0.23924125292844858
11 19 0.0
11 20 0.0
11 21 0.0
11 22 0.0
11 23 0.0
11 24 0.0
11 25 0.0
11 26 0.0
11 27 0.0
12 13 0.0
12 14 0.0
12 15 0.0
12 16 0.0
12 17 0.1443981081003837
12 18 0.21943937492888718
12 19 0.0
12 20 0.0
12 21 0.0
12 22 0.0
12 23 0.0
12 24 0.0
12 25 0.0
12 26 0.0
12 27 0.0
13 14 0.19669784734126053
13 15 0.0
13 16 0.3648645552828498
13 17 0.0
13 18 0.0
13 19 0.0
13 20 0.0
13 21 0.0
13 22 0.0
13 23 0.0
13 24 0.0
13 25 0.20795284115930465
13 26 0.0
13 27 0.0
14 15 0.0
14 16 0.4543188584730425
14 17 0.0
14 18 0.0
14 19 0.0
14 20 0.0
14 21 0.0
14 22 0.0
14 23 0.0
14 24 0.0
14 25 0.7738146761518688
14 26 0.0
14 27 0.0
15 16 0.0
15 17 0.0
15 18 0.0
15 19 0.0
15 20 0.0
15 21 0.13451556888472532
15 22 0.13451556888472532
15 23 0.0
15 24 0.7136961445760791
15 25 0.0
15 26 0.06565604627778454
15 27 0.04845576588072092
16 17 0.0
16 18 0.0
16 19 0.0
16 20 0.0
16 21 0.0
16 22 0.0
16 23 0.0
16 24 0.0
16 25 0.48031485188451867
16 26 0.0
16 27 0.0
17 18 0.22070700705979446
17 19 0.0
17 20 0.0
17 21 0.0
17 22 0.0
17 23 0.0
17 24 0.0
17 25 0.0
17 26 0.0
17 27 0.0
18 19 0.0
18 20 0.0
18 21 0.0
18 22 0.0
18 23 0.0
18 24 0.0
18 25 0.0
18 26 0.0
18 27 0.0
19 20 0.0
19 21 0.0
19 22 0.0
19 23 0.8714191780627265
19 24 0.0
19 25 0.0
19 26 0.0
19 27 0.0
20 21 0.0
20 22 0.0
20 23 0.0
20 24 0.0
20 25 0.2321710572692285
20 26 0.0
20 27 0.0
21 22 1.0
21 23 0.0
21 24 0.09600324289848648
21 25 0.0
21 26 0.13115661495366257
21 27 0.36022422001014354
22 23 0.0
22 24 0.09600324289848648
22 25 0.0
22 26 0.13115661495366257
22 27 0.36022422001014354
23 24 0.0
23 25 0.0
23 26 0.183997625391874
23 27 0.38477579559700686
24 25 0.0
24 26 0.04685846709656347
24 27 0.03458269329155164
25 26 0.0
25 27 0.0
26 27 0.6869357263796428
