0:0 75 
1:68. 
2:136. 
3:21 20 22 42 43 40 41 44 45 54 53 52 69 72 93. 92 95 94 102 103 100 96 104 114 141 129 128 131 130 132 152 153 145 146 149 151 
4:3 4. 115 
5:140 156. 159 
6:65. 66 175 
7:143. 
8:142. 
9:9. 
10:78. 
11:10. 
12:79. 
13:12. 
14:73. 
15:13 74. 124 155 
17:15. 
16:134. 
19:17 18. 111 117 
18:85. 
21:154. 
20:16 33 71 101 118 139 135. 177 
23:23 80 122. 138 
22:19. 
25:2. 14 25 27 26 29 28 31 30 32 47 63 67 84 87 88 98 99 97 112 126 158 144 160 164 
24:147. 
27:89 91. 90 
26:148. 179 
29:34. 
28:150. 
31:161. 
30:35. 
34:46. 
35:107. 
32:109. 157 
33:5 6. 38 39 36 37 48 64 81 83 82 110 106 113 137 171 172 166 
38:50 116. 123 174 163 176 
39:55. 
36:108. 105 
37:51. 
42:59 58. 60 120 
43:62. 
40:178. 
41:127. 
46:61. 
44:180. 
45:1 7 8 11 24 49 57 56 70 76 77 86 119 125 121 133 170 169 168 173 162 167. 165 
