0:137 
1:0 1 2 3 4 5 6 7 8 9 10 11 12 15 17 16 19 18 23 22 25 24 27 26 29 28 31 30 34 35 32 38 39 36 37 42 43 40 41 47 44 45 51 50 55 54 53 52 57 56 63 62 61 60 68 69 70 71 64 65. 66 67 76 77 78 79 72 73 74 75 85 84 87 86 81 82 93 92 95 94 89 88 91 90 102 103 100 101 99 96 110 111 108 109 106 107 104 105 119 118 117 115 114 113 112 127 120 136 139 138 141 140 143 142 129 128 131 130 132 152 153 155 156 157 159 144 145 146 147 148 151 171 175 173 172 163 166 165 164 177 
2:13. 
3:14. 
4:21. 59 58 116 
5:80. 135 
6:20. 
7:158. 
8:149. 150 
9:33. 180 
10:170 169. 168 
11:98. 
12:162. 
13:161. 
14:160. 
15:46. 97 
17:49. 
16:167. 
19:178. 
18:48. 83 
21:126. 125 124 133 134 
20:179. 
23:122. 
22:123 174. 176 
24:121 154. 181 
