0 1 0.08401585778467235
0 2 0.20423686472305616
0 3 0.0
0 4 0.09486691761579963
0 5 0.10939983783537978
0 6 0.06550986399091811
0 7 0.0
0 8 0.07871273629241447
0 9 0.0
0 10 0.0
0 11 0.0
0 12 0.0
0 13 0.0
0 14 0.0
0 15 0.0
0 16 0.0
0 17 0.0
0 18 0.06471641390229856
0 19 0.0
0 20 0.07417687368758576
0 21 0.0
0 22 0.10862042690939316
0 23 0.0
0 24 0.06739458827138306
0 25 0.0
0 26 0.0
1 2 0.09941012615362574
1 3 0.0
1 4 0.08406847477671985
1 5 0.35212808284555824
1 6 0.0
1 7 0.0
1 8 0.0
1 9 0.0
1 10 0.0
1 11 0.0
1 12 0.0
1 13 0.0
1 14 0.0
1 15 0.0
1 16 0.0
1 17 0.0
1 18 0.0
1 19 0.0
1 20 0.0
1 21 0.0
1 22 0.0
1 23 0.0
1 24 0.0
1 25 0.0
1 26 0.0
2 3 0.0
2 4 0.627257920938407
2 5 0.12944522578433273
2 6 0.0
2 7 0.0
2 8 0.0
2 9 0.0
2 10 0.0
2 11 0.0
2 12 0.0
2 13 0.0
2 14 0.0
2 15 0.0
2 16 0.0
2 17 0.0
2 18 0.0
2 19 0.0
2 20 0.0
2 21 0.0
2 22 0.0
2 23 0.0
2 24 0.0
2 25 0.0
2 26 0.0
3 4 0.0
3 5 0.0
3 6 0.0
3 7 0.0
3 8 0.0
3 9 0.0
3 10 0.0
3 11 0.0
3 12 0.0
3 13 0.0
3 14 0.0
3 15 0.0
3 16 0.0
3 17 0.0
3 18 0.0
3 19 0.0
3 20 0.0
3 21 0.0
3 22 0.0
3 23 0.0
3 24 0.0
3 25 0.0
3 26 0.0
4 5 0.10946835216766372
4 6 0.0
4 7 0.0
4 8 0.0
4 9 0.0
4 10 0.0
4 11 0.0
4 12 0.0
4 13 0.0
4 14 0.0
4 15 0.0
4 16 0.0
4 17 0.0
4 18 0.0
4 19 0.0
4 20 0.0
4 21 0.0
4 22 0.0
4 23 0.0
4 24 0.0
4 25 0.0
4 26 0.0
5 6 0.0
5 7 0.0
5 8 0.0
5 9 0.0
5 10 0.0
5 11 0.0
5 12 0.0
5 13 0.0
5 14 0.0
5 15 0.0
5 16 0.0
5 17 0.0
5 18 0.0
5 19 0.0
5 20 0.0
5 21 0.0
5 22 0.0
5 23 0.0
5 24 0.0
5 25 0.0
5 26 0.0
6 7 0.24255201962251133
6 8 0.07001371591984058
6 9 0.0
6 10 0.0
6 11 0.0
6 12 0.0
6 13 0.0
6 14 0.0
6 15 0.0
6 16 0.0
6 17 0.0
6 18 0.6815062940411407
6 19 0.7431428151277312
6 20 0.5944330400339086
6 21 0.0
6 22 0.09661612682951469
6 23 0.0
6 24 0.7097092270996106
6 25 0.0
6 26 0.0
7 8 0.20000423846453189
7 9 0.0
7 10 0.0
7 11 0.0
7 12 0.0
7 13 0.0
7 14 0.0
7 15 0.0
7 16 0.0
7 17 0.0
7 18 0.2396142494953895
7 19 0.277904114304291
7 20 0.30660321940526764
7 21 0.0
7 22 0.0
7 23 0.0
7 24 0.5280995339995911
7 25 0.0
7 26 0.0
8 9 0.0
8 10 0.0
8 11 0.0
8 12 0.0
8 13 0.0
8 14 0.0
8 15 0.0
8 16 0.0
8 17 0.0
8 18 0.15820162147288822
8 19 0.0
8 20 0.23322464409742183
8 21 0.0
8 22 0.11608816213967964
8 23 0.0
8 24 0.21189999095791187
8 25 0.0
8 26 0.0
9 10 0.20134423608420587
9 11 0.07774971368028218
9 12 0.0
9 13 0.20134423608420587
9 14 0.3653068486796435
9 15 0.0
9 16 0.0
9 17 0.0
9 18 0.0
9 19 0.0
9 20 0.0
9 21 0.0
9 22 0.0
9 23 0.0
9 24 0.0
9 25 0.0
9 26 0.0
10 11 0.09119831524653665
10 12 0.0
10 13 1.0000000000000002
10 14 0.064892793338228
10 15 0.0
10 16 0.0
10 17 0.0
10 18 0.0
10 19 0.0
10 20 0.0
10 21 0.0
10 22 0.0
10 23 0.0
10 24 0.0
10 25 0.0
10 26 0.0
11 12 0.17806470003465477
11 13 0.09119831524653665
11 14 0.08400418056912713
11 15 0.0
11 16 0.0
11 17 0.0
11 18 0.0
11 19 0.0
11 20 0.0
11 21 0.0
11 22 0.12265004619181612
11 23 0.0
11 24 0.0
11 25 0.08122874093392228
11 26 0.0
12 13 0.0
12 14 0.0
12 15 0.0
12 16 0.0
12 17 0.0
12 18 0.0
12 19 0.0
12 20 0.0
12 21 0.0
12 22 0.0
12 23 0.0
12 24 0.0
12 25 0.0
12 26 0.0
13 14 0.064892793338228
13 15 0.0
13 16 0.0
13 17 0.0
13 18 0.0
13 19 0.0
13 20 0.0
13 21 0.0
13 22 0.0
13 23 0.0
13 24 0.0
13 25 0.0
13 26 0.0
14 15 0.0
14 16 0.0
14 17 0.0
14 18 0.0
14 19 0.0
14 20 0.0
14 21 0.0
14 22 0.0
14 23 0.0
14 24 0.0
14 25 0.0
14 26 0.0
15 16 0.0
15 17 0.0
15 18 0.0
15 19 0.0
15 20 0.0
15 21 0.0
15 22 0.0
15 23 0.0
15 24 0.0
15 25 0.0
15 26 0.0
16 17 0.0
16 18 0.0
16 19 0.0
16 20 0.0
16 21 0.0
16 22 0.0
16 23 0.0
16 24 0.0
16 25 0.10711450256131957
16 26 0.0
17 18 0.0
17 19 0.0
17 20 0.0
17 21 0.0
17 22 0.0
17 23 0.0
17 24 0.0
17 25 0.04401420922779064
17 26 0.0
18 19 0.38310482256873374
18 20 0.587233315907498
18 21 0.0
18 22 0.09544592024191463
18 23 0.0
18 24 0.7011132872696277
18 25 0.0
18 26 0.0
19 20 0.22519889844807459
19 21 0.0
19 22 0.0
19 23 0.0
19 24 0.3989589383116922
19 25 0.0
19 26 0.0
20 21 0.0
20 22 0.10939852106867787
20 23 0.0
20 24 0.908566038456029
20 25 0.0
20 26 0.0
21 22 0.0
21 23 0.0
21 24 0.0
21 25 0.0
21 26 0.0
22 23 0.0
22 24 0.09939578090031709
22 25 0.09124359892367276
22 26 0.0
23 24 0.0
23 25 0.0
23 26 0.0
24 25 0.0
24 26 0.0
25 26 0.0
