0 1 0.07850023943191452
0 2 0.0
0 3 0.0
0 4 0.0
0 5 0.11997168374160168
0 6 0.0
0 7 0.3244813324535571
0 8 0.12583091489925077
0 9 0.0
0 10 0.0
0 11 0.0
0 12 0.11123253817488046
0 13 0.29704033396255985
0 14 0.0
0 15 0.14398495216605772
0 16 0.16215747104398384
0 17 0.0665714644350101
0 18 0.1183877886739061
0 19 0.18217482575167537
0 20 0.0
0 21 0.0
0 22 0.0
0 23 0.16124441005562043
0 24 0.13208820709277297
0 25 0.0
0 26 0.0
0 27 0.13169779065122722
0 28 0.0
0 29 0.0
0 30 0.0
0 31 0.0
0 32 0.0
0 33 0.0
0 34 0.0
0 35 0.12838598073742064
0 36 0.0
0 37 0.0
0 38 0.0
0 39 0.0
0 40 0.0
0 41 0.0
0 42 0.0
1 2 0.10350478534449371
1 3 0.1155080886631419
1 4 0.0
1 5 0.0
1 6 0.0
1 7 0.08152723321830015
1 8 0.0
1 9 0.0
1 10 0.17526980034033526
1 11 0.10521967686456556
1 12 0.08114288450919886
1 13 0.0
1 14 0.0
1 15 0.0
1 16 0.17388755992255203
1 17 0.08443503739810829
1 18 0.0
1 19 0.13289448473441262
1 20 0.0
1 21 0.0
1 22 0.0
1 23 0.11762598208742325
1 24 0.09635686022290607
1 25 0.0
1 26 0.13101615399390823
1 27 0.14122449811345045
1 28 0.30905251557882807
1 29 0.21716905583961263
1 30 0.0
1 31 0.11164663271011104
1 32 0.0
1 33 0.13446491983835004
1 34 0.0
1 35 0.0
1 36 0.1697893273810738
1 37 0.0
1 38 0.0
1 39 0.0
1 40 0.0
1 41 0.0
1 42 0.0
2 3 0.09329906966960472
2 4 0.0
2 5 0.0
2 6 0.0
2 7 0.0
2 8 0.0
2 9 0.0
2 10 0.1415702528038511
2 11 0.0849888356392908
2 12 0.14633621788199955
2 13 0.0
2 14 0.0
2 15 0.0
2 16 0.1745249706720152
2 17 0.0
2 18 0.0
2 19 0.10734254140505595
2 20 0.0
2 21 0.0
2 22 0.0
2 23 0.2847155317544171
2 24 0.07783009414430685
2 25 0.0
2 26 0.10582536184950157
2 27 0.0
2 28 0.10106548196281213
2 29 0.0
2 30 0.0
2 31 0.09018006517253788
2 32 0.0
2 33 0.10861102516121217
2 34 0.0
2 35 0.0
2 36 0.13714352360794432
2 37 0.0
2 38 0.0
2 39 0.0
2 40 0.0
2 41 0.0
2 42 0.0
3 4 0.0
3 5 0.0476160809004009
3 6 0.0
3 7 0.0
3 8 0.0
3 9 0.0
3 10 0.2533473282566342
3 11 0.09484487050262395
3 12 0.17907613238377088
3 13 0.0
3 14 0.0
3 15 0.0
3 16 0.0
3 17 0.0
3 18 0.0
3 19 0.19209505905825633
3 20 0.0
3 21 0.0
3 22 0.0
3 23 0.10602789678954683
3 24 0.08685593989843031
3 25 0.15936030548206803
3 26 0.11809777913781822
3 27 0.0
3 28 0.11278590272410728
3 29 0.0
3 30 0.061389696400758836
3 31 0.10063811957030025
3 32 0.0
3 33 0.29675378108126915
3 34 0.0
3 35 0.0
3 36 0.3747120434694143
3 37 0.0
3 38 0.0
3 39 0.0
3 40 0.0
3 41 0.0
3 42 0.15936030548206803
4 5 0.0
4 6 0.0
4 7 0.0
4 8 0.15151759665137973
4 9 0.0
4 10 0.0
4 11 0.0
4 12 0.0
4 13 0.0
4 14 0.0
4 15 0.0
4 16 0.0
4 17 0.17937824328457722
4 18 0.0
4 19 0.0
4 20 0.0
4 21 0.18363363166154806
4 22 0.0
4 23 0.0
4 24 0.0
4 25 0.0
4 26 0.0
4 27 0.0
4 28 0.0
4 29 0.0
4 30 0.0
4 31 0.0
4 32 0.18363363166154806
4 33 0.0
4 34 0.0
4 35 0.15459424467063249
4 36 0.0
4 37 0.0
4 38 0.0
4 39 0.18586865968760344
4 40 0.0
4 41 0.0
4 42 0.0
5 6 0.0
5 7 0.12459782939231683
5 8 0.10899931764700604
5 9 0.0
5 10 0.07225174521535978
5 11 0.1951405906314965
5 12 0.09635367247320803
5 13 0.14223761759195508
5 14 0.0
5 15 0.31952383923393596
5 16 0.14046670255326593
5 17 0.0
5 18 0.10255181084494007
5 19 0.21258976593438303
5 20 0.0
5 21 0.0
5 22 0.0
5 23 0.13967577589759156
5 24 0.11441961185656456
5 25 0.0
5 26 0.0
5 27 0.11408141892710255
5 28 0.0
5 29 0.0
5 30 0.04651365174067948
5 31 0.0
5 32 0.0
5 33 0.0
5 34 0.0
5 35 0.11121260865841354
5 36 0.0
5 37 0.0
5 38 0.0
5 39 0.0
5 40 0.0
5 41 0.0
5 42 0.0
6 7 0.0
6 8 0.0
6 9 0.0
6 10 0.0
6 11 0.0
6 12 0.0
6 13 0.0
6 14 0.0
6 15 0.0
6 16 0.0
6 17 0.0
6 18 0.0
6 19 0.0
6 20 0.0
6 21 0.0
6 22 0.0
6 23 0.0
6 24 0.0
6 25 0.0
6 26 0.0
6 27 0.0
6 28 0.0
6 29 0.0
6 30 0.0
6 31 0.0
6 32 0.0
6 33 0.0
6 34 0.0
6 35 0.0
6 36 0.0
6 37 0.0
6 38 0.0
6 39 0.0
6 40 0.0
6 41 0.0
6 42 0.0
7 8 0.13068299433609895
7 9 0.1404117192944432
7 10 0.0
7 11 0.0
7 12 0.11552169963904765
7 13 0.30849430215064966
7 14 0.0
7 15 0.14953705695826927
7 16 0.16841031384826435
7 17 0.06913848092634378
7 18 0.1229528588353884
7 19 0.18919954401466216
7 20 0.0
7 21 0.0
7 22 0.0
7 23 0.16746204494259564
7 24 0.13718156967380593
7 25 0.0
7 26 0.0
7 27 0.1367760986521568
7 28 0.24506456866967216
7 29 0.0
7 30 0.0
7 31 0.21866950362184756
7 32 0.0
7 33 0.0
7 34 0.0
7 35 0.1333365843121812
7 36 0.0
7 37 0.0
7 38 0.0
7 39 0.0
7 40 0.0
7 41 0.0
7 42 0.0
8 9 0.0
8 10 0.0
8 11 0.0
8 12 0.10105943655271281
8 13 0.14918428246147186
8 14 0.0
8 15 0.13081638139996293
8 16 0.14732687867603322
8 17 0.1610491553989094
8 18 0.10756028239952949
8 19 0.16551348685047423
8 20 0.0
8 21 0.1648697229964984
8 22 0.0
8 23 0.1464973243879058
8 24 0.12000768842536598
8 25 0.0
8 26 0.0
8 27 0.1196529786772031
8 28 0.0
8 29 0.0
8 30 0.0
8 31 0.0
8 32 0.1648697229964984
8 33 0.0
8 34 0.0
8 35 0.7423389260958351
8 36 0.0
8 37 0.0
8 38 0.0
8 39 0.1668763731303057
8 40 0.0
8 41 0.0
8 42 0.0
9 10 0.0
9 11 0.0
9 12 0.0
9 13 0.0
9 14 0.0
9 15 0.0
9 16 0.0
9 17 0.0
9 18 0.0
9 19 0.0
9 20 0.0
9 21 0.0
9 22 0.0
9 23 0.0
9 24 0.0
9 25 0.0
9 26 0.0
9 27 0.0
9 28 0.0
9 29 0.0
9 30 0.0
9 31 0.0
9 32 0.0
9 33 0.0
9 34 0.0
9 35 0.0
9 36 0.0
9 37 0.0
9 38 0.0
9 39 0.0
9 40 0.0
9 41 0.0
9 42 0.0
10 11 0.14391582190212723
10 12 0.11098442100978752
10 13 0.0
10 14 0.0
10 15 0.0
10 16 0.0
10 17 0.0
10 18 0.0
10 19 0.29148142815948913
10 20 0.0
10 21 0.0
10 22 0.0
10 23 0.16088473557037958
10 24 0.13179356892282904
10 25 0.0
10 26 0.17919934793906217
10 27 0.0
10 28 0.4056294257993886
10 29 0.0
10 30 0.09315157021162095
10 31 0.15270638903179926
10 32 0.0
10 33 0.435913695912875
10 34 0.0
10 35 0.0
10 36 0.23223194870393682
10 37 0.0
10 38 0.0
10 39 0.0
10 40 0.0
10 41 0.0
10 42 0.0
11 12 0.06662725063288222
11 13 0.0
11 14 0.0
11 15 0.2341995021779392
11 16 0.0
11 17 0.0
11 18 0.0
11 19 0.10912101776618084
11 20 0.15989167103341745
11 21 0.0
11 22 0.0
11 23 0.09658389440899406
11 24 0.07911960136863698
11 25 0.0
11 26 0.10757870122449016
11 27 0.0
11 28 0.1027399585332736
11 29 0.0
11 30 0.0
11 31 0.09167418960870952
11 32 0.0
11 33 0.11041051805823482
11 34 0.0
11 35 0.0
11 36 0.13941574962034817
11 37 0.0
11 38 0.0
11 39 0.0
11 40 0.0
11 41 0.0
11 42 0.0
12 13 0.13187654565870618
12 14 0.0
12 15 0.11563961169337202
12 16 0.13023463009578282
12 17 0.0
12 18 0.0950815880794158
12 19 0.23046280881127232
12 20 0.0
12 21 0.0
12 22 0.0
12 23 0.2039844939782691
12 24 0.16710003202605248
12 25 0.11194847921683516
12 26 0.082962107366518
12 27 0.1057713402871348
12 28 0.07923058536357085
12 29 0.0
12 30 0.0
12 31 0.0706969304749787
12 32 0.0
12 33 0.20846555479044254
12 34 0.0
12 35 0.10311150391761496
12 36 0.26323018949881344
12 37 0.0
12 38 0.0
12 39 0.0
12 40 0.0
12 41 0.0
12 42 0.11194847921683516
13 14 0.0
13 15 0.21090107108943656
13 16 0.19225280196709169
13 17 0.0
13 18 0.1734077836581212
13 19 0.21598524245069425
13 20 0.0
13 21 0.0
13 22 0.0
13 23 0.19117028302886716
13 24 0.15660288580541
13 25 0.0
13 26 0.0
13 27 0.1561400107103684
13 28 0.047880413785311576
13 29 0.0
13 30 0.0
13 31 0.0
13 32 0.0
13 33 0.0
13 34 0.0
13 35 0.15221355125455333
13 36 0.0
13 37 0.0
13 38 0.0
13 39 0.0
13 40 0.0
13 41 0.0
13 42 0.0
14 15 0.0
14 16 0.0
14 17 0.0
14 18 0.0
14 19 0.0
14 20 0.0
14 21 0.0
14 22 0.2337819397356138
14 23 0.0
14 24 0.0
14 25 0.0
14 26 0.0
14 27 0.0
14 28 0.0
14 29 0.0
14 30 0.0
14 31 0.0
14 32 0.0
14 33 0.0
14 34 0.0
14 35 0.0
14 36 0.0
14 37 0.0
14 38 0.0
14 39 0.23804250871483343
14 40 0.0
14 41 0.0
14 42 0.0
15 16 0.16858220887869851
15 17 0.0
15 18 0.15205743118817852
15 19 0.1893926584423559
15 20 0.0
15 21 0.0
15 22 0.0
15 23 0.16763297208271077
15 24 0.13732158978038522
15 25 0.0
15 26 0.0
15 27 0.1369157048977794
15 28 0.04198527061954384
15 29 0.0
15 30 0.0
15 31 0.0
15 32 0.0
15 33 0.0
15 34 0.0
15 35 0.13347267987363823
15 36 0.0
15 37 0.0
15 38 0.0
15 39 0.0
15 40 0.0
15 41 0.0
15 42 0.0
16 17 0.0
16 18 0.13861222731035133
16 19 0.2132961400847637
16 20 0.0
16 21 0.0
16 22 0.0
16 23 0.18879013679963627
16 24 0.15465311745108823
16 25 0.0
16 26 0.0
16 27 0.38335364144081807
16 28 0.16978954154069945
16 29 0.0
16 30 0.0
16 31 0.0
16 32 0.0
16 33 0.0
16 34 0.0
16 35 0.15031843186509433
16 36 0.0
16 37 0.0
16 38 0.0
16 39 0.0
16 40 0.0
16 41 0.0
16 42 0.0
17 18 0.0
17 19 0.0
17 20 0.0
17 21 0.19518552257644617
17 22 0.0
17 23 0.0
17 24 0.0
17 25 0.0
17 26 0.0
17 27 0.0
17 28 0.0
17 29 0.0
17 30 0.0
17 31 0.0
17 32 0.19518552257644617
17 33 0.0
17 34 0.0
17 35 0.16431934695362657
17 36 0.0
17 37 0.0
17 38 0.0
17 39 0.19756115011967673
17 40 0.0
17 41 0.0
17 42 0.0
18 19 0.15572306471445635
18 20 0.0
18 21 0.0
18 22 0.0
18 23 0.13783174265890463
18 24 0.11290901657928569
18 25 0.0
18 26 0.0
18 27 0.11257528855434283
18 28 0.03452126955454894
18 29 0.0
18 30 0.0
18 31 0.0
18 32 0.0
18 33 0.0
18 34 0.0
18 35 0.10974435300986386
18 36 0.0
18 37 0.0
18 38 0.0
18 39 0.0
18 40 0.0
18 41 0.0
18 42 0.0
19 20 0.0
19 21 0.0
19 22 0.0
19 23 0.33408245695257216
19 24 0.439983331656382
19 25 0.0
19 26 0.1358739780775792
19 27 0.17323056546669194
19 28 0.12976255257358976
19 29 0.0
19 30 0.0706301365177395
19 31 0.11578627263012552
19 32 0.0
19 33 0.13945061744957737
19 34 0.0
19 35 0.1688743291072966
19 36 0.1760847852964422
19 37 0.0
19 38 0.0
19 39 0.0
19 40 0.0
19 41 0.0
19 42 0.0
20 21 0.0
20 22 0.0
20 23 0.1696117793012569
20 24 0.0
20 25 0.0
20 26 0.0
20 27 0.0
20 28 0.0
20 29 0.0
20 30 0.0
20 31 0.0
20 32 0.0
20 33 0.0
20 34 0.0
20 35 0.0
20 36 0.0
20 37 0.0
20 38 0.0
20 39 0.0
20 40 0.0
20 41 0.0
20 42 0.0
21 22 0.0
21 23 0.0
21 24 0.0
21 25 0.0
21 26 0.0
21 27 0.0
21 28 0.0
21 29 0.0
21 30 0.0
21 31 0.0
21 32 0.9999999999999999
21 33 0.0
21 34 0.0
21 35 0.16821749327468613
21 36 0.0
21 37 0.0
21 38 0.0
21 39 0.20224789142434274
21 40 0.0
21 41 0.0
21 42 0.0
22 23 0.0
22 24 0.0
22 25 0.0
22 26 0.0
22 27 0.0
22 28 0.0
22 29 0.0
22 30 0.0
22 31 0.0
22 32 0.0
22 33 0.0
22 34 0.07433051150089268
22 35 0.0
22 36 0.0
22 37 0.0
22 38 0.0
22 39 0.372127476533418
22 40 0.0
22 41 0.0
22 42 0.0
23 24 0.24223079439178738
23 25 0.0
23 26 0.12026315571666232
23 27 0.15332777301707612
23 28 0.11485388362912977
23 29 0.0
23 30 0.0
23 31 0.10248336533738729
23 32 0.0
23 33 0.1234288681203381
23 34 0.0
23 35 0.14947203302152362
23 36 0.15585406604751095
23 37 0.0
23 38 0.0
23 39 0.0
23 40 0.0
23 41 0.0
23 42 0.0
24 25 0.0
24 26 0.0985171803007207
24 27 0.1256030558105372
24 28 0.09408601241420175
24 29 0.0
24 30 0.0
24 31 0.08395233037585403
24 32 0.0
24 33 0.1011104688086984
24 34 0.0
24 35 0.12244451045164541
24 36 0.12767254471167802
24 37 0.0
24 38 0.0
24 39 0.0
24 40 0.0
24 41 0.0
24 42 0.0
25 26 0.0
25 27 0.0
25 28 0.0
25 29 0.0
25 30 0.0
25 31 0.0
25 32 0.0
25 33 0.18551402719988858
25 34 0.0
25 35 0.0
25 36 0.23424921485759775
25 37 0.0
25 38 0.0
25 39 0.0
25 40 0.0
25 41 0.0
25 42 1.0000000000000002
26 27 0.0
26 28 0.12792848856444453
26 29 0.23008458366299778
26 30 0.0
26 31 0.11414974937151001
26 32 0.0
26 33 0.1374796223246756
26 34 0.09267189513976123
26 35 0.0
26 36 0.1735960028174822
26 37 0.0
26 38 0.0
26 39 0.0
26 40 0.0
26 41 0.0
26 42 0.0
27 28 0.1378962520359588
27 29 0.0
27 30 0.0
27 31 0.0
27 32 0.0
27 33 0.0
27 34 0.0
27 35 0.12208259812722595
27 36 0.0
27 37 0.0
27 38 0.0
27 39 0.0
27 40 0.0
27 41 0.0
27 42 0.0
28 29 0.0
28 30 0.0
28 31 0.36977096839969414
28 32 0.0
28 33 0.31119410256804314
28 34 0.0
28 35 0.0
28 36 0.16578789228726992
28 37 0.0
28 38 0.0
28 39 0.0
28 40 0.0
28 41 0.0
28 42 0.0
29 30 0.0
29 31 0.0
29 32 0.0
29 33 0.0
29 34 0.0
29 35 0.0
29 36 0.0
29 37 0.0
29 38 0.0
29 39 0.0
29 40 0.0
29 41 0.0
29 42 0.0
30 31 0.0
30 32 0.0
30 33 0.0
30 34 0.0
30 35 0.0
30 36 0.0
30 37 0.0
30 38 0.0
30 39 0.0
30 40 0.0
30 41 0.0
30 42 0.0
31 32 0.0
31 33 0.11715453729103908
31 34 0.0
31 35 0.0
31 36 0.1479314464337581
31 37 0.0
31 38 0.0
31 39 0.0
31 40 0.0
31 41 0.0
31 42 0.0
32 33 0.0
32 34 0.0
32 35 0.16821749327468613
32 36 0.0
32 37 0.0
32 38 0.0
32 39 0.20224789142434274
32 40 0.0
32 41 0.0
32 42 0.0
33 34 0.0
33 35 0.0
33 36 0.4362086280772901
33 37 0.0
33 38 0.0
33 39 0.0
33 40 0.0
33 41 0.0
33 42 0.18551402719988858
34 35 0.0
34 36 0.0
34 37 0.0
34 38 0.0
34 39 0.0
34 40 0.0
34 41 0.0
34 42 0.0
35 36 0.0
35 37 0.0
35 38 0.0
35 39 0.1702648895415892
35 40 0.0
35 41 0.0
35 42 0.0
36 37 0.0
36 38 0.0
36 39 0.0
36 40 0.0
36 41 0.0
36 42 0.23424921485759775
37 38 0.0
37 39 0.0
37 40 0.0
37 41 0.0
37 42 0.0
38 39 0.0
38 40 0.0
38 41 0.0
38 42 0.0
39 40 0.0
39 41 0.0
39 42 0.0
40 41 0.0
40 42 0.0
41 42 0.0
