43
0	0	0	0	0	0	0	0	0	0	0	0	0	0	0	0	0	0	0	0	0	0	0	0	0	0	0	0	0	0	0	0	0	0	0	0	0	0	0	0	0	0	
0	0	0	0	0	0	0	0	0	0	0	0	0	0	0	0	0	0	0	0	0	0	0	0	0	0	0	0	0	0	0	0	0	0	0	0	0	0	0	0	0	
0	0	0	0	0	0	0	0	0	0	0	0	0	0	0	0	0	0	0	0	0	0	0	0	0	0	0	0	0	0	0	0	0	0	0	0	0	0	0	0	
0	0	0	0	0	0	0	0	0	0	0	0	0	0	0	0	0	0	0	0	0	0	0	0	0	0	0	0	0	0	0	0	0	0	0	0	0	0	0	
0	0	0	0	0	0	0	0	0	0	0	0	0	0	0	0	0	0	0	0	0	0	0	0	0	0	0	0	0	0	0	0	0	0	0	0	0	0	
0	0	0	0	0	0	0	0	0	0	0	0	0	0	0	0	0	0	0	0	0	0	0	0	0	0	0	0	0	0	0	0	0	0	0	0	0	
0	0	0	0	0	0	0	0	0	0	0	0	0	0	0	0	0	0	0	0	0	0	0	0	0	0	0	0	0	0	0	0	0	0	0	0	
0	0	1.0	0	0	0	0	0	1.0	0	0	0	0	0	0	0	0	0	0	0	0	0	0	0	0	0	0	1.0	0	0	0	0	0	0	0	
0	0	0	0	0	0	0	0	0	0	0	0	0	0	0	0	0	0	0	0	0	0	0	0	0	0	0	0	0	0	0	0	0	0	
0	0	0	0	0	0	0	0	0	0	0	1.0	0	1.0	0	0	0	0	1.0	1.0	1.0	0	1.0	0	0	0	0	0	1.0	0	0	1.0	1.0	
0	0	0	0	0	1.0	0	0	0	0	0	0	0	0	0	0	0	0	0	0	0	0	0	0	1.0	0	0	0	0	0	1.0	0	
0	0	0	0	0	0	0	0	0	0	0	0	0	0	0	0	0	0	0	0	0	0	0	0	0	0	0	0	0	0	0	
0	0	0	0	0	0	0	0	0	0	0	0	0	0	0	0	0	0	0	0	0	0	0	0	0	0	0	0	0	0	
0	0	0	0	0	0	0	0	0	0	0	0	0	0	0	0	0	0	0	0	0	0	0	0	0	0	0	0	0	
0	0	0	0	0	0	0	0	0	0	0	0	0	0	0	0	0	0	0	0	0	0	0	0	0	0	0	0	
0	0	0	0	0	0	0	0	0	0	0	0	0	0	0	0	0	0	0	0	0	0	0	0	0	0	0	
0	0	0	0	0	0	0	0	0	0	0	0	0	0	0	0	0	0	1.0	0	0	0	0	0	0	0	
0	0	0	0	0	0	0	0	0	0	0	0	0	0	0	0	0	0	0	0	0	0	0	0	0	
0	0	0	0	0	0	0	0	0	0	0	0	0	0	0	0	0	0	0	0	0	0	0	0	
0	0	0	0	0	0	0	0	0	0	0	0	0	0	0	0	0	0	0	0	0	0	0	
0	0	0	0	0	0	0	0	0	0	0	0	0	0	0	0	0	0	0	0	0	0	
0	1.0	0	0	0	0	1.0	1.0	1.0	0	1.0	0	0	0	0	0	1.0	0	0	1.0	1.0	
0	0	0	0	0	0	0	0	0	0	0	0	0	0	0	0	0	0	0	0	
0	0	0	0	1.0	1.0	1.0	0	1.0	0	0	0	0	0	1.0	0	0	1.0	1.0	
0	0	0	0	0	0	0	0	0	0	0	0	0	0	0	0	0	0	
0	0	0	0	0	0	0	0	0	0	0	0	0	0	0	0	0	
0	0	0	0	0	0	0	0	0	0	0	0	0	0	0	0	
0	0	0	0	0	0	0	0	0	0	0	0	0	0	0	
1.0	0	0	1.0	0	0	0	0	0	1.0	0	0	0	1.0	
0	0	1.0	0	0	0	0	0	1.0	0	0	0	1.0	
0	0	0	0	0	0	0	1.0	0	0	0	1.0	
0	0	0	0	0	0	0	0	0	0	0	
0	0	0	0	0	1.0	0	0	1.0	1.0	
0	0	0	0	0	0	0	0	0	
0	0	0	0	0	0	0	0	
0	0	0	0	0	0	0	
0	0	0	0	0	0	
0	0	0	0	0	
0	0	1.0	1.0	
0	0	0	
0	0	
1.0	

4.0	2.0	5.0	1.0	5.0	0	3.0	5.0	2.0	0	2.0	0	5.0	1.0	5.0	5.0	1.0	3.0	3.0	2.0	1.0	0	2.0	2.0	1.0	0	2.0	2.0	1.0	2.0	2.0	1.0	2.0	0	4.0	2.0	0	0	1.0	1.0	0	1.0	
2.0	4.0	1.0	4.0	0	2.0	4.0	2.0	0	1.0	0	4.0	1.0	4.0	4.0	1.0	1.0	2.0	1.0	1.0	0	1.0	1.0	1.0	0	2.0	2.0	1.0	2.0	1.0	1.0	2.0	0	3.0	1.0	0	0	1.0	1.0	0	1.0	
2.0	1.0	2.0	0	1.0	2.0	1.0	0	1.0	0	2.0	1.0	2.0	2.0	1.0	1.0	1.0	1.0	1.0	0	1.0	1.0	1.0	0	1.0	1.0	1.0	2.0	1.0	1.0	1.0	0	2.0	1.0	0	0	1.0	1.0	0	1.0	
1.0	5.0	0	3.0	6.0	2.0	0	1.0	0	6.0	1.0	6.0	6.0	1.0	2.0	3.0	1.0	1.0	0	1.0	1.0	1.0	0	2.0	2.0	1.0	2.0	1.0	1.0	2.0	0	4.0	1.0	0	0	1.0	1.0	0	1.0	
1.0	0	1.0	1.0	1.0	0	1.0	0	1.0	1.0	1.0	1.0	2.0	1.0	1.0	1.0	2.0	0	1.0	1.0	1.0	0	1.0	1.0	1.0	1.0	1.0	2.0	1.0	0	1.0	1.0	0	0	1.0	1.0	0	1.0	
0	3.0	6.0	2.0	0	1.0	0	6.0	1.0	5.0	5.0	1.0	2.0	3.0	1.0	1.0	0	1.0	1.0	1.0	0	2.0	2.0	1.0	2.0	1.0	1.0	2.0	0	5.0	1.0	0	0	1.0	1.0	0	1.0	
0	0	0	0	0	2.0	0	0	0	0	0	0	0	0	0	1.0	0	0	0	0	0	0	0	0	0	0	0	0	0	0	0	0	0	0	0	0	
3.0	2.0	0	1.0	0	3.0	1.0	3.0	3.0	1.0	2.0	2.0	1.0	1.0	0	1.0	1.0	1.0	0	2.0	2.0	1.0	1.0	1.0	1.0	2.0	0	3.0	1.0	0	0	1.0	1.0	0	1.0	
2.0	0	1.0	0	7.0	1.0	6.0	6.0	1.0	2.0	3.0	1.0	1.0	0	1.0	1.0	1.0	0	2.0	2.0	1.0	2.0	1.0	1.0	2.0	0	5.0	1.0	0	0	1.0	1.0	0	1.0	
0	1.0	0	2.0	1.0	2.0	2.0	1.0	2.0	1.0	1.0	1.0	0	2.0	1.0	2.0	0	2.0	3.0	2.0	1.0	1.0	1.0	2.0	0	2.0	1.0	0	0	1.0	1.0	0	2.0	
0	0	0	0	0	0	0	0	0	0	0	0	0	0	0	0	0	0	0	0	0	0	0	0	0	0	0	0	0	0	0	0	
0	1.0	1.0	1.0	1.0	1.0	2.0	1.0	2.0	1.0	0	2.0	2.0	1.0	0	1.0	1.0	1.0	1.0	2.0	1.0	1.0	0	1.0	2.0	0	0	1.0	1.0	0	1.0	
0	0	0	0	0	0	0	0	0	1.0	0	0	0	0	0	0	0	0	0	0	0	0	0	0	0	0	0	0	0	0	
1.0	6.0	6.0	1.0	2.0	3.0	1.0	1.0	0	1.0	1.0	1.0	0	2.0	2.0	1.0	2.0	1.0	1.0	2.0	0	5.0	1.0	0	0	1.0	1.0	0	1.0	
1.0	1.0	1.0	1.0	1.0	1.0	1.0	0	1.0	1.0	1.0	0	1.0	1.0	1.0	1.0	1.0	1.0	1.0	0	1.0	1.0	0	0	2.0	2.0	0	1.0	
6.0	1.0	2.0	3.0	1.0	1.0	0	1.0	1.0	1.0	0	2.0	2.0	1.0	2.0	1.0	1.0	2.0	0	4.0	1.0	0	0	1.0	1.0	0	1.0	
1.0	2.0	3.0	1.0	1.0	0	1.0	1.0	1.0	0	2.0	2.0	1.0	2.0	1.0	1.0	2.0	0	4.0	1.0	0	0	1.0	1.0	0	1.0	
1.0	1.0	1.0	3.0	0	1.0	1.0	1.0	0	1.0	1.0	1.0	1.0	1.0	3.0	1.0	0	1.0	1.0	0	0	1.0	1.0	0	1.0	
2.0	2.0	1.0	0	3.0	2.0	2.0	0	1.0	2.0	2.0	1.0	2.0	1.0	1.0	0	2.0	2.0	0	0	1.0	1.0	0	2.0	
1.0	1.0	0	1.0	1.0	1.0	0	1.0	1.0	1.0	1.0	1.0	1.0	1.0	0	2.0	1.0	0	0	1.0	1.0	0	1.0	
1.0	0	2.0	2.0	1.0	0	1.0	1.0	1.0	1.0	3.0	1.0	1.0	0	1.0	2.0	0	0	1.0	1.0	0	1.0	
0	1.0	1.0	1.0	0	1.0	1.0	1.0	1.0	1.0	4.0	1.0	0	1.0	1.0	0	0	1.0	1.0	0	1.0	
0	0	0	0	0	0	0	0	0	0	0	0	0	0	0	0	0	0	0	0	
2.0	2.0	0	1.0	2.0	2.0	1.0	2.0	1.0	1.0	0	1.0	2.0	0	0	1.0	1.0	0	2.0	
1.0	0	1.0	1.0	1.0	1.0	2.0	1.0	1.0	0	1.0	2.0	0	0	1.0	1.0	0	1.0	
0	1.0	2.0	2.0	1.0	1.0	1.0	1.0	0	1.0	1.0	0	0	1.0	1.0	0	3.0	
0	0	0	0	0	0	0	0	0	0	0	0	0	0	0	0	
2.0	1.0	1.0	1.0	1.0	2.0	0	2.0	1.0	0	0	1.0	1.0	0	1.0	
2.0	1.0	1.0	1.0	2.0	0	2.0	1.0	0	0	1.0	1.0	0	2.0	
1.0	1.0	1.0	1.0	0	1.0	1.0	0	0	1.0	1.0	0	2.0	
1.0	1.0	1.0	0	2.0	1.0	0	0	1.0	1.0	0	1.0	
1.0	1.0	0	1.0	2.0	0	0	1.0	1.0	0	1.0	
1.0	0	1.0	1.0	0	0	1.0	1.0	0	1.0	
0	2.0	1.0	0	0	1.0	1.0	0	1.0	
0	0	0	0	0	0	0	0	
1.0	0	0	1.0	1.0	0	1.0	
0	0	1.0	1.0	0	1.0	
0	0	0	0	0	
0	0	0	0	
2.0	0	1.0	
0	1.0	
0	

0	0	0	0	0	0	0	0	0	0	0	0	0	1.0	1.0	0	0	0	0	0	0	0	0	0	0	0	0	0	0	0	0	0	0	0	0	0	0	0	0	0	0	0	
0	0	0	0	0	0	0	0	0	0	0	0	1.0	1.0	0	0	0	0	0	0	0	0	0	0	0	0	0	0	0	0	0	0	0	0	0	0	0	0	0	0	0	
0	0	0	0	0	0	0	0	0	0	0	1.0	0	0	0	0	0	0	0	0	0	0	0	0	0	0	0	0	0	0	0	0	0	0	0	0	0	0	0	0	
0	0	0	0	0	0	0	0	0	0	1.0	1.0	0	0	0	0	0	0	0	0	0	0	0	0	0	0	0	0	0	0	0	0	0	0	0	0	0	0	0	
0	0	0	0	0	0	0	0	0	1.0	0	0	0	0	0	0	0	0	0	0	0	0	0	0	0	0	0	0	0	0	0	0	0	0	0	0	0	0	
0	0	0	0	0	0	0	0	1.0	1.0	0	0	0	0	0	0	0	0	0	0	0	0	0	0	0	0	0	0	0	0	0	0	0	0	0	0	0	
0	0	0	0	0	0	0	0	0	0	0	0	0	0	0	0	0	0	0	0	0	0	0	0	0	0	0	0	0	0	0	0	0	0	0	0	
0	0	0	0	0	0	1.0	1.0	0	0	0	0	0	0	0	0	0	0	0	0	0	0	0	0	0	0	0	0	0	0	0	0	0	0	0	
0	0	0	0	0	1.0	1.0	0	0	0	0	0	0	0	0	0	0	0	0	0	0	0	0	0	0	0	0	0	0	0	0	0	0	0	
0	0	0	0	1.0	0	0	0	0	0	0	0	0	0	0	0	0	0	0	0	0	0	0	0	0	0	0	0	0	0	0	0	0	
0	0	0	0	0	0	0	0	0	0	0	0	0	0	0	0	0	0	0	0	0	0	0	0	0	0	0	0	0	0	0	0	
0	0	1.0	0	0	0	0	0	0	0	0	0	0	0	0	0	0	0	0	0	0	0	0	0	0	0	0	0	0	0	0	
0	0	0	0	0	0	0	0	0	0	0	0	0	0	0	0	0	0	0	0	0	0	0	0	0	0	0	0	0	0	
1.0	1.0	0	0	0	0	0	0	0	0	0	0	0	0	0	0	0	0	0	0	0	0	0	0	0	0	0	0	0	
0	0	0	0	0	0	0	0	0	0	0	0	0	0	0	0	0	0	0	0	0	0	0	0	0	0	0	0	
0	0	0	0	0	0	0	0	0	0	0	0	0	0	0	0	0	0	0	0	0	0	0	0	0	0	0	
0	0	0	0	0	0	0	0	0	0	0	0	0	0	0	0	0	0	0	0	0	0	0	0	0	0	
0	0	0	0	0	0	0	0	0	0	0	0	0	0	0	0	0	0	0	0	0	0	0	0	0	
0	0	0	0	0	0	0	0	0	0	0	0	0	0	0	0	0	0	0	0	0	0	0	0	
0	0	0	0	0	0	0	0	0	0	0	0	0	0	0	0	0	0	0	0	0	0	0	
0	0	0	0	0	0	0	0	0	0	0	0	0	0	0	0	0	0	0	0	0	0	
0	0	0	0	0	0	0	0	0	0	0	0	0	0	0	0	0	0	0	0	0	
0	0	0	0	0	0	0	0	0	0	0	0	0	0	0	0	0	0	0	0	
0	0	0	0	0	0	0	0	0	0	0	0	0	0	0	0	0	0	0	
0	0	0	0	0	0	0	0	0	0	0	0	0	0	0	0	0	0	
0	0	0	0	0	0	0	0	0	0	0	0	0	0	0	0	0	
0	0	0	0	0	0	0	0	0	0	0	0	0	0	0	0	
0	0	0	0	0	0	0	0	0	0	0	0	0	0	0	
0	0	0	0	0	0	0	0	0	0	0	0	0	0	
0	0	0	0	0	0	0	0	0	0	0	0	0	
0	0	0	0	0	0	0	0	0	0	0	0	
0	0	0	0	0	0	0	0	0	0	0	
0	0	0	0	0	0	0	0	0	0	
0	0	0	0	0	0	0	0	0	
0	0	0	0	0	0	0	0	
0	0	0	0	0	0	0	
0	0	0	0	0	0	
0	0	0	0	0	
0	0	0	0	
0	0	0	
0	0	
0	

0	0	0	0	0	0	0	0	0	0	0	0	0	0	0	0	0	0	0	0	0	0	0	0	0	0	0	0	0	0	0	0	0	0	0	0	0	0	0	0	0	0	
1.0	1.0	1.0	0	0	0	0	0	0	0	0	0	0	0	0	0	0	0	0	0	0	0	0	0	0	0	0	0	0	0	0	0	0	0	0	0	0	0	0	0	0	
1.0	1.0	0	0	0	0	0	0	0	0	0	0	0	0	0	0	0	0	0	0	0	0	0	0	0	0	0	0	0	0	0	0	0	0	0	0	0	0	0	0	
1.0	0	0	0	0	0	0	0	0	0	0	0	0	0	0	0	0	0	0	0	0	0	0	0	0	0	0	0	0	0	0	0	0	0	0	0	0	0	0	
0	0	0	0	0	0	0	0	0	0	0	0	0	0	0	0	0	0	0	0	0	0	0	0	0	0	0	0	0	0	0	0	0	0	0	0	0	0	
0	0	0	0	0	0	0	0	0	0	0	0	0	0	0	0	0	0	0	0	0	0	0	0	0	0	0	0	0	0	0	0	0	0	0	0	0	
0	0	0	0	0	0	0	0	0	0	0	0	0	0	0	0	0	0	0	0	0	0	0	0	0	0	0	0	0	0	0	0	0	0	0	0	
1.0	1.0	0	0	0	0	0	0	0	0	0	0	0	0	0	0	0	0	0	0	0	0	0	0	0	0	0	0	0	0	0	0	0	0	0	
1.0	0	0	0	0	0	0	0	0	0	0	0	0	0	0	0	0	0	0	0	0	0	0	0	0	0	0	0	0	0	0	0	0	0	
0	0	0	0	0	0	0	0	0	0	0	0	0	0	0	0	0	0	0	0	0	0	0	0	0	0	0	0	0	0	0	0	0	
1.0	0	0	0	0	0	0	0	0	0	0	0	0	0	0	0	0	0	0	0	0	0	0	0	0	0	0	0	0	0	0	0	
0	0	0	0	0	0	0	0	0	0	0	0	0	0	0	0	0	0	0	0	0	0	0	0	0	0	0	0	0	0	0	
0	0	0	0	0	0	0	0	0	0	0	0	0	0	0	0	0	0	0	0	0	0	0	0	0	0	0	0	0	0	
0	1.0	0	0	0	0	0	0	0	0	0	0	0	0	0	0	0	0	0	0	0	0	0	0	0	0	0	0	0	
0	0	0	0	0	0	0	0	0	0	0	0	0	0	0	0	0	0	0	0	0	0	0	0	0	0	0	0	
0	0	0	0	0	0	0	0	0	0	0	0	0	0	0	0	0	0	0	0	0	0	0	0	0	0	0	
1.0	0	0	0	0	0	0	0	0	0	0	0	0	0	0	0	0	0	0	0	0	0	0	0	0	0	
0	0	0	0	0	0	0	0	0	0	0	0	0	0	0	0	0	0	0	0	0	0	0	0	0	
0	0	0	0	0	0	0	0	0	0	0	0	0	0	0	0	0	0	0	0	0	0	0	0	
0	0	0	0	0	0	0	0	0	0	0	0	0	0	0	0	0	0	0	0	0	0	0	
0	0	0	0	0	0	0	0	0	0	0	0	0	0	0	0	0	0	0	0	0	0	
0	0	0	0	0	0	0	0	0	0	0	0	0	0	0	0	0	0	0	0	0	
0	0	0	0	0	0	0	0	0	0	0	0	0	0	0	0	0	0	0	0	
0	0	0	0	0	0	0	0	0	0	0	0	0	0	0	0	0	0	0	
0	0	0	0	0	0	0	0	0	0	0	0	0	0	0	0	0	0	
0	0	0	0	0	0	0	0	0	0	0	0	0	0	0	0	0	
1.0	1.0	1.0	1.0	0	0	0	0	0	0	0	0	0	0	0	0	
1.0	1.0	1.0	0	0	0	0	0	0	0	0	0	0	0	0	
1.0	1.0	0	0	0	0	0	0	0	0	0	0	0	0	
1.0	0	0	0	0	0	0	0	0	0	0	0	0	
0	0	0	0	0	0	0	0	0	0	0	0	
0	0	0	0	0	0	0	0	0	0	0	
0	0	0	0	0	0	0	0	0	0	
0	0	0	0	0	0	0	0	0	
0	0	0	0	0	0	0	0	
0	0	0	0	0	0	0	
0	0	0	0	0	0	
0	0	0	0	0	
0	0	0	0	
0	0	0	
0	0	
0	

0	0	0	0	0	0	0	0	0	0	0	0	0	0	0	0	0	0	0	0	0	0	0	0	0	0	0	0	0	0	0	0	0	0	0	0	0	0	0	0	0	0	
0	0	0	0	0	0	0	0	0	0	0	0	0	0	0	0	0	0	0	0	0	0	0	0	0	0	0	0	0	0	0	0	0	0	0	0	0	0	0	0	0	
0	0	0	0	0	0	0	0	0	0	0	0	0	0	0	0	0	0	0	0	0	0	0	0	0	0	0	0	0	0	0	0	0	0	0	0	0	0	0	0	
0	0	0	0	0	0	0	0	0	0	0	0	0	0	0	0	0	0	0	0	0	0	0	0	0	0	0	0	0	0	0	0	0	0	0	0	0	0	0	
0	0	0	0	0	0	0	0	0	0	0	0	0	0	0	0	0	0	0	0	0	0	0	0	0	0	0	0	0	0	0	0	0	0	0	0	0	0	
0	0	0	0	0	0	0	0	0	0	0	0	0	0	0	0	0	0	0	0	0	0	0	0	0	0	0	0	0	0	0	0	0	0	0	0	0	
0	0	0	0	0	0	0	0	0	0	0	0	0	0	0	0	0	0	0	0	0	0	0	0	0	0	0	0	0	0	0	0	0	0	0	0	
0	0	0	0	0	0	0	0	0	0	0	0	0	0	0	0	0	0	0	0	0	0	0	0	0	0	0	0	0	0	0	0	0	0	0	
0	0	0	0	0	0	0	0	0	0	0	0	0	0	0	0	0	0	0	0	0	0	0	0	0	0	0	0	0	0	0	0	0	0	
0	0	0	0	0	0	0	0	0	0	0	0	0	0	0	0	0	0	0	0	0	0	0	0	0	0	0	0	0	0	0	0	0	
0	0	0	0	0	0	0	0	0	0	0	0	0	0	0	0	0	0	0	0	0	0	0	0	0	0	0	0	0	0	0	0	
0	0	0	0	0	0	0	0	0	0	0	0	0	0	0	0	0	0	0	0	0	0	0	0	0	0	0	0	0	0	0	
0	0	1.0	0	0	0	0	0	0	0	0	0	0	0	0	0	0	0	0	0	1.0	0	0	0	0	0	0	0	0	0	
0	0	0	0	0	0	0	0	0	0	0	0	0	0	0	0	0	0	0	0	0	0	0	0	0	0	0	0	0	
0	0	0	0	0	0	0	0	0	0	0	0	0	0	0	0	0	0	0	0	0	0	0	0	0	0	0	0	
0	0	0	0	0	0	0	0	0	0	0	0	0	0	0	0	0	0	0	0	0	0	0	0	0	0	0	
0	0	0	0	0	0	0	0	0	0	0	0	0	0	0	0	0	0	0	0	0	0	0	0	0	0	
0	0	0	0	0	0	0	0	0	0	0	0	0	0	0	0	0	0	0	0	0	0	0	0	0	
0	0	0	0	0	0	0	0	0	0	0	0	0	0	0	0	0	0	0	0	0	0	0	0	
0	0	0	0	0	0	0	0	0	0	0	0	0	0	0	0	0	0	0	0	0	0	0	
0	0	0	0	0	0	0	0	0	0	0	0	0	0	0	0	0	0	0	0	0	0	
0	0	0	0	0	0	0	0	0	0	0	0	0	0	0	0	0	0	0	0	0	
0	0	0	0	0	0	0	0	0	0	0	0	0	0	0	0	0	0	0	0	
0	0	0	0	0	0	0	0	0	0	0	0	0	0	0	0	0	0	0	
0	0	0	0	0	0	0	0	0	0	0	0	0	0	0	0	0	0	
0	0	0	0	0	0	0	0	0	0	0	0	0	0	0	0	0	
0	0	0	0	0	0	0	0	0	0	0	0	0	0	0	0	
0	0	0	0	0	0	0	0	0	0	0	0	0	0	0	
0	0	0	0	0	0	0	0	0	0	0	0	0	0	
0	0	0	0	0	0	0	0	0	0	0	0	0	
0	0	0	0	0	0	0	0	0	0	0	0	
0	0	0	0	0	0	0	0	0	0	0	
0	0	0	0	0	0	0	0	0	0	
0	0	0	0	0	0	0	0	0	
0	0	0	0	0	0	0	0	
0	0	0	0	0	0	0	
0	0	0	0	0	0	
0	0	0	0	0	
0	0	0	0	
0	0	0	
0	0	
0	

0	0	0	0	0	0	0	0	0	0	0	0	0	0	0	0	0	0	0	0	0	0	0	0	0	0	0	0	0	0	0	0	0	0	0	0	0	0	0	0	0	0	
0	0	0	0	0	0	0	0	0	0	0	0	0	0	0	0	0	0	0	0	0	0	0	0	0	0	0	0	0	0	0	0	0	0	0	0	0	0	0	0	0	
0	0	0	0	1.0	0	0	0	0	0	0	0	0	0	0	0	0	0	0	0	0	0	0	0	0	0	0	0	0	0	0	0	0	0	0	0	0	0	0	0	
0	0	0	0	0	0	0	0	0	0	0	0	0	0	0	0	0	0	0	0	0	0	0	0	0	0	0	0	0	0	0	0	0	0	0	0	0	0	0	
0	0	0	0	0	0	0	0	0	0	0	0	0	0	0	0	0	0	0	0	0	0	0	0	0	0	0	0	0	0	0	0	0	0	0	0	0	0	
0	0	0	0	0	0	0	0	0	0	0	0	0	0	0	0	0	0	0	0	0	0	0	0	0	0	0	0	0	0	0	0	0	0	0	0	0	
0	0	0	0	0	0	0	0	0	0	0	0	0	0	0	0	0	0	0	0	0	0	0	0	0	0	0	0	0	0	0	0	0	0	0	0	
0	0	0	0	0	0	0	0	0	0	0	0	0	0	0	0	0	0	0	0	0	0	0	0	0	0	0	0	0	0	0	0	0	0	0	
0	0	0	0	0	0	0	0	0	0	0	0	0	0	0	0	0	0	0	0	0	0	0	0	0	0	0	0	0	0	0	0	0	0	
0	0	0	0	0	0	0	0	0	0	0	0	0	0	0	0	0	0	0	0	0	0	0	0	0	0	0	0	0	0	0	0	0	
0	0	0	0	0	0	0	0	0	0	0	0	0	0	0	0	0	0	0	0	0	0	0	0	0	0	0	0	0	0	0	0	
0	0	0	0	0	0	0	0	0	0	0	0	0	0	0	0	0	0	0	0	0	0	0	0	0	0	0	0	0	0	0	
0	0	0	0	0	0	0	0	0	0	0	0	0	0	0	0	0	0	0	0	0	0	0	0	0	0	0	0	0	0	
0	0	0	0	0	0	0	0	0	0	0	0	0	0	0	0	0	0	0	0	0	0	0	0	0	0	0	0	0	
0	0	0	0	0	0	0	0	0	0	0	0	0	0	0	0	0	0	0	0	0	0	0	0	0	0	0	0	
0	0	0	0	0	0	0	0	0	0	0	0	0	0	0	0	0	0	0	0	0	0	0	0	0	0	0	
0	0	0	0	0	0	0	0	0	0	0	0	0	0	0	0	0	0	0	0	0	0	0	0	0	0	
0	0	0	0	0	0	0	0	0	0	0	0	0	0	0	0	0	0	0	0	0	0	0	0	0	
0	0	0	0	0	0	0	0	0	0	0	0	0	0	0	0	0	0	0	0	0	0	0	0	
0	0	0	0	0	0	0	0	0	0	0	0	0	0	0	0	0	0	0	0	0	0	0	
0	0	0	0	0	0	0	0	0	0	0	0	0	0	0	0	0	0	0	0	0	0	
0	0	0	0	0	0	0	0	0	0	0	0	0	0	0	0	0	0	0	0	0	
0	0	0	0	0	0	0	0	0	0	0	0	0	0	0	0	0	0	0	0	
0	0	0	0	0	0	0	0	0	0	0	0	0	0	0	0	0	0	0	
0	0	0	0	0	0	0	0	0	0	0	0	0	0	0	0	0	0	
0	0	0	0	0	0	0	0	0	0	0	0	0	0	0	0	0	
0	0	0	0	0	0	0	0	0	0	0	0	0	0	0	0	
0	0	0	0	0	0	0	0	0	0	0	0	0	0	0	
0	0	0	0	0	0	0	0	0	0	0	0	0	0	
0	0	0	0	0	0	0	0	0	0	0	0	0	
0	0	0	0	0	0	0	0	0	0	0	0	
0	0	0	0	0	0	0	0	0	0	0	
0	0	0	0	0	0	0	0	0	0	
0	0	0	0	0	0	0	0	0	
0	0	0	0	0	0	0	0	
0	0	0	0	0	0	0	
0	0	0	0	0	0	
0	0	0	0	0	
0	0	0	0	
0	0	0	
0	0	
0	

0.1009086415399758	0	0	0	0.017692710954486247	0	0.2527615276213323	0.02074861111203895	0	0	0	0.01738483942735115	0.16909574647759404	0	0.021586060746452865	0.025782378421197488	0.08787940603258813	0.018365571825613634	0.02939413699142982	0	0	0	0.02724490360814323	0.019535193853853675	0	0	0.021154516085478033	0	0	0	0	0	0	0	0.023703167405055594	0	0	0	0	0	0	0	
0.020320286513893112	0.02800832240690511	0	0	0	0.10584622178107554	0	0	0.03327805851637394	0.02539945066902093	0.01850048765766923	0	0	0	0.12052522286078265	0.09351894640518502	0	0.031280465424502524	0	0	0	0.02899330793609985	0.020788838130698928	0	0.02178214315260361	0.09889129404826377	0.13533129875283242	0.19276319880085144	0	0.022637195134382084	0	0.027074047921319483	0	0	0.03926187802701417	0	0	0	0	0	0	
0.023281906690824933	0	0	0	0	0	0	0.027662372703872416	0.02111328311218549	0.1334823787221148	0	0	0	0.17515251243280164	0	0	0.0260018742528934	0	0	0	0.20918884852903105	0.01728071330149608	0	0.018106397699852308	0	0.020860011066025006	0	0	0.01881715931443096	0	0.022505291401947066	0	0	0.03263642025579281	0	0	0	0	0	0	
0	0.07728587328046509	0	0	0	0	0.17472839991581515	0.02910134362869578	0.0876979356368822	0	0	0	0	0	0	0.1642399201130093	0	0	0	0.03321899470094162	0.0238187482857921	0.1098467684103823	0.024956824504338584	0	0.028752247905037092	0	0.09034216836233591	0.02593649772114882	0	0.12833921764486447	0	0	0.18611323744046623	0	0	0	0	0	0.1098467684103823	
0	0	0	0.04799181748730687	0	0	0	0	0	0	0	0	0.046272483273468466	0	0	0	0.05882034340152303	0	0	0	0	0	0	0	0	0	0	0.05882034340152303	0	0	0.05482574606232148	0	0	0	0.05037863929718417	0	0	0	
0	0.01855843641354668	0.017006307145349356	0	0.09182712824250774	0.11288638440433924	0.014249239015452326	0.020470899923481924	0	0.11978739438164865	0.021132163690421802	0	0.015053082525853339	0.11040748144156581	0	0	0	0.022330901880785653	0.01601174676360925	0	0	0.01733900144536082	0	0	0.060730979837254236	0	0	0	0	0.019427967637511725	0	0	0	0	0	0	0	
0	0	0	0	0	0	0	0	0	0	0	0	0	0	0	0	0	0	0	0	0	0	0	0	0	0	0	0	0	0	0	0	0	0	0	0	
0.02176386541230104	0.16022533025273447	0	0	0.01823550036521716	0.1773698031284411	0	0.022642292456624497	0.027043940962505002	0.09217945023300671	0.019264221169998316	0.030832427189356686	0	0	0	0.028578029252025204	0.02049107419974684	0	0	0.022189631800441884	0.2854672789329559	0	0	0.2575110458827833	0	0	0	0.024862991670297707	0	0	0	0	0	0	0	
0	0	0	0.01671037975665036	0.024006651254204467	0	0.02074861111203895	0.024782129064134916	0.05114825104961466	0.0176530638051917	0.028253766380667476	0	0.06501828901952796	0	0.026187914339268356	0.01877730934943788	0	0	0.020333808594191184	0	0	0	0	0.06501828901952796	0	0	0.608305886032799	0	0	0	0.05568707594709581	0	0	0	
0	0	0	0	0	0	0	0	0	0	0	0	0	0	0	0	0	0	0	0	0	0	0	0	0	0	0	0	0	0	0	0	0	
0.0345767305200003	0.02518504768325679	0	0	0	0	0	0	0.19514148662105632	0	0	0	0.03946911326758052	0.0283002204746813	0	0.029652424524844134	0	0.231291367628011	0	0.10733995137519294	0.030816422216755086	0	0.2495338861876812	0	0	0.05344790302512158	0	0	0	0	0	0	
0.019222466836912165	0	0	0.1377274719215156	0	0	0	0.03250118161163273	0.1755221986627975	0	0	0.030124768092965805	0.02160011989627954	0	0.022632188520405015	0	0.026074082255901392	0	0	0.02352060879708671	0	0.028130609200065836	0	0	0.04079406782643977	0	0	0	0	0	0	
0.02011468502586195	0	0.01738483942735115	0.020764442117183233	0	0.01479114327204159	0.04734651289124555	0	0	0	0.043884642038641765	0.03146625151485602	0.0725576760252556	0.01648486535570953	0.017037284830664908	0.018991876763252473	0	0	0.01713197416832726	0	0.08477259285791341	0	0.019089900843729888	0.12293437651043794	0	0	0	0	0	0.0725576760252556	
0	0.1346886841571552	0.02983084332341082	0	0.11459407679986741	0.03400973645229319	0	0	0	0.0315230207864664	0.02260269776614739	0	0	0.02447629325034006	0.11985485189428284	0	0	0	0	0	0	0.027425145251434507	0	0	0	0	0	0	0	
0	0	0	0	0	0	0	0.15249589888154688	0	0	0	0	0	0	0	0	0	0	0	0	0	0	0	0	0	0	0	0	
0.025782378421197488	0	0.09904204922571844	0.02939413699142982	0	0	0	0.02724490360814323	0.019535193853853675	0	0	0.021154516085478033	0.10358886316599296	0	0	0	0	0	0	0.023703167405055594	0	0	0	0	0	0	0	
0	0.021935828324186606	0.03510834015428669	0	0	0	0.032541297049283345	0.023332824195552746	0	0	0.3303046844085258	0.12372647801457479	0	0	0	0	0	0	0.02831104938489345	0	0	0	0	0	0	0	
0	0	0	0.06268897175901632	0	0	0	0	0	0	0	0	0	0	0.06268897175901632	0	0	0.0584316487767883	0	0	0	0.05369205471311603	0	0	0	
0.02500873783822462	0	0	0	0.02318015500718433	0.016620679894509768	0	0	0.017998410602443456	0.08813413105590975	0	0	0	0	0	0	0.02016682101404847	0	0	0	0	0	0	0	
0	0	0	0.07419977534415687	0.2574963431426813	0	0.027872468571015805	0.028806494668376557	0.032111301898199586	0	0.10089662039651229	0.028966594586152965	0	0.03464399919192312	0	0.03227704017044839	0.050239567965386554	0	0	0	0	0	0	
0	0	0.2003574495277833	0	0	0	0	0	0	0	0	0	0	0	0	0	0	0	0	0	0	0	
0	0	0	0	0	0	0	0	0	0	0.9999999999999998	0	0	0.07427674945075938	0	0	0	0.06825190421473826	0	0	0	
0	0	0	0	0	0	0	0	0	0	0	0.1216904628263242	0	0	0	0	0.1669904785759821	0	0	0	
0.049312793081256856	0	0.025834496170434724	0.0267002283740202	0.029763395509911115	0	0	0.02684862214481747	0	0.03211090765684781	0	0.029917015371345227	0.04656616341315949	0	0	0	0	0	0	
0	0.018523900765618356	0.019144649756541975	0.0213410078228813	0	0	0.01925105134712652	0	0.023024225555058477	0	0.02145115663515387	0.03338896119399025	0	0	0	0	0	0	
0	0	0	0	0	0	0	0.10618260632459627	0	0	0.1539824613675126	0	0	0	0	0	1.0	
0	0.02236069589345566	0.17176170901909305	0	0.0201708798560516	0	0.024124338929626215	0.11558388128009159	0	0.034984308784926345	0	0	0	0	0	0	
0.1015179331634874	0	0	0	0	0	0	0.0232292979268774	0	0	0	0	0	0	0	
0	0	0.291430608764535	0	0.18817184205223922	0	0	0.040304707788272665	0	0	0	0	0	0	
0	0	0	0	0	0	0	0	0	0	0	0	0	
0	0	0	0	0	0	0	0	0	0	0	0	
0	0.02507133315633558	0	0	0.03635760811310222	0	0	0	0	0	0	
0	0	0.07427674945075938	0	0	0	0.06825190421473826	0	0	0	
0	0	0.1799050523644654	0	0	0	0	0	0.10618260632459627	
0	0	0	0	0	0	0	0	
0	0	0	0.06361679229248156	0	0	0	
0	0	0	0	0	0.1539824613675126	
0	0	0	0	0	
0	0	0	0	
0	0	0	
0	0	
0	

0	1.0	0	1.0	1.0	1.0	1.0	1.0	0	1.0	1.0	1.0	1.0	0	1.0	0	1.0	0	0	1.0	1.0	0	1.0	1.0	1.0	1.0	0	0	1.0	1.0	0	1.0	1.0	1.0	0	1.0	0	0	0	0	0	1.0	
0	0	0	0	0	0	0	0	0	0	0	0	0	0	0	0	0	0	0	0	0	0	0	0	0	0	0	0	0	0	0	0	0	0	0	0	0	0	0	0	0	
0	1.0	1.0	1.0	1.0	1.0	0	1.0	1.0	1.0	1.0	0	1.0	0	1.0	0	0	1.0	1.0	0	1.0	1.0	1.0	1.0	0	0	1.0	1.0	0	1.0	1.0	1.0	0	1.0	0	0	0	0	0	1.0	
0	0	0	0	0	0	0	0	0	0	0	0	0	0	0	0	0	0	0	0	0	0	0	0	0	0	0	0	0	0	0	0	0	0	0	0	0	0	0	
1.0	1.0	1.0	1.0	0	1.0	1.0	1.0	1.0	0	1.0	0	1.0	0	0	1.0	1.0	0	1.0	1.0	1.0	1.0	0	0	1.0	1.0	0	1.0	1.0	1.0	0	1.0	0	0	0	0	0	1.0	
1.0	1.0	1.0	0	1.0	1.0	1.0	1.0	0	1.0	0	1.0	0	0	1.0	1.0	0	1.0	1.0	1.0	1.0	0	0	1.0	1.0	0	1.0	1.0	1.0	0	1.0	0	0	0	0	0	1.0	
1.0	1.0	0	1.0	1.0	1.0	1.0	0	1.0	0	1.0	0	0	1.0	1.0	0	1.0	1.0	1.0	1.0	0	0	1.0	1.0	0	1.0	1.0	1.0	0	1.0	0	0	0	0	0	1.0	
1.0	0	1.0	1.0	1.0	1.0	0	1.0	0	1.0	0	0	1.0	1.0	0	1.0	1.0	1.0	1.0	0	0	1.0	1.0	0	1.0	1.0	1.0	0	1.0	0	0	0	0	0	1.0	
0	1.0	1.0	1.0	1.0	0	1.0	0	1.0	0	0	1.0	1.0	0	1.0	1.0	1.0	1.0	0	0	1.0	1.0	0	1.0	1.0	1.0	0	1.0	0	0	0	0	0	1.0	
0	0	0	0	0	0	0	0	0	0	0	0	0	0	0	0	0	0	0	0	0	0	0	0	0	0	0	0	0	0	0	0	0	
1.0	1.0	1.0	0	1.0	0	1.0	0	0	1.0	1.0	0	1.0	1.0	1.0	1.0	0	0	1.0	1.0	0	1.0	1.0	1.0	0	1.0	0	0	0	0	0	1.0	
1.0	1.0	0	1.0	0	1.0	0	0	1.0	1.0	0	1.0	1.0	1.0	1.0	0	0	1.0	1.0	0	1.0	1.0	1.0	0	1.0	0	0	0	0	0	1.0	
1.0	0	1.0	0	1.0	0	0	1.0	1.0	0	1.0	1.0	1.0	1.0	0	0	1.0	1.0	0	1.0	1.0	1.0	0	1.0	0	0	0	0	0	1.0	
0	1.0	0	1.0	0	0	1.0	1.0	0	1.0	1.0	1.0	1.0	0	0	1.0	1.0	0	1.0	1.0	1.0	0	1.0	0	0	0	0	0	1.0	
0	0	0	0	0	0	0	0	0	0	0	0	0	0	0	0	0	0	0	0	0	0	0	0	0	0	0	0	
0	1.0	0	0	1.0	1.0	0	1.0	1.0	1.0	1.0	0	0	1.0	1.0	0	1.0	1.0	1.0	0	1.0	0	0	0	0	0	1.0	
0	0	0	0	0	0	0	0	0	0	0	0	0	0	0	0	0	0	0	0	0	0	0	0	0	0	
0	0	1.0	1.0	0	1.0	1.0	1.0	1.0	0	0	1.0	1.0	0	1.0	1.0	1.0	0	1.0	0	0	0	0	0	1.0	
0	0	0	0	0	0	0	0	0	0	0	0	0	0	0	0	0	0	0	0	0	0	0	0	
0	0	0	0	0	0	0	0	0	0	0	0	0	0	0	0	0	0	0	0	0	0	0	
1.0	0	1.0	1.0	1.0	1.0	0	0	1.0	1.0	0	1.0	1.0	1.0	0	1.0	0	0	0	0	0	1.0	
0	1.0	1.0	1.0	1.0	0	0	1.0	1.0	0	1.0	1.0	1.0	0	1.0	0	0	0	0	0	1.0	
0	0	0	0	0	0	0	0	0	0	0	0	0	0	0	0	0	0	0	0	
1.0	1.0	1.0	0	0	1.0	1.0	0	1.0	1.0	1.0	0	1.0	0	0	0	0	0	1.0	
1.0	1.0	0	0	1.0	1.0	0	1.0	1.0	1.0	0	1.0	0	0	0	0	0	1.0	
1.0	0	0	1.0	1.0	0	1.0	1.0	1.0	0	1.0	0	0	0	0	0	1.0	
0	0	1.0	1.0	0	1.0	1.0	1.0	0	1.0	0	0	0	0	0	1.0	
0	0	0	0	0	0	0	0	0	0	0	0	0	0	0	
0	0	0	0	0	0	0	0	0	0	0	0	0	0	
1.0	0	1.0	1.0	1.0	0	1.0	0	0	0	0	0	1.0	
0	1.0	1.0	1.0	0	1.0	0	0	0	0	0	1.0	
0	0	0	0	0	0	0	0	0	0	0	
1.0	1.0	0	1.0	0	0	0	0	0	1.0	
1.0	0	1.0	0	0	0	0	0	1.0	
0	1.0	0	0	0	0	0	1.0	
0	0	0	0	0	0	0	
0	0	0	0	0	1.0	
0	0	0	0	0	
0	0	0	0	
0	0	0	
0	0	
0	

