65
0	0	0	0	0	0	0	0	0	0	0	0	0	0	0	0	0	0	0	0	0	0	0	0	0	0	0	0	0	0	0	0	0	0	0	0	0	0	0	0	0	0	0	0	0	0	0	0	0	0	0	0	0	0	0	0	0	0	0	0	0	0	0	0	
0	0	0	0	0	0	0	0	0	0	0	0	0	0	0	0	0	0	0	0	0	0	0	0	0	0	0	0	0	0	0	0	0	0	0	0	0	0	0	0	0	0	0	0	0	0	0	0	0	0	0	0	0	0	0	0	0	0	0	0	0	0	0	
0	0	0	0	0	0	0	0	0	0	0	0	0	0	0	0	0	0	0	0	0	0	0	0	0	0	0	0	0	0	0	0	0	0	0	0	0	0	0	0	0	0	0	0	0	0	0	0	0	0	0	0	0	0	0	0	0	0	0	0	0	0	
0	0	0	0	0	0	0	0	0	0	0	0	0	0	0	0	0	0	0	0	0	0	0	0	0	0	0	0	0	0	0	0	0	0	0	0	0	0	0	0	0	0	0	0	0	0	0	0	0	0	0	0	0	0	0	0	0	0	0	0	0	
0	0	0	0	0	0	0	0	0	0	0	0	0	0	0	0	0	0	0	0	0	0	0	0	0	0	0	0	0	0	0	0	0	0	0	0	0	0	0	0	0	0	0	0	0	0	0	0	0	0	0	0	0	0	0	0	0	0	0	0	
0	0	0	0	0	0	0	0	0	0	0	0	0	0	0	0	0	0	0	0	0	0	0	0	0	0	0	0	0	0	0	0	0	0	0	0	0	0	0	0	0	0	0	0	0	0	0	0	0	0	0	0	0	0	0	0	0	0	0	
0	0	0	0	0	0	0	0	0	0	0	0	0	0	0	0	0	0	0	0	0	0	0	0	0	0	0	0	0	0	0	0	0	0	0	0	0	0	0	0	0	0	0	0	0	0	0	0	0	0	0	0	0	0	0	0	0	0	
0	0	0	0	0	0	0	0	0	0	0	0	0	0	0	0	0	0	0	0	0	0	0	0	0	0	0	0	0	0	0	0	0	0	0	0	0	0	0	0	0	0	0	0	0	0	0	0	0	0	0	0	0	0	0	0	0	
0	0	0	0	0	0	0	0	0	0	0	0	0	0	0	0	0	0	0	0	0	0	0	0	0	0	0	0	0	0	0	0	0	0	0	0	0	0	0	0	0	0	0	0	0	0	0	0	0	0	0	0	0	0	0	0	
0	0	0	0	0	0	0	0	0	0	0	0	0	0	0	0	0	0	0	0	0	0	0	0	0	0	0	0	0	0	0	0	0	0	0	0	0	0	0	0	0	0	0	0	0	0	0	0	0	0	0	0	0	0	0	
0	0	0	0	0	0	0	0	0	0	0	0	0	0	0	0	0	0	0	0	0	0	0	0	0	0	0	0	0	0	0	0	0	0	0	0	0	0	0	0	0	0	0	0	0	0	0	0	0	0	0	0	0	0	
0	0	0	0	0	0	0	0	0	0	0	0	0	0	0	0	0	0	0	0	0	0	0	0	0	0	0	0	0	0	0	0	0	0	0	0	0	0	0	0	0	0	0	0	0	0	0	0	0	0	0	0	0	
0	0	0	0	0	0	0	0	0	0	0	0	0	0	0	0	0	0	0	0	0	0	0	0	0	0	0	0	0	0	0	0	0	0	0	0	0	0	0	0	0	0	0	0	0	0	0	0	0	0	0	0	
0	0	0	0	0	0	0	0	0	0	0	0	0	0	0	0	0	0	0	0	0	0	0	0	0	0	0	0	0	0	0	0	0	0	0	0	0	0	0	0	0	0	0	0	0	0	0	0	0	0	0	
0	0	0	0	0	0	0	0	0	0	0	0	0	0	0	0	0	0	0	0	0	0	0	0	0	0	0	0	0	0	0	0	0	0	0	0	0	0	0	0	0	0	0	0	0	0	0	0	0	0	
0	0	0	0	0	0	0	0	0	0	0	0	0	0	0	0	0	0	0	0	0	0	0	0	0	0	0	0	0	0	0	0	0	0	0	0	0	0	0	0	0	0	0	0	0	0	0	0	0	
0	0	0	0	0	0	0	0	0	0	0	0	0	0	0	0	0	0	0	0	0	0	0	0	0	0	0	0	0	0	0	0	0	0	0	0	0	0	0	0	0	0	0	0	0	0	0	0	
0	0	0	0	0	0	0	0	0	0	0	0	0	0	0	0	0	0	0	0	0	0	0	0	0	0	0	0	0	0	0	0	0	0	0	0	0	0	0	0	0	0	0	0	0	0	0	
0	0	0	0	0	0	0	0	0	0	0	0	0	0	0	0	0	0	0	0	0	0	0	0	0	0	0	0	0	0	0	0	0	0	0	0	0	0	0	0	0	0	0	0	0	0	
0	0	0	0	0	0	0	0	0	0	0	0	0	0	0	0	0	0	0	0	0	0	0	0	0	0	0	0	0	0	0	0	0	0	0	0	0	0	0	0	0	0	0	0	0	
0	0	0	0	0	0	0	0	0	0	0	0	0	0	0	0	0	0	0	0	0	0	0	0	0	0	0	0	0	0	0	0	0	0	0	0	0	0	0	0	0	0	0	0	
1.0	0	0	0	0	0	0	0	0	0	0	0	0	0	0	0	1.0	0	0	1.0	0	0	0	0	0	0	0	0	0	0	0	0	0	0	0	0	0	1.0	0	0	1.0	0	0	
0	0	0	0	0	0	0	0	0	0	0	0	0	0	0	1.0	0	0	1.0	0	0	0	0	0	0	0	0	0	0	0	0	0	0	0	0	0	0	0	0	1.0	0	0	
0	0	0	0	0	0	0	0	0	0	0	0	0	0	0	0	0	0	0	0	0	0	0	0	0	0	0	0	0	0	0	0	0	0	0	0	0	0	0	0	0	
0	0	0	0	0	0	0	0	0	0	0	0	0	0	0	0	0	0	0	0	0	0	0	0	0	0	0	0	0	0	0	0	0	0	0	0	0	0	0	0	
0	0	0	0	0	0	0	0	0	0	0	0	0	0	0	0	0	0	0	0	0	0	0	0	0	0	0	0	0	0	0	0	0	0	0	0	0	0	0	
0	0	0	0	0	0	0	0	0	0	0	0	0	0	0	0	0	0	0	0	0	0	0	0	0	0	0	0	0	0	0	0	0	0	0	0	0	0	
0	0	0	0	0	0	0	0	0	0	0	0	0	0	0	0	0	0	0	0	0	0	0	0	0	0	0	0	0	0	0	0	0	0	0	0	0	
0	0	0	0	0	0	0	0	0	0	0	0	0	0	0	0	0	0	0	0	0	0	0	0	0	0	0	0	0	0	0	0	0	0	0	0	
0	0	0	0	0	0	0	0	0	0	0	0	0	0	0	0	0	0	0	0	0	0	0	0	0	0	0	0	0	0	0	0	0	0	0	
0	0	0	0	0	0	0	0	0	0	0	0	0	0	0	0	0	0	0	0	0	0	0	0	0	0	0	0	0	0	0	0	0	0	
0	0	0	0	0	0	0	0	0	0	0	0	0	0	0	0	0	0	0	0	0	0	0	0	0	0	0	0	0	0	0	0	0	
0	0	0	0	0	0	0	0	0	0	0	0	0	0	0	0	0	0	0	0	0	0	0	0	0	0	0	0	0	0	0	0	
0	0	0	0	0	0	0	0	0	0	0	0	0	0	0	0	0	0	0	0	0	0	0	0	0	0	0	0	0	0	0	
0	0	0	0	0	0	0	0	0	0	0	0	0	0	0	0	0	0	0	0	0	0	0	0	0	0	0	0	0	0	
0	0	0	0	0	0	0	0	0	0	0	0	0	0	0	0	0	0	0	0	0	0	0	0	0	0	0	0	0	
0	0	0	0	0	0	0	0	0	0	0	0	0	0	0	0	0	0	0	0	0	0	0	0	0	0	0	0	
0	0	0	0	0	0	0	0	0	0	0	0	0	0	0	0	0	0	0	0	0	0	0	0	0	0	0	
0	0	1.0	0	0	0	0	0	0	0	0	0	0	0	0	0	0	0	0	0	0	0	0	1.0	0	0	
0	0	0	0	0	0	0	0	0	0	0	0	0	0	0	0	0	0	0	0	0	0	0	0	0	
0	0	0	0	0	0	0	0	0	0	0	0	0	0	0	0	0	0	0	0	0	0	0	0	
0	0	0	0	0	0	0	0	0	0	0	0	0	0	0	0	0	0	0	0	1.0	0	0	
0	0	0	0	0	0	0	0	0	0	0	0	0	0	0	0	0	0	0	0	0	0	
0	0	0	0	0	0	0	0	0	0	0	0	0	0	0	0	0	0	0	0	0	
0	0	0	0	0	0	0	0	0	0	0	0	0	0	0	0	0	0	0	0	
0	0	0	0	0	0	0	0	0	0	0	0	0	0	0	0	0	0	0	
0	0	0	0	0	0	0	0	0	0	0	0	0	0	0	0	0	0	
0	0	0	0	0	0	0	0	0	0	0	0	0	0	0	0	0	
0	0	0	0	0	0	0	0	0	0	0	0	0	0	0	0	
0	0	0	0	0	0	0	0	0	0	0	0	0	0	0	
0	0	0	0	0	0	0	0	0	0	0	0	0	0	
0	0	0	0	0	0	0	0	0	0	0	0	0	
0	0	0	0	0	0	0	0	0	0	0	0	
0	0	0	0	0	0	0	0	0	0	0	
0	0	0	0	0	0	0	0	0	0	
0	0	0	0	0	0	0	0	0	
0	0	0	0	0	0	0	0	
0	0	0	0	0	0	0	
0	0	0	0	0	0	
0	0	1.0	0	0	
0	0	0	0	
0	0	0	
0	0	
0	

2.0	0	0	0	0	0	0	0	0	0	0	0	1.0	1.0	0	0	0	0	0	0	0	0	0	0	2.0	2.0	1.0	1.0	1.0	0	0	0	0	2.0	0	0	0	0	0	0	0	0	0	0	1.0	1.0	1.0	0	0	0	0	0	0	0	0	0	0	0	0	0	0	0	0	0	
0	0	0	0	0	0	0	0	0	0	0	1.0	1.0	0	0	0	0	0	0	0	0	0	0	2.0	2.0	1.0	1.0	1.0	0	0	0	0	2.0	0	0	0	0	0	0	0	0	0	0	1.0	1.0	1.0	0	0	0	0	0	0	0	0	0	0	0	0	0	0	0	0	0	
0	0	0	0	0	0	0	0	0	0	0	0	0	0	0	0	0	0	0	1.0	0	0	0	0	0	0	0	0	0	0	0	0	0	0	0	0	0	0	0	0	0	0	0	0	0	0	0	0	0	0	0	0	0	0	0	0	0	0	0	0	0	0	
3.0	0	0	0	3.0	3.0	0	1.0	0	0	0	0	3.0	0	0	0	1.0	1.0	0	0	0	0	0	0	0	0	1.0	3.0	0	1.0	0	3.0	0	0	3.0	1.0	3.0	3.0	1.0	1.0	1.0	0	0	0	0	0	0	0	0	0	1.0	0	3.0	1.0	1.0	1.0	3.0	0	0	0	0	
0	0	0	3.0	3.0	0	1.0	0	0	0	0	3.0	0	0	0	1.0	1.0	0	0	0	0	0	0	0	0	1.0	3.0	0	1.0	0	3.0	0	0	3.0	1.0	3.0	3.0	1.0	1.0	1.0	0	0	0	0	0	0	0	0	0	1.0	0	3.0	1.0	1.0	1.0	3.0	0	0	0	0	
0	0	0	0	0	0	2.0	0	0	2.0	0	2.0	2.0	2.0	0	0	0	2.0	0	0	0	0	0	0	0	0	0	0	0	0	2.0	0	0	0	0	0	0	0	0	0	1.0	0	0	0	0	2.0	2.0	2.0	0	2.0	0	0	0	0	0	0	0	0	0	
0	0	0	0	0	0	0	0	0	0	0	0	0	0	0	1.0	0	0	0	0	0	0	0	0	0	0	0	0	0	0	0	0	0	0	0	0	0	0	0	0	0	0	0	0	0	0	0	0	0	0	0	0	0	0	0	0	0	0	
0	0	0	0	0	0	0	0	0	0	0	0	0	0	0	0	0	0	0	0	0	0	0	0	4.0	0	0	0	0	0	0	0	0	0	0	0	0	0	0	0	0	0	0	0	0	0	0	0	0	0	0	0	0	0	0	0	0	
3.0	0	1.0	0	0	0	0	3.0	0	0	0	1.0	1.0	0	0	0	0	0	0	0	0	1.0	3.0	0	1.0	0	3.0	0	0	3.0	1.0	3.0	3.0	1.0	1.0	1.0	0	0	0	0	0	0	0	0	0	1.0	0	3.0	1.0	1.0	1.0	3.0	0	0	0	0	
0	1.0	0	0	0	0	3.0	0	0	0	1.0	1.0	0	0	0	0	0	0	0	0	1.0	3.0	0	1.0	0	3.0	0	0	3.0	1.0	3.0	3.0	1.0	1.0	1.0	0	0	0	0	0	0	0	0	0	1.0	0	3.0	1.0	1.0	1.0	3.0	0	0	0	0	
0	0	0	0	0	0	0	0	0	1.0	0	0	0	0	0	0	0	0	0	0	0	0	1.0	0	0	0	0	0	1.0	0	0	1.0	1.0	0	0	0	0	0	0	0	0	0	0	1.0	0	0	0	0	0	0	0	0	0	0	
0	0	0	0	1.0	0	0	0	1.0	1.0	0	0	0	0	0	0	0	0	1.0	1.0	0	1.0	0	1.0	0	0	1.0	1.0	1.0	1.0	1.0	1.0	1.0	0	0	0	0	0	0	0	0	0	1.0	0	2.0	0	1.0	1.0	1.0	0	0	0	0	
0	0	2.0	0	2.0	2.0	2.0	0	0	0	2.0	0	0	0	0	0	0	0	0	0	0	0	0	2.0	0	0	0	0	0	0	0	0	0	1.0	0	0	0	0	2.0	2.0	2.0	0	2.0	0	0	0	0	0	0	0	0	0	
1.0	0	0	0	0	0	0	0	0	0	0	1.0	1.0	1.0	1.0	1.0	0	0	0	0	1.0	0	0	0	0	0	0	0	0	0	0	1.0	1.0	1.0	0	0	0	0	0	0	0	0	0	0	0	0	0	0	0	0	0	
0	0	0	0	0	0	0	0	0	0	1.0	1.0	1.0	1.0	1.0	0	0	0	0	1.0	0	0	0	0	0	0	0	0	0	0	1.0	1.0	1.0	0	0	0	0	0	0	0	0	0	0	0	0	0	0	0	0	0	
0	2.0	2.0	2.0	0	0	0	2.0	0	0	0	0	0	0	0	0	0	0	0	0	2.0	0	0	0	0	0	0	0	0	0	1.0	0	0	0	0	2.0	2.0	2.0	0	2.0	0	0	0	0	0	0	0	0	0	
0	0	0	1.0	1.0	0	0	0	0	0	0	0	0	1.0	3.0	0	1.0	0	3.0	0	0	3.0	1.0	3.0	3.0	1.0	1.0	1.0	0	0	0	0	0	0	0	0	0	1.0	0	3.0	1.0	1.0	1.0	3.0	0	0	0	0	
2.0	2.0	0	0	0	2.0	0	0	0	0	0	0	0	0	0	0	0	0	2.0	0	0	0	0	0	0	0	0	0	1.0	0	0	0	0	2.0	2.0	2.0	0	2.0	0	0	0	0	0	0	0	0	0	
2.0	0	0	0	2.0	0	0	0	0	0	0	0	0	0	0	0	0	2.0	0	0	0	0	0	0	0	0	0	1.0	0	0	0	0	2.0	2.0	2.0	0	2.0	0	0	0	0	0	0	0	0	0	
0	0	0	2.0	0	0	0	0	0	0	0	0	0	0	0	0	2.0	0	0	0	0	0	0	0	0	0	1.0	0	0	0	0	2.0	2.0	2.0	0	2.0	0	0	0	0	0	0	0	0	0	
1.0	0	0	0	0	0	0	0	0	1.0	1.0	0	2.0	0	1.0	0	0	1.0	2.0	1.0	1.0	2.0	2.0	1.0	0	0	0	0	0	0	0	0	0	2.0	0	1.0	0	1.0	1.0	1.0	0	0	0	0	
0	0	0	0	0	0	0	0	2.0	1.0	0	1.0	0	1.0	0	0	1.0	2.0	1.0	1.0	1.0	1.0	1.0	0	0	0	0	0	0	0	0	0	1.0	0	1.0	0	2.0	2.0	1.0	0	0	0	0	
0	0	0	0	0	0	0	0	0	0	0	0	0	0	0	0	0	0	0	0	0	0	0	0	0	0	0	0	0	0	0	0	0	0	0	0	0	0	0	0	0	0	
0	0	0	0	0	0	0	0	0	0	0	0	2.0	0	0	0	0	0	0	0	0	0	1.0	0	0	0	0	2.0	2.0	2.0	0	2.0	0	0	0	0	0	0	1.0	0	0	
0	0	0	0	0	0	0	0	0	0	0	0	0	0	0	0	0	0	0	0	0	0	0	0	0	0	0	0	0	0	0	0	0	0	0	0	0	0	0	0	
2.0	1.0	1.0	1.0	0	0	0	0	2.0	0	0	0	0	0	0	0	0	0	0	1.0	1.0	1.0	0	0	0	0	0	0	0	0	0	0	0	0	0	0	0	0	0	
1.0	1.0	1.0	0	0	0	0	2.0	0	0	0	0	0	0	0	0	0	0	1.0	1.0	1.0	0	0	0	0	0	0	0	0	0	0	0	0	0	0	0	0	0	
1.0	1.0	0	0	0	0	1.0	0	0	0	0	0	0	0	0	0	0	1.0	1.0	1.0	0	0	0	0	0	0	0	0	0	0	0	0	0	0	0	0	0	
1.0	0	0	0	0	1.0	0	0	0	0	0	0	0	0	0	0	1.0	1.0	1.0	0	0	0	0	0	0	0	0	0	0	0	0	0	0	0	0	0	
0	0	0	0	1.0	0	0	0	0	0	0	0	0	0	0	1.0	1.0	1.0	0	0	0	0	0	0	0	0	0	0	0	0	0	0	0	0	0	
1.0	0	1.0	0	1.0	0	0	1.0	2.0	1.0	1.0	1.0	1.0	1.0	0	0	0	0	0	0	0	0	0	1.0	0	1.0	0	2.0	2.0	1.0	0	0	0	0	
0	1.0	0	3.0	0	0	3.0	1.0	3.0	3.0	1.0	1.0	1.0	0	0	0	0	0	0	0	0	0	1.0	0	3.0	1.0	1.0	1.0	3.0	0	0	0	0	
0	0	0	0	0	0	0	0	0	0	0	0	0	0	0	0	0	0	0	0	0	0	0	0	0	0	0	0	0	0	0	0	
0	1.0	0	0	1.0	3.0	1.0	1.0	3.0	3.0	2.0	0	0	0	0	0	0	0	0	0	3.0	0	1.0	0	1.0	1.0	1.0	0	0	0	0	
0	0	0	0	0	0	0	0	0	0	1.0	1.0	1.0	0	0	0	0	0	0	0	0	0	0	0	0	0	0	0	0	0	
0	0	3.0	1.0	3.0	3.0	1.0	1.0	1.0	0	0	0	0	0	0	0	0	0	1.0	0	3.0	1.0	1.0	1.0	3.0	0	0	0	0	
0	0	0	0	0	0	0	0	0	1.0	0	0	0	0	2.0	2.0	2.0	0	2.0	0	0	0	0	0	0	0	0	0	
0	0	0	0	0	0	0	0	0	0	0	1.0	0	0	0	0	0	0	0	0	0	0	0	0	0	0	0	
1.0	3.0	3.0	1.0	1.0	1.0	0	0	0	0	0	0	0	0	0	1.0	0	3.0	1.0	1.0	1.0	3.0	0	0	0	0	
1.0	1.0	3.0	4.0	2.0	0	0	0	0	0	0	0	0	0	4.0	0	1.0	0	2.0	2.0	1.0	0	0	0	0	
3.0	1.0	1.0	1.0	0	0	0	0	0	0	0	0	0	1.0	0	3.0	1.0	1.0	1.0	3.0	0	0	0	0	
1.0	1.0	1.0	0	0	0	0	0	0	0	0	0	1.0	0	3.0	1.0	1.0	1.0	3.0	0	0	0	0	
3.0	2.0	0	0	0	0	0	0	0	0	0	3.0	0	1.0	0	1.0	1.0	1.0	0	0	0	0	
2.0	0	0	0	0	0	0	0	0	0	4.0	0	1.0	0	1.0	1.0	1.0	0	0	0	0	
0	0	0	0	0	0	0	0	0	2.0	0	1.0	0	1.0	1.0	1.0	0	0	0	0	
1.0	1.0	0	0	0	0	0	0	0	0	0	0	0	0	0	0	0	0	0	
1.0	0	0	0	1.0	1.0	1.0	0	1.0	0	0	0	0	0	0	0	0	0	
0	0	0	0	0	0	0	0	0	0	0	0	0	0	0	0	0	
0	0	0	0	0	0	0	0	0	0	0	0	0	0	0	0	
0	0	0	0	0	0	0	0	0	0	0	0	0	0	0	
0	0	0	0	0	0	0	0	0	0	0	0	0	0	
2.0	2.0	0	2.0	0	0	0	0	0	0	0	0	0	
2.0	0	2.0	0	0	0	0	0	0	0	0	0	
0	2.0	0	0	0	0	0	0	0	0	0	
0	1.0	0	1.0	1.0	1.0	0	0	0	0	
0	0	0	0	0	0	0	0	0	
1.0	1.0	1.0	3.0	0	0	0	0	
0	0	1.0	0	0	0	0	
2.0	1.0	0	0	0	0	
1.0	0	0	0	0	
0	0	0	0	
0	0	0	
0	0	
2.0	

0	0	0	0	0	0	0	0	0	0	0	0	0	0	0	0	0	0	0	0	0	0	0	0	0	0	0	0	0	0	0	0	0	0	0	0	0	0	0	0	0	0	0	0	0	0	0	0	0	0	0	0	0	0	0	0	0	0	0	0	0	0	0	0	
0	0	0	0	0	0	0	0	0	0	0	0	0	0	0	0	0	0	0	0	0	0	0	0	0	0	0	0	0	0	0	0	0	0	0	0	0	0	0	0	0	0	0	0	0	0	0	0	0	0	0	0	0	0	0	0	0	0	0	0	0	0	0	
0	0	0	0	0	0	0	0	0	0	0	0	0	0	0	0	0	0	0	0	0	0	0	0	0	0	0	0	0	0	0	0	0	0	0	0	0	0	0	0	0	0	0	0	0	0	0	0	0	0	0	0	0	0	0	0	0	0	0	0	0	0	
0	0	0	0	0	0	0	0	0	0	0	0	0	0	0	0	0	0	0	0	0	0	0	0	0	0	0	0	0	0	0	0	0	0	0	0	0	0	0	0	0	0	0	0	0	0	0	0	0	0	0	0	0	0	0	0	0	0	0	0	0	
0	0	0	0	0	0	0	0	0	0	0	0	0	0	0	0	0	0	0	0	0	0	0	0	0	0	0	0	0	0	0	0	0	0	0	0	0	0	0	0	0	0	0	0	0	0	0	0	0	0	0	0	0	0	0	0	0	0	0	0	
0	0	0	0	0	0	0	0	0	0	0	0	0	0	0	0	0	0	0	0	0	0	0	0	0	0	0	0	0	0	0	0	0	0	0	0	0	0	0	0	0	0	0	0	0	0	0	0	0	1.0	0	0	0	0	0	0	0	0	0	
0	0	0	0	0	0	0	0	0	0	0	0	0	0	0	0	0	0	0	0	0	0	0	0	0	0	0	0	0	0	0	0	0	0	0	0	0	0	0	0	0	0	0	0	0	0	0	0	0	0	0	0	0	0	0	0	0	0	
0	0	0	0	0	0	0	0	0	0	0	0	0	0	0	0	0	0	0	0	0	0	0	0	0	0	0	0	0	0	0	0	0	0	0	0	0	0	0	0	0	0	0	0	0	0	0	0	0	0	0	0	0	0	0	0	0	
0	0	0	0	0	0	0	0	0	0	0	0	0	0	0	0	0	0	0	0	0	0	0	0	0	0	0	0	0	0	0	0	0	0	0	0	0	0	0	0	0	0	0	0	0	0	0	0	0	0	0	0	0	0	0	0	
0	0	0	0	0	0	0	0	0	0	0	0	0	0	0	0	0	0	0	0	0	0	0	0	0	0	0	0	0	0	0	0	0	0	0	0	0	0	0	0	0	0	0	0	0	0	0	0	0	0	0	0	0	0	0	
0	0	0	0	0	0	0	0	0	0	0	0	0	0	0	0	0	0	0	0	0	0	0	0	0	0	0	0	0	0	0	0	0	0	0	0	0	0	0	0	0	0	0	0	0	0	0	0	0	0	0	0	0	0	
0	0	0	0	0	0	0	0	0	0	0	0	0	0	0	0	0	0	0	0	0	0	0	0	0	0	0	0	0	0	0	0	0	0	0	0	0	0	0	0	0	0	0	0	0	0	0	0	0	0	0	0	0	
0	0	0	0	0	0	0	0	0	0	0	0	0	0	0	0	0	0	0	0	0	0	0	0	0	0	0	0	0	0	0	0	0	0	0	0	0	0	0	0	0	0	1.0	0	0	0	0	0	0	0	0	0	
0	0	0	0	0	0	0	0	0	0	0	0	0	0	0	0	0	0	0	0	0	0	0	0	0	0	0	0	0	0	0	0	0	0	0	0	0	0	0	0	0	0	0	0	0	0	0	0	0	0	0	
0	0	0	0	0	0	0	0	0	0	0	0	0	0	0	0	0	0	0	0	0	0	0	0	0	0	0	0	0	0	0	0	0	0	0	0	0	0	0	0	0	0	0	0	0	0	0	0	0	0	
0	0	0	0	0	0	0	0	0	0	0	0	0	0	0	0	0	0	0	0	0	0	0	0	0	0	0	0	0	0	0	0	0	0	0	0	0	0	0	1.0	0	0	0	0	0	0	0	0	0	
0	0	0	0	0	0	0	0	0	0	0	0	0	0	0	0	0	0	0	0	0	0	0	0	0	0	0	0	0	0	0	0	0	0	0	0	0	0	0	0	0	0	0	0	0	0	0	0	
0	0	0	0	0	0	0	0	0	0	0	0	0	0	0	0	0	0	0	0	0	0	0	0	0	0	0	0	0	0	0	0	0	0	0	0	0	1.0	0	0	0	0	0	0	0	0	0	
0	0	0	0	0	0	0	0	0	0	0	0	0	0	0	0	0	0	0	0	0	0	0	0	0	0	0	0	0	0	0	0	0	0	0	0	1.0	0	0	0	0	0	0	0	0	0	
0	0	0	0	0	0	0	0	0	0	0	0	0	0	0	0	0	0	0	0	0	0	0	0	0	0	0	0	0	0	0	0	0	0	0	1.0	0	0	0	0	0	0	0	0	0	
0	0	0	0	0	0	0	0	0	0	0	0	0	0	0	0	0	0	0	0	0	0	0	0	0	0	0	0	0	0	0	0	0	0	0	0	0	0	0	0	0	0	0	0	
0	0	0	0	0	0	0	0	0	0	0	0	0	0	0	0	0	0	0	0	0	0	0	0	0	0	0	0	0	0	0	0	0	0	0	0	0	0	0	0	0	0	0	
0	0	0	0	0	0	0	0	0	0	0	0	0	0	0	0	0	0	0	0	0	0	0	0	0	0	0	0	0	0	0	0	0	0	0	0	0	0	0	0	0	0	
0	0	0	0	0	0	0	0	0	0	0	0	0	0	0	0	0	0	0	0	0	0	0	0	0	0	0	0	0	0	0	1.0	0	0	0	0	0	0	0	0	0	
0	0	0	0	0	0	0	0	0	0	0	0	0	0	0	0	0	0	0	0	0	0	0	0	0	0	0	0	0	0	0	0	0	0	0	0	0	0	0	0	
0	0	0	0	0	0	0	0	0	0	0	0	0	0	0	0	0	0	0	0	0	0	0	0	0	0	0	0	0	0	0	0	0	0	0	0	0	0	0	
0	0	0	0	0	0	0	0	0	0	0	0	0	0	0	0	0	0	0	0	0	0	0	0	0	0	0	0	0	0	0	0	0	0	0	0	0	0	
0	0	0	0	0	0	0	0	0	0	0	0	0	0	0	0	0	0	0	0	0	0	0	0	0	0	0	0	0	0	0	0	0	0	0	0	0	
0	0	0	0	0	0	0	0	0	0	0	0	0	0	0	0	0	0	0	0	0	0	0	0	0	0	0	0	0	0	0	0	0	0	0	0	
0	0	0	0	0	0	0	0	0	0	0	0	0	0	0	0	0	0	0	0	0	0	0	0	0	0	0	0	0	0	0	0	0	0	0	
0	0	0	0	0	0	0	0	0	0	0	0	0	0	0	0	0	0	0	0	0	0	0	0	0	0	0	0	0	0	0	0	0	0	
0	0	0	0	0	0	0	0	0	0	0	0	0	0	0	0	0	0	0	0	0	0	0	0	0	0	0	0	0	0	0	0	0	
0	0	0	0	0	0	0	0	0	0	0	0	0	0	0	0	0	0	0	0	0	0	0	0	0	0	0	0	0	0	0	0	
0	0	0	0	0	0	0	0	0	0	0	0	0	0	0	0	0	0	0	0	0	0	0	0	0	0	0	0	0	0	0	
0	0	0	0	0	0	0	0	0	0	0	0	0	0	0	0	0	0	0	0	0	0	0	0	0	0	0	0	0	0	
0	0	0	0	0	0	0	0	0	0	0	0	0	0	0	0	0	0	0	0	0	0	0	0	0	0	0	0	0	
0	0	0	0	0	0	0	0	0	0	0	0	0	0	0	0	0	0	1.0	0	0	0	0	0	0	0	0	0	
0	0	0	0	0	0	0	0	0	0	0	0	0	0	0	0	0	0	0	0	0	0	0	0	0	0	0	
0	0	0	0	0	0	0	0	0	0	0	0	0	0	0	0	0	0	0	0	0	0	0	0	0	0	
0	0	0	0	0	0	0	0	0	0	0	0	0	0	0	0	0	0	0	0	0	0	0	0	0	
0	0	0	0	0	0	0	0	0	0	0	0	0	0	0	0	0	0	0	0	0	0	0	0	
0	0	0	0	0	0	0	0	0	0	0	0	0	0	0	0	0	0	0	0	0	0	0	
0	0	0	0	0	0	0	0	0	0	0	0	0	0	0	0	0	0	0	0	0	0	
0	0	0	0	0	0	0	0	0	0	0	0	0	0	0	0	0	0	0	0	0	
0	0	0	0	0	0	0	0	0	0	0	0	0	0	0	0	0	0	0	0	
0	0	0	0	0	0	0	0	0	0	0	0	0	0	0	0	0	0	0	
0	0	0	0	0	0	0	0	1.0	0	0	0	0	0	0	0	0	0	
0	0	0	0	0	0	0	0	0	0	0	0	0	0	0	0	0	
0	0	0	0	0	0	0	0	0	0	0	0	0	0	0	0	
0	0	0	0	0	0	0	0	0	0	0	0	0	0	0	
0	0	0	0	0	0	0	0	0	0	0	0	0	0	
0	0	0	1.0	0	0	0	0	0	0	0	0	0	
0	0	1.0	0	0	0	0	0	0	0	0	0	
0	1.0	0	0	0	0	0	0	0	0	0	
0	0	0	0	0	0	0	0	0	0	
0	0	0	0	0	0	0	0	0	
0	0	0	0	0	0	0	0	
0	0	0	0	0	0	0	
0	0	0	0	0	0	
0	0	0	0	0	
0	0	0	0	
0	0	0	
0	0	
1.0	

1.0	1.0	0	0	0	0	0	0	0	0	0	0	0	0	0	0	0	0	0	0	0	0	0	0	0	0	0	0	0	0	0	0	0	0	0	0	0	0	0	0	0	0	0	0	0	0	0	0	0	0	0	0	0	0	0	0	0	0	0	0	0	0	0	0	
1.0	0	0	0	0	0	0	0	0	0	0	0	0	0	0	0	0	0	0	0	0	0	0	0	0	0	0	0	0	0	0	0	0	0	0	0	0	0	0	0	0	0	0	0	0	0	0	0	0	0	0	0	0	0	0	0	0	0	0	0	0	0	0	
0	0	0	0	0	0	0	0	0	0	0	0	0	0	0	0	0	0	0	0	0	0	0	0	0	0	0	0	0	0	0	0	0	0	0	0	0	0	0	0	0	0	0	0	0	0	0	0	0	0	0	0	0	0	0	0	0	0	0	0	0	0	
1.0	0	0	0	0	0	0	0	0	0	0	0	0	0	0	0	0	0	0	0	0	0	0	0	0	0	0	0	0	0	0	0	0	0	0	0	0	0	0	0	0	0	0	0	0	0	0	0	0	0	0	0	0	0	0	0	0	0	0	0	0	
0	0	0	0	0	0	0	0	0	0	0	0	0	0	0	0	0	0	0	0	0	0	0	0	0	0	0	0	0	0	0	0	0	0	0	0	0	0	0	0	0	0	0	0	0	0	0	0	0	0	0	0	0	0	0	0	0	0	0	0	
0	0	0	0	0	0	0	0	0	0	0	0	0	0	0	0	0	0	0	0	0	0	0	0	0	0	0	0	0	0	0	0	0	0	0	0	0	0	0	0	0	0	0	0	0	0	0	0	0	0	0	0	0	0	0	0	0	0	0	
0	0	0	0	0	0	0	0	0	0	0	0	0	0	0	0	0	0	0	0	0	0	0	0	0	0	0	0	0	0	0	0	0	0	0	0	0	0	0	0	0	0	0	0	0	0	0	0	0	0	0	0	0	0	0	0	0	0	
0	0	0	0	0	0	0	0	0	0	0	0	0	0	0	0	0	0	0	0	0	0	0	0	0	0	0	0	0	0	0	0	0	0	0	0	0	0	0	0	0	0	0	0	0	0	0	0	0	0	0	0	0	0	0	0	0	
0	0	0	0	0	0	0	0	0	0	0	0	0	0	0	0	0	0	0	0	0	0	0	0	0	0	0	0	0	0	0	0	0	0	0	0	0	0	0	0	0	0	0	0	0	0	0	0	0	0	0	0	0	0	0	0	
0	0	0	0	0	0	0	0	0	0	0	0	0	0	0	0	0	0	0	0	0	0	0	0	0	0	0	0	0	0	0	0	0	0	0	0	0	0	0	0	0	0	0	0	0	0	0	0	0	0	0	0	0	0	0	
0	0	0	0	0	0	0	0	0	0	0	0	0	0	0	0	0	0	0	0	0	0	0	0	0	0	0	0	0	0	0	0	0	0	0	0	0	0	0	0	0	0	0	0	0	0	0	0	0	0	0	0	0	0	
1.0	0	0	1.0	1.0	0	0	0	0	0	0	0	0	0	0	0	0	0	0	0	0	0	0	0	0	0	0	0	0	0	0	0	0	0	0	0	0	0	0	0	0	0	0	0	0	0	0	0	0	0	0	0	0	
0	0	1.0	1.0	0	0	0	0	0	0	0	0	0	0	0	0	0	0	0	0	0	0	0	0	0	0	0	0	0	0	0	0	0	0	0	0	0	0	0	0	0	0	0	0	0	0	0	0	0	0	0	0	
1.0	0	0	0	0	0	0	0	0	0	0	0	0	0	0	0	0	0	0	0	0	0	0	0	0	0	0	0	0	0	0	0	0	0	0	0	0	0	0	0	0	0	0	0	0	0	0	0	0	0	0	
0	0	0	0	0	0	0	0	0	0	0	0	0	0	0	0	0	0	0	0	0	0	0	0	0	0	0	0	0	0	0	0	0	0	0	0	0	0	0	0	0	0	0	0	0	0	0	0	0	0	
1.0	0	0	0	0	0	0	0	0	0	0	0	0	0	0	0	0	0	0	0	0	0	0	0	0	0	0	0	0	0	0	0	0	0	0	0	0	0	0	0	0	0	0	0	0	0	0	0	0	
0	0	0	0	0	0	0	0	0	0	0	0	0	0	0	0	0	0	0	0	0	0	0	0	0	0	0	0	0	0	0	0	0	0	0	0	0	0	0	0	0	0	0	0	0	0	0	0	
1.0	1.0	0	0	0	0	0	0	0	0	0	0	0	0	0	0	0	0	0	0	0	0	0	0	0	0	0	0	0	0	0	0	0	0	0	0	0	0	0	0	0	0	0	0	0	0	0	
1.0	0	0	0	0	0	0	0	0	0	0	0	0	0	0	0	0	0	0	0	0	0	0	0	0	0	0	0	0	0	0	0	0	0	0	0	0	0	0	0	0	0	0	0	0	0	
0	0	0	0	0	0	0	0	0	0	0	0	0	0	0	0	0	0	0	0	0	0	0	0	0	0	0	0	0	0	0	0	0	0	0	0	0	0	0	0	0	0	0	0	0	
1.0	1.0	0	0	0	0	0	0	0	0	0	0	0	0	0	0	0	0	0	0	0	0	0	0	0	0	0	0	0	0	0	0	0	0	0	0	0	0	0	0	0	0	0	0	
1.0	0	0	0	0	0	0	0	0	0	0	0	0	0	0	0	0	0	0	0	0	0	0	0	0	0	0	0	0	0	0	0	0	0	0	0	0	0	0	0	0	0	0	
0	0	0	0	0	0	0	0	0	0	0	0	0	0	0	0	0	0	0	0	0	0	0	0	0	0	0	0	0	0	0	0	0	0	0	0	0	0	0	0	0	0	
0	0	0	0	0	0	0	0	0	0	0	0	0	0	0	0	0	0	0	0	0	0	0	0	0	0	0	0	0	0	0	0	0	0	0	0	0	0	0	0	0	
1.0	1.0	1.0	1.0	1.0	0	1.0	0	0	0	0	0	0	0	0	0	0	0	0	0	0	0	0	0	0	0	0	0	0	0	0	0	0	0	0	0	0	0	0	0	
1.0	1.0	1.0	1.0	0	1.0	0	0	0	0	0	0	0	0	0	0	0	0	0	0	0	0	0	0	0	0	0	0	0	0	0	0	0	0	0	0	0	0	0	
1.0	1.0	1.0	0	1.0	0	0	0	0	0	0	0	0	0	0	0	0	0	0	0	0	0	0	0	0	0	0	0	0	0	0	0	0	0	0	0	0	0	
1.0	1.0	0	1.0	0	0	0	0	0	0	0	0	0	0	0	0	0	0	0	0	0	0	0	0	0	0	0	0	0	0	0	0	0	0	0	0	0	
1.0	0	1.0	0	0	0	0	0	0	0	0	0	0	0	0	0	0	0	0	0	0	0	0	0	0	0	0	0	0	0	0	0	0	0	0	0	
0	1.0	0	0	0	0	0	0	0	0	0	0	0	0	0	0	0	0	0	0	0	0	0	0	0	0	0	0	0	0	0	0	0	0	0	
0	0	0	0	0	0	0	0	0	0	0	0	0	0	0	0	0	0	0	0	0	0	0	0	0	0	0	0	0	0	0	0	0	0	
0	0	0	0	0	0	0	0	0	0	0	0	0	0	0	0	0	0	0	0	0	0	0	0	0	0	0	0	0	0	0	0	0	
0	0	0	0	0	0	0	0	0	0	0	0	0	0	0	0	0	0	0	0	0	0	0	0	0	0	0	0	0	0	0	0	
0	0	0	0	0	0	0	0	0	0	0	0	0	0	0	0	0	0	0	0	0	0	0	0	0	0	0	0	0	0	0	
1.0	1.0	0	0	0	0	0	0	0	0	0	0	0	0	0	0	0	0	0	0	0	0	0	0	0	0	0	0	0	0	
1.0	0	0	0	0	0	0	0	0	0	0	0	0	0	0	0	0	0	0	0	0	0	0	0	0	0	0	0	0	
0	0	0	0	0	0	0	0	0	0	0	0	0	0	0	0	0	0	0	0	0	0	0	0	0	0	0	0	
0	0	0	0	0	0	0	0	0	0	0	0	0	0	0	0	0	0	0	0	0	0	0	0	0	0	0	
0	0	0	0	0	0	0	0	0	0	0	0	0	0	0	0	0	0	0	0	0	0	0	0	0	0	
0	0	0	0	0	0	0	0	0	0	0	0	0	0	0	0	0	0	0	0	0	0	0	0	0	
0	0	0	0	0	0	0	0	0	0	0	0	0	0	0	0	0	0	0	0	0	0	0	0	
0	0	0	0	0	0	0	0	0	0	0	0	0	0	0	0	0	0	0	0	0	0	0	
1.0	0	0	0	0	0	0	0	0	0	0	0	0	0	0	0	1.0	0	0	0	0	0	
0	0	0	0	0	0	0	0	0	0	0	0	0	0	0	1.0	0	0	0	0	0	
0	0	0	0	0	0	0	0	0	0	0	0	0	0	0	0	0	0	0	0	
0	0	0	0	0	0	0	0	0	0	0	0	0	0	0	0	0	0	0	
1.0	0	0	0	0	0	0	0	0	0	0	0	0	0	0	0	0	0	
0	0	0	0	0	0	0	0	0	0	0	0	0	0	0	0	0	
0	0	0	0	0	0	0	0	0	0	0	0	0	0	0	0	
0	0	0	0	0	0	0	0	0	0	0	1.0	0	0	0	
0	0	0	0	0	0	0	0	0	0	0	0	0	0	
1.0	0	0	0	0	0	0	0	0	0	0	0	0	
0	0	0	0	0	0	0	0	0	0	0	0	
0	0	0	0	0	0	0	0	0	0	0	
0	0	0	0	0	0	0	0	0	0	
0	0	0	0	0	0	0	0	0	
0	0	0	0	0	0	0	0	
0	0	0	0	0	0	0	
0	0	0	0	0	0	
0	0	0	0	0	
0	0	0	0	
0	0	0	
0	0	
0	

0	0	0	0	0	0	0	0	0	0	0	0	0	0	0	0	0	0	0	0	0	0	0	0	0	0	0	0	0	0	0	0	0	0	0	0	0	0	0	0	0	0	0	0	0	0	0	0	0	0	0	0	0	0	0	0	0	0	0	0	0	0	0	0	
0	0	0	0	0	0	0	0	0	0	0	0	0	0	0	0	0	0	0	0	0	0	0	0	0	0	0	0	0	0	0	0	0	0	0	0	0	0	0	0	0	0	0	0	0	0	0	0	0	0	0	0	0	0	0	0	0	0	0	0	0	0	0	
0	0	0	0	0	0	0	0	0	0	0	0	0	0	0	0	0	0	0	0	0	0	0	0	0	0	0	0	0	0	0	0	0	0	0	0	0	0	0	0	0	0	0	0	0	0	0	0	0	0	0	0	0	0	0	0	0	0	0	0	0	0	
0	0	0	0	0	0	0	0	0	0	0	0	0	0	0	0	0	0	0	0	0	0	0	0	0	0	0	0	0	0	0	0	0	0	0	0	0	0	0	0	0	0	0	0	0	0	0	0	0	0	0	0	0	0	0	0	0	0	0	0	0	
0	0	0	0	0	0	0	0	0	0	0	0	0	0	0	0	0	0	0	0	0	0	0	0	0	0	0	0	0	0	0	0	0	0	0	0	0	0	0	0	0	0	0	0	0	0	0	0	0	0	0	0	0	0	0	0	0	0	0	0	
0	0	0	0	0	0	0	0	0	0	0	0	0	0	0	0	0	0	0	0	0	0	0	0	0	0	0	0	0	0	0	0	0	0	0	0	0	0	0	0	0	0	0	0	0	0	0	0	0	0	0	0	0	0	0	0	0	0	0	
0	0	0	0	0	0	0	0	0	0	0	0	0	0	0	0	0	0	0	0	0	0	0	0	0	0	0	0	0	0	0	0	0	0	0	0	0	0	0	0	0	0	0	0	0	0	0	0	0	0	0	0	0	0	0	0	0	0	
0	0	0	0	0	0	0	0	0	0	0	0	0	0	0	0	0	0	0	0	0	0	0	0	0	0	0	0	0	0	0	0	0	0	0	0	0	0	0	0	0	0	0	0	0	0	0	0	0	0	0	0	0	0	0	0	0	
0	0	0	0	0	0	0	0	0	0	0	0	0	0	0	0	0	0	0	0	0	0	0	0	0	0	0	0	0	0	0	0	0	0	0	0	0	0	0	0	0	0	0	0	0	0	0	0	0	0	0	0	0	0	0	0	
0	0	0	0	0	0	0	0	0	0	0	0	0	0	0	0	0	0	0	0	0	0	0	0	0	0	0	0	0	0	0	0	0	0	0	0	0	0	0	0	0	0	0	0	0	0	0	0	0	0	0	0	0	0	0	
0	0	0	0	0	0	0	0	0	0	0	0	0	0	0	0	0	0	0	0	0	0	0	0	0	0	0	0	0	0	0	0	0	0	0	0	0	0	0	0	0	0	0	0	0	0	0	0	0	0	0	0	0	0	
0	0	0	0	0	0	0	0	0	0	0	0	0	0	0	0	0	0	0	0	0	0	0	0	0	0	0	0	0	0	0	0	0	0	0	0	0	0	0	0	0	0	0	0	0	0	0	0	0	0	0	0	0	
0	0	0	0	0	0	0	0	0	0	0	0	0	0	0	0	0	0	0	0	0	0	0	0	0	0	0	0	0	0	0	0	0	0	0	0	0	0	0	0	0	0	0	0	0	0	0	0	0	0	0	0	
0	0	0	0	0	0	0	0	0	0	0	0	0	0	0	0	0	0	0	0	0	0	0	0	0	0	0	0	0	0	0	0	0	0	0	0	0	0	0	0	0	0	0	0	0	0	0	0	0	0	0	
0	0	0	0	0	0	0	0	0	0	0	0	0	0	0	0	0	0	0	0	0	0	0	0	0	0	0	0	0	0	0	0	0	0	0	0	0	0	0	0	0	0	0	0	0	0	0	0	0	0	
0	0	0	0	0	0	0	0	0	0	0	0	0	0	0	0	0	0	0	0	0	0	0	0	0	0	0	0	0	0	0	0	0	0	0	0	0	0	0	0	0	0	0	0	0	0	0	0	0	
0	0	0	0	0	0	0	0	0	0	0	0	0	0	0	0	0	0	0	0	0	0	0	0	0	0	0	0	0	0	0	0	0	0	0	0	0	0	0	0	0	0	0	0	0	0	0	0	
0	0	0	0	0	0	0	0	0	0	0	0	0	0	0	0	0	0	0	0	0	0	0	0	0	0	0	0	0	0	0	0	0	0	0	0	0	0	0	0	0	0	0	0	0	0	0	
0	0	0	0	0	0	0	0	0	0	0	0	0	0	0	0	0	0	0	0	0	0	0	0	0	0	0	0	0	0	0	0	0	0	0	0	0	0	0	0	0	0	0	0	0	0	
0	0	0	0	0	0	0	0	0	0	0	0	0	0	0	0	0	0	0	0	0	0	0	0	0	0	0	0	0	0	0	0	0	0	0	0	0	0	0	0	0	0	0	0	0	
0	0	0	0	0	0	0	0	0	0	0	0	0	0	0	0	0	0	0	0	0	0	0	0	0	0	0	0	0	0	0	0	0	0	0	0	0	0	0	0	0	0	0	0	
0	0	0	0	0	0	0	0	0	0	0	0	0	0	0	0	0	0	0	0	0	0	0	0	0	0	0	0	0	0	0	0	0	0	0	0	0	0	0	0	0	0	0	
0	0	0	0	0	0	0	0	0	0	0	0	0	0	0	0	0	0	0	0	0	0	0	0	0	0	0	0	0	0	0	0	0	0	0	0	0	0	0	0	0	0	
0	0	0	0	0	0	0	0	0	0	0	0	0	0	0	0	0	0	0	0	0	0	0	0	0	0	0	0	0	0	0	0	0	0	0	0	0	0	0	0	0	
0	0	0	0	0	0	0	0	0	0	0	0	0	0	0	0	0	0	0	0	0	0	0	0	0	0	0	0	0	0	0	0	0	0	0	0	0	0	0	0	
0	0	0	0	0	0	0	0	0	0	0	0	0	0	0	0	0	0	0	0	0	0	0	0	0	0	0	0	0	0	0	0	0	0	0	0	0	0	0	
0	0	0	0	0	0	0	0	0	0	0	0	0	0	0	0	0	0	0	0	0	0	0	0	0	0	0	0	0	0	0	0	0	0	0	0	0	0	
0	0	0	0	0	0	0	0	0	0	0	0	0	0	0	0	0	0	0	0	0	0	0	0	0	0	0	0	0	0	0	0	0	0	0	0	0	
0	0	0	0	0	0	0	0	0	0	0	0	0	0	0	0	0	0	0	0	0	0	0	0	0	0	0	0	0	0	0	0	0	0	0	0	
0	0	0	0	0	0	0	0	0	0	0	0	0	0	0	0	0	0	0	0	0	0	0	0	0	0	0	0	0	0	0	0	0	0	0	
0	0	0	0	0	0	0	0	0	0	0	0	0	0	0	0	0	0	0	0	0	0	0	0	0	0	0	0	0	0	0	0	0	0	
0	0	0	0	0	0	0	0	0	0	0	0	0	0	0	0	0	0	0	0	0	0	0	0	0	0	0	0	0	0	0	0	0	
0	0	0	0	0	0	0	0	0	0	0	0	0	0	0	0	0	0	0	0	0	0	0	0	0	0	0	0	0	0	0	0	
0	0	0	0	0	0	0	0	0	0	0	0	0	0	0	0	0	0	0	0	0	0	0	0	0	0	0	0	0	0	0	
0	0	0	0	0	0	0	0	0	0	0	0	0	0	0	0	0	0	0	0	0	0	0	0	0	0	0	0	0	0	
0	0	0	0	0	0	0	0	0	0	0	0	0	0	0	0	0	0	0	0	0	0	0	0	0	0	0	0	0	
0	0	0	0	0	0	0	0	0	0	0	0	0	0	0	0	0	0	0	0	0	0	0	0	0	0	0	0	
0	0	0	0	0	0	0	0	0	0	0	0	0	0	0	0	0	0	0	0	0	0	0	0	0	0	0	
0	0	0	0	0	0	0	0	0	0	0	0	0	0	0	0	0	0	0	0	0	0	0	0	0	0	
0	0	0	0	0	0	0	0	0	0	0	0	0	0	0	0	0	0	0	0	0	0	0	0	0	
0	0	0	0	0	0	0	0	0	0	0	0	0	0	0	0	0	0	0	0	0	0	0	0	
0	0	0	0	0	0	0	0	0	0	0	0	0	0	0	0	0	0	0	0	0	0	0	
0	0	0	0	0	0	0	0	0	0	0	0	0	0	0	0	0	0	0	0	0	0	
0	0	0	0	0	0	0	0	0	0	0	0	0	0	0	0	0	0	0	0	0	
0	0	0	0	0	0	0	0	0	0	0	0	0	0	0	0	0	0	0	0	
0	0	0	0	0	0	0	0	0	0	0	0	0	0	0	0	0	0	0	
0	0	0	0	0	0	0	0	0	0	0	0	0	0	0	0	0	0	
0	0	0	0	0	0	0	0	0	0	0	0	0	0	0	0	0	
0	0	0	0	0	0	0	0	0	0	0	0	0	0	0	0	
0	0	0	0	0	0	0	0	0	0	0	0	0	0	0	
0	0	0	0	0	0	0	0	0	0	0	0	0	0	
0	0	0	0	0	0	0	0	0	0	0	0	0	
0	0	0	0	0	0	0	0	0	0	0	0	
0	0	0	0	0	0	0	0	0	0	0	
0	0	0	0	0	0	0	0	0	0	
0	0	0	0	0	0	0	0	0	
0	0	0	0	0	0	0	0	
0	0	0	0	0	0	0	
0	0	0	0	0	0	
0	0	0	0	0	
0	0	0	0	
0	0	0	
0	0	
0	

0	0	0	0	0	0	0	0	0	0	0	0	0	0	0	0	0	0	0	0	0	0	0	0	0	0	0	0	0	0	0	0	0	0	0	0	0	0	0	0	0	0	0	0	0	0	0	0	0	0	0	0	0	0	0	0	0	0	0	0	0	0	0	0	
0	0	0	0	0	0	0	0	0	0	0	0	0	0	0	0	0	0	0	0	0	0	0	0	0	0	0	0	0	0	0	0	0	0	0	0	0	0	0	0	0	0	0	0	0	0	0	0	0	0	0	0	0	0	0	0	0	0	0	0	0	0	0	
0	0	0	0	0	0	0	0	0	0	0	0	0	0	0	0	0	0	0	0	0	0	0	0	0	0	0	0	0	0	0	0	0	0	0	0	0	0	0	0	0	0	0	0	0	0	0	0	0	0	0	0	0	0	0	0	0	0	0	0	0	0	
0	0	0	0	0	0	0	0	0	0	0	0	0	0	0	0	0	0	0	0	0	0	0	0	0	0	0	0	0	0	0	0	0	0	0	0	0	0	0	0	0	0	0	0	0	0	0	0	0	0	0	0	0	0	0	0	0	0	0	0	0	
0	0	0	0	0	0	0	0	0	0	0	0	0	0	0	0	0	0	0	0	0	0	0	0	0	0	0	0	0	0	0	0	0	0	0	0	0	0	0	0	0	0	0	0	0	0	0	0	0	0	0	0	0	0	0	0	0	0	0	0	
0	0	0	0	0	0	0	0	0	0	0	0	0	0	0	0	0	0	0	0	0	0	0	0	0	0	0	0	0	0	0	0	0	0	0	0	0	0	0	0	0	0	0	0	0	0	0	0	0	0	0	0	0	0	0	0	0	0	0	
0	0	0	0	0	0	0	0	0	0	0	0	0	0	0	0	0	0	0	0	0	0	0	0	0	0	0	0	0	0	0	0	0	0	0	0	0	0	0	0	0	0	0	0	0	0	0	0	0	0	0	0	0	0	0	0	0	0	
0	0	0	0	0	0	0	0	0	0	0	0	0	0	0	0	0	0	0	0	0	0	0	0	0	0	0	0	0	0	0	0	0	0	0	0	0	0	0	0	0	0	0	0	0	0	0	0	0	0	0	0	0	0	0	0	0	
0	0	0	0	0	0	0	0	0	0	0	0	0	0	0	0	0	0	0	0	0	0	0	0	0	0	0	0	0	0	0	0	0	0	0	0	0	0	0	0	0	0	0	0	0	0	0	0	0	0	0	0	0	0	0	0	
0	0	0	0	0	0	0	0	0	0	0	0	0	0	0	0	0	0	0	0	0	0	0	0	0	0	0	0	0	0	0	0	0	0	0	0	0	0	0	0	0	0	0	0	0	0	0	0	0	0	0	0	0	0	0	
0	0	0	0	0	0	0	0	0	0	0	0	0	0	0	0	0	0	0	0	0	0	0	0	0	0	0	0	0	0	0	0	0	0	0	0	0	0	0	0	0	0	0	0	0	0	0	0	0	0	0	0	0	0	
0	0	0	0	0	0	0	0	0	0	0	0	0	0	0	0	0	0	0	0	0	0	0	0	0	0	0	0	0	0	0	0	0	0	0	0	0	0	0	0	0	0	0	0	0	0	0	0	0	0	0	0	0	
0	0	0	0	0	0	0	0	0	0	0	0	0	0	0	0	0	0	0	0	0	0	0	0	0	0	0	0	0	0	0	0	0	0	0	0	0	0	0	0	0	0	0	0	0	0	0	0	0	0	0	0	
0	0	0	0	0	0	0	0	0	0	0	0	0	0	0	0	0	0	0	0	0	0	0	0	0	0	0	0	0	0	0	0	0	0	0	0	0	0	0	0	0	0	0	0	0	0	0	0	0	0	0	
0	0	0	0	0	0	0	0	0	0	0	0	0	0	0	0	0	0	0	0	0	0	0	0	0	0	0	0	0	0	0	0	0	0	0	0	0	0	0	0	0	0	0	0	0	0	0	0	0	0	
0	0	0	0	0	0	0	0	0	0	0	0	0	0	0	0	0	0	0	0	0	0	0	0	0	0	0	0	0	0	0	0	0	0	0	0	0	0	0	0	0	0	0	0	0	0	0	0	0	
0	0	0	0	0	0	0	0	0	0	0	0	0	0	0	0	0	0	0	0	0	0	0	0	0	0	0	0	0	0	0	0	0	0	0	0	0	0	0	0	0	0	0	0	0	0	0	0	
0	0	0	0	0	0	0	0	0	0	0	0	0	0	0	0	0	0	0	0	0	0	0	0	0	0	0	0	0	0	0	0	0	0	0	0	0	0	0	0	0	0	0	0	0	0	0	
0	0	0	0	0	0	0	0	0	0	0	0	0	0	0	0	0	0	0	0	0	0	0	0	0	0	0	0	0	0	0	0	0	0	0	0	0	0	0	0	0	0	0	0	0	0	
0	0	0	0	0	0	0	0	0	0	0	0	0	0	0	0	0	0	0	0	0	0	0	0	0	0	0	0	0	0	0	0	0	0	0	0	0	0	0	0	0	0	0	0	0	
0	0	0	0	0	0	0	0	0	0	0	0	0	0	0	0	0	0	0	0	0	0	0	0	0	0	0	0	0	0	0	0	0	0	0	0	0	0	0	0	0	0	0	0	
0	0	0	0	0	0	0	0	0	0	0	0	0	0	0	0	0	0	0	0	0	0	0	0	0	0	0	0	0	0	0	0	0	0	0	0	0	0	0	0	0	0	0	
0	0	0	0	0	0	0	0	0	0	0	0	0	0	0	0	0	0	0	0	0	0	0	0	0	0	0	0	0	0	0	0	0	0	0	0	0	0	0	0	0	0	
0	0	0	0	0	0	0	0	0	0	0	0	0	0	0	0	0	0	0	0	0	0	0	0	0	0	0	0	0	0	0	0	0	0	0	0	0	0	0	0	0	
0	0	0	0	0	0	0	0	0	0	0	0	0	0	0	0	0	0	0	0	0	0	0	0	0	0	0	0	0	0	0	0	0	0	0	0	0	0	0	0	
0	0	0	0	0	0	0	0	0	0	0	0	0	0	0	0	0	0	0	0	0	0	0	0	0	0	0	0	0	0	0	0	0	0	0	0	0	0	0	
0	0	0	0	0	0	0	0	0	0	0	0	0	0	0	0	0	0	0	0	0	0	0	0	0	0	0	0	0	0	0	0	0	0	0	0	0	0	
0	0	0	0	0	0	0	0	0	0	0	0	0	0	0	0	0	0	0	0	0	0	0	0	0	0	0	0	0	0	0	0	0	0	0	0	0	
0	0	0	0	0	0	0	0	0	0	0	0	0	0	0	0	0	0	0	0	0	0	0	0	0	0	0	0	0	0	0	0	0	0	0	0	
0	0	0	0	0	0	0	0	0	0	0	0	0	0	0	0	0	0	0	0	0	0	0	0	0	0	0	0	0	0	0	0	0	0	0	
0	0	0	0	0	0	0	0	0	0	0	0	0	0	0	0	0	0	0	0	0	0	0	0	0	0	0	0	0	0	0	0	0	0	
0	0	0	0	0	0	0	0	0	0	0	0	0	0	0	0	0	0	0	0	0	0	0	0	0	0	0	0	0	0	0	0	0	
0	0	0	0	0	0	0	0	0	0	0	0	0	0	0	0	0	0	0	0	0	0	0	0	0	0	0	0	0	0	0	0	
0	0	0	0	0	0	0	0	0	0	0	0	0	0	0	0	0	0	0	0	0	0	0	0	0	0	0	0	0	0	0	
0	0	0	0	0	0	0	0	0	0	0	0	0	0	0	0	0	0	0	0	0	0	0	0	0	0	0	0	0	0	
0	0	0	0	0	0	0	0	0	0	0	0	0	0	0	0	0	0	0	0	0	0	0	0	0	0	0	0	0	
0	0	0	0	0	0	0	0	0	0	0	0	0	0	0	0	0	0	0	0	0	0	0	0	0	0	0	0	
0	0	0	0	0	0	0	0	0	0	0	0	0	0	0	0	0	0	0	0	0	0	0	0	0	0	0	
0	0	0	0	0	0	0	0	0	0	0	0	0	0	0	0	0	0	0	0	0	0	0	0	0	0	
0	0	0	0	0	0	0	0	0	0	0	0	0	0	0	0	0	0	0	0	0	0	0	0	0	
0	0	0	0	0	0	0	0	0	0	0	0	0	0	0	0	0	0	0	0	0	0	0	0	
0	0	0	0	0	0	0	0	0	0	0	0	0	0	0	0	0	0	0	0	0	0	0	
0	0	0	0	0	0	0	0	0	0	0	0	0	0	0	0	0	0	0	0	0	0	
0	0	0	0	0	0	0	0	0	0	0	0	0	0	0	0	0	0	0	0	0	
0	0	0	0	0	0	0	0	0	0	0	0	0	0	0	0	0	0	0	0	
0	0	0	0	0	0	0	0	0	0	0	0	0	0	0	0	0	0	0	
0	0	0	0	0	0	0	0	0	0	0	0	0	0	0	0	0	0	
0	0	0	0	0	0	0	0	0	0	0	0	0	0	0	0	0	
0	0	0	0	0	0	0	0	0	0	0	0	0	0	0	0	
0	0	0	0	0	0	0	0	0	0	0	0	0	0	0	
0	0	0	0	0	0	0	0	0	0	0	0	0	0	
0	0	0	0	0	0	0	0	0	0	0	0	0	
0	0	0	0	0	0	0	0	0	0	0	0	
0	0	0	0	0	0	0	0	0	0	0	
0	0	0	0	0	0	0	0	0	0	
0	0	0	0	0	0	0	0	0	
0	0	0	0	0	0	0	0	
0	0	0	0	0	0	0	
0	0	0	0	0	0	
0	0	0	0	0	
0	0	0	0	
0	0	0	
0	0	
0	

0	0	0	0	0	0	0	0	0	0	0	0.07262756778368397	0	0	0.10654299207416143	0.11692962214098294	0	0	0	0	0	0	0.06309689936597503	0	0.06809606666790435	0.12712526306951216	0	0	0	0	0	0	0	0	0	0	0	0	0	0	0	0	0	0	0	0	0	0	0	0	0	0.06985884777066094	0.09379290344095448	0	0	0	0	0	0	0	0.08339688470688282	0	0	0	
0	0	0	0.033940547196321	0	0	0	0	0	0.11509893051235756	0.0954103543610879	0	0	0.032949286086750476	0.036161435838568304	0.07877354359905132	0.03819661404136259	0	0	0	0	0	0	0	0.04878420106410697	0	0.14938875251337527	0	0	0	0	0	0.0261676430332437	0.030796659173839735	0	0	0	0	0	0	0	0	0	0.027250272742715506	0.024647699449455628	0	0	0	0	0	0.09177310523337433	0.029006217567381906	0	0	0	0.045474611467360204	0	0	0.027030706237157087	0	0.038778784963639505	0	0	
0	0	0	0	0	0	0	0	0	0	0	0	0	0	0	0	0	0	0	0	0	0	0	0	0	0	0	0	0	0	0	0	0	0	0	0	0	0	0	0	0	0	0	0	0	0	0	0	0	0	0	0	0	0	0	0	0	0.1797648276484362	0	0	0	0	
0	0	0	0	0.08505523071341864	0	0	0	0	0	0	0	0.22930711643744797	0	0	0	0	0	0	0	0	0	0	0	0.08970157018212005	0	0	0.21998423275758766	0	0	0	0	0	0	0.0892975241615166	0	0	0	0	0	0	0	0	0	0	0	0	0	0	0	0	0	0	0.11770411105523577	0	0	0	0	0	0	0	
0.10997252542120621	0	0	0	0	0	0	0.09030549785183967	0	0	0	0	0	0.12376282811147701	0	0	0	0	0	0.07677385401559834	0	0	0	0	0	0.15495780023284725	0	0	0.052854571160152804	0	0	0	0	0	0.06496983652904745	0	0.22140632888182157	0.04660880516009104	0.04559219379141479	0.042063458062786815	0	0	0	0	0	0	0	0	0	0.0617169886701888	0	0	0.2690095493093159	0	0	0.05040930711797348	0	0	0	0	
0	0	0	0	0.37284873635251514	0	0.12264983821554133	0	0	0.21178123878270091	0.0464854604612068	0	0.5816892713089014	0	0	0.12467809457668518	0	0.1501254306017637	0.1042716224171162	0	0.06271200236132249	0	0	0	0	0	0	0.12472323453384175	0.033638457859227075	0.039589049747739996	0	0	0	0	0	0	0	0	0	0.03503017639547234	0.031684573127357896	0	0	0	0	0	0	0.18643720148130571	0	0	0	0.05845753091198072	0	0	0.251922449356153	0	0.049850058034428844	0	0	
0	0	0	0	0	0	0	0	0	0	0	0	0	0	0	0.20255963974576924	0	0	0	0.20787443713378914	0.0909232027467869	0	0	0	0	0	0.15649615801860203	0	0	0	0	0	0	0	0	0	0	0	0.09629977873736321	0	0	0	0	0	0	0	0	0	0	0	0	0	0.09887804554852679	0	0	0	0	0	
0.25020156371776286	0.11189581568261578	0	0	0	0	0	0	0	0	0	0	0	0	0	0	0.1186243808576869	0.1695305249099562	0	0	0	0	0	0	0.49101290432535416	0	0	0.08030454387698019	0	0	0	0	0.08757950592739873	0	0	0	0	0	0	0	0	0	0	0	0	0	0	0	0.0807791140865469	0	0	0	0	0	0	0	0	
0.1341671949319175	0	0.33923173516234184	0	0	0	0	0.24832883403625963	0.03860133025076245	0	0	0	0	0	0	0.1422349918369999	0	0	0.04316073723414677	0	0.10612878161921749	0	0.29642793471187406	0.0985193995998014	0	0.04389683129056895	0.09628809912626085	0	0	0.29479236011260457	0.05844226022226596	0.10501104596378452	0	0	0	0	0.045712967869872875	0	0	0	0	0	0	0.04497149399908576	0	0	0	0.2551932952069284	0.1561422684424659	0	0	0.39018038805315464	0	0	0	0	
0	0.15075615091642294	0	0	0	0	0	0	0	0	0	0	0	0	0	0	0	0	0	0	0	0	0.1286532310209454	0	0	0.2638268439148638	0	0	0	0	0.2877274874488409	0	0	0	0	0	0	0	0	0.17855752973845948	0	0	0	0	0	0	0.2653859631696572	0	0	0	0	0	0	0	0	
0	0	0	0	0	0	0	0.17418854031571454	0	0	0.1292012522370991	0.1862355820753028	0.15557178421949286	0	0	0	0	0	0	0	0	0	0.1292480298126657	0	0	0	0.09361782809161882	0	0.15887411787310138	0	0	0.22794986721624386	0.11148896099303011	0	0	0	0	0	0	0	0	0	0	0.1509197599470118	0.11475198356156674	0	0	0	0.10582120378307411	0	0	0	0	0	
0.1214990135508631	0	0	0	0.12704084490539047	0.13980867350309029	0	0	0	0	0	0	0	0	0	0.04416061104015756	0	0.10858739089248406	0	0.18141929164958925	0	0	0.0449137576589997	0.1081935357648355	0	0	0.18041829022397146	0.05979615009776325	0.11799502181767399	0	0	0	0	0.04677196737027848	0	0	0	0.1399024910891178	0	0	0.16288052459902408	0	0	0	0.2708371489070436	0	0	0	0.1840826423634063	0	0	0	0	
0	0	0	0	0.08315375128670778	0.1380298468806775	0	0	0	0	0.07051431285467748	0.08562412055312282	0.0761011618232214	0.14206958918571946	0	0	0	0	0	0	0	0	0	0	0	0	0	0	0	0	0	0	0	0	0	0	0	0	0	0.351815716293722	0	0	0	0	0	0	0	0	0	0	0	0	
0.1578218892317233	0	0	0	0	0	0	0	0	0	0	0	0	0	0	0	0	0	0	0	0	0	0	0	0	0	0	0	0	0	0	0	0	0	0	0	0	0	0	0	0	0	0	0	0	0	0	0	0	0	0	
0	0	0	0	0	0	0	0	0	0	0	0	0	0	0	0	0	0	0	0	0	0	0	0	0	0	0	0	0	0	0	0	0.33889613685307673	0	0	0	0	0	0	0	0	0	0	0	0	0	0	0	0	0	
0.199614474624854	0	0.536260771885492	0	0	0	0	0	0	0	0.06088044765230436	0	0	0	0	0	0	0	0.03265601951287675	0.038432819556376396	0	0	0	0	0	0	0	0	0.13576184239596603	0.03400709178456804	0.03075919956361354	0	0	0	0	0	0.1613596099876454	0.4794998526950079	0	0.15145777510169553	0	0.05675023147984768	0	0	0.03373308284609464	0.11018342404409932	0.048394146803724836	0	0	
0	0.05231463068350892	0	0	0	0	0	0	0	0.06681554179370808	0	0.13094718659691626	0	0	0.4522156378886663	0	0	0.0358395793841732	0.04217954631320638	0	0	0.26071471291483667	0.2982199914900824	0	0	0	0	0	0.03732236456918148	0.03375784284177874	0	0	0	0	0	0	0.1757264441275843	0	0	0.11705267264431607	0.2341082366478427	0	0	0.03702164313255576	0.12092495141030264	0.053111980332370835	0	0	
0	0.09540924353181944	0	0.11909287827350017	0	0.08441151192577302	0	0	0	0.030223459102941976	0	0	0	0.04075149692866269	0	0	0.030738911572845418	0	0	0	0.040526645943132204	0.040924399695233	0	0	0	0	0	0.032010667644391914	0	0	0	0.16739463032658802	0	0.09540924353181944	0.11147519832567004	0	0	0	0.03639036836791882	0	0	0	0.03175274470535822	0	0	0	0	
0	0	0.1403124419418422	0	0	0.11734704493406041	0	0.07057594375544136	0	0	0	0	0	0	0.14036324234618983	0.037856643393622456	0.04455342586941673	0	0	0	0	0	0	0	0	0	0.03942288024524671	0.03565774599362391	0	0	0	0	0	0	0.2098159993338322	0	0	0	0.06578797133529962	0	0	0.039105234101436626	0	0.056101141082575134	0	0	
0	0	0	0.1003950029135564	0	0	0	0	0	0	0	0	0	0	0	0	0	0	0	0	0	0	0	0	0	0	0	0	0	0	0	1.0	0	0	0	0	0	0	0	0	0	0	0	0	0	
0.19389579418904404	0	0	0	0	0	0	0	0	0.31204668697729354	0	0	0.07482420495761845	0	0	0.1985359951686402	0	0	0.09197532508176648	0	0	0	0.06454313369376351	0.11432836497090665	0	0	0	0	0	0	0	0	0	0	0	0	0	0	0.17888173197931442	0	0	0	0	0	
0	0	0	0	0	0	0	0	0.18304625712717662	0	0	0.1805116721293247	0	0	0.09190245938097649	0	0	0.09391199408228111	0	0	0	0.06590217956948789	0	0	0	0	0	0.20610087033505933	0	0	0	0	0	0	0	0	0	0.06255191466361859	0	0	0	0	0	
0	0	0	0	0.08719016864921339	0	0	0	0	0	0	0	0	0	0	0	0	0	0	0	0	0	0.09234599854974145	0	0	0	0	0	0	0	0	0	0	0	0	0	0	0	0	0	0	0	
0	0.06611466548756312	0.12342628075493095	0	0	0	0	0	0	0	0	0	0	0	0	0	0	0	0	0	0	0	0.14127469828313013	0	0	0	0	0.1003950029135564	0.06782615469155677	0	0	0	0	0	0	0	0	0	0	0	0	
0.05891256847039498	0.10998103313989972	0.058004126021896446	0.05388606633302892	0.04805966750081027	0	0	0.07103810178783014	0	0	0	0	0	0	0	0	0	0	0	0	0	0	0	0	0	0	0	0	0	0	0	0	0	0	0	0	0	0	0	0	
0.25449930361402917	0.06397057624795939	0.05942892258661637	0.05300320572284077	0.07152488978646393	0	0.07834525952883431	0	0.2333208866662587	0	0	0	0	0	0	0	0	0	0	0	0.0673005857390782	0	0	0	0	0	0.07320002089032082	0	0	0	0	0.12416850482481592	0	0	0	0	0.052942769520023865	0	0	
0.11942358394780973	0.11094498973935787	0.09894912879335867	0	0	0.14625898697533057	0	0.048349995131159895	0.05690303552442512	0	0	0	0	0	0	0	0	0	0.05035037174571822	0.04554159298418665	0	0	0	0	0	0.13665358907964364	0.053594833756123506	0	0	0	0.08402351103020632	0	0.20679367766508744	0.049944678368548996	0	0.0716516218828842	0	0	
0.05851251786436519	0.05218588671544891	0	0.20861458967496044	0.07713716147365626	0	0.03436964676192861	0	0	0	0.04531346213122487	0.045758196679666484	0	0	0	0	0	0.2700880186714984	0	0	0	0	0	0	0.035211069174299316	0	0	0	0.04068862696643796	0	0	0	0.0355032290801388	0	0	0	0	
0.04848089861978186	0	0.12562329866960445	0.07166073320959769	0	0	0	0	0	0	0	0	0	0.14141164231796768	0	0	0	0	0	0	0	0	0	0	0	0	0	0	0	0	0	0	0	0	0	0	
0	0	0.06391245910645696	0	0	0	0	0	0	0	0	0	0	0	0	0	0	0	0	0	0	0	0	0	0	0	0	0	0	0	0.08729958493021535	0	0	0	0.11917223146906845	
0	0	0.0706373787904611	0.07162298954805019	0	0.18742681331812122	0	0	0.08682879932845895	0	0	0	0.06093159006008981	0	0	0.0674627790439181	0	0	0	0	0	0	0	0	0	0	0.12446774887943152	0	0.05783401469656347	0	0	0.0530703607238972	0	0	
0	0	0.04634196733363382	0	0	0	0.31121284887545414	0.061697604006917234	0	0	0	0	0	0.44473161805534883	0	0	0	0	0	0	0.04747649077572703	0	0	0	0.1671557912940331	0.16483968639246294	0	0	0.04787042164462409	0	0	0	0	
0	0	0.09233087915227448	0	0	0	0	0.1006953328865933	0	0	0	0	0	0	0	0	0	0	0	0	0	0	0	0.092876520563748	0	0	0	0	0	0	0	0	
0	0	0	0	0	0.16763029151072828	0	0.06018657544492692	0.05286048415328286	0.11763355341753894	0.28126141148053396	0	0	0	0	0	0	0	0	0	0.4126766591513891	0	0	0	0	0.06257456171126209	0.0571707506968926	0	0	0	0	
0.030522552150734898	0	0	0.04608627029642732	0.046538589665675346	0	0	0	0	0	0.06340976295612775	0.09182121318186535	0	0	0	0	0	0.03581158391061772	0.02874804644875355	0	0	0.04138255988772919	0.1694086704712395	0	0	0.06289884476451858	0	0.09144901570471044	0	0	
0	0	0.2515087150536829	0	0.20649409005593805	0	0	0	0.16443258838442218	0.03178535681851899	0.028749654330193372	0	0	0.12814581934072292	0	0	0	0.03383353201781395	0	0	0.19046019365140018	0.05304265264867664	0	0	0.03152924930023974	0	0.045232483678072415	0	0	
0	0	0	0	0	0	0	0.11432120363616906	0	0	0	0	0	0	0	0	0	0	0.12753830416635917	0	0	0	0	0	0	0	0	0	
0	0	0	0	0.06652391339875795	0	0	0	0	0	0	0	0	0	0	0	0.08808755331585388	0	0	0	0	0.06176481418644044	0	0	0	0.10767736128871278	0.08856134080464134	
0.06135718051057034	0	0	0	0	0	0.047992990185500774	0	0	0	0	0	0	0.04721453387733043	0	0	0	0.16623349034211016	0.16393016481084438	0	0	0.04760629118817985	0	0	0	0	
0	0.07398247459148959	0.17787149983922718	0.25502937483909477	0.05864045897058083	0.048464023291660274	0	0	0	0	0	0	0.047677926728289535	0	0.08603934884525831	0.11366407808352885	0.05509487273952224	0	0.27136774559156074	0.07691783238461783	0.11834889487532077	0	0	0	0	
0	0	0	0	0	0	0	0	0.13975482585038804	0	0	0	0	0	0	0.2077143939000425	0	0	0	0	0	0	0	0	
0.05307439463780162	0.05191675859051245	0.047898515428293924	0	0	0	0	0	0	0	0	0	0.07027839055919567	0	0	0	0	0.15631251957544728	0.057402103534040495	0	0	0	0	
0.12482026004504322	0.042068163823009486	0	0	0	0	0	0	0	0	0	0.16896599909742796	0.08154163766023935	0	0	0	0.07519551286030918	0.05041494655237124	0	0	0	0	
0.04115059098554002	0	0	0	0	0	0	0	0	0	0.06037759791016777	0.07976308625603261	0	0	0	0.053976628347020286	0.04931531725184948	0	0	0	0	
0	0	0	0	0	0	0	0	0	0.32842206387613493	0.10368052837501718	0	0	0	0.09561140453509465	0.04549841993931012	0	0	0	0	
0.02543899055200286	0	0	0	0	0	0.03729321084337672	0.02993743477597723	0	0	0.04309467391846305	0.04693453090202002	0	0	0.06550114860774255	0	0.040023741214921534	0	0	
0.15610291935385864	0	0	0	0	0	0.027078220523250318	0	0	0	0.1595685934954986	0	0	0.025234018282067328	0	0.08613721347294179	0	0	
0	0	0	0	0	0	0	0	0	0	0	0	0	0	0	0	0	
0	0	0	0	0	0	0	0	0	0	0	0	0	0	0	0	
0	0	0	0	0	0	0.1289031138274806	0	0	0	0	0	0	0	0	
0	0	0	0	0	0	0	0	0	0	0	0	0	0	
0	0	0	0	0	0	0	0	0	0	0	0	0	
0.1420495710154892	0	0	0.042395669321526996	0	0	0	0.036992724310150285	0	0	0	0	
0	0	0	0.04995888399432359	0	0	0.02969621671547537	0.09699768188383957	0.04260277893368769	0	0	
0	0	0	0	0.09957004045283863	0.06675688583935355	0	0	0	0	
0	0	0	0	0	0	0	0	0	
0	0	0	0.04274744264302615	0	0	0	0	
0	0	0.04655636034066537	0	0.15892178187240938	0	0	
0	0	0	0	0	0	
0	0	0	0	0	
0	0.03970125369045138	0	0	
0	0	0	
0	0	
0.12386848210836082	

1.0	0	1.0	1.0	1.0	0	0	0	0	0	1.0	1.0	1.0	1.0	1.0	1.0	1.0	1.0	1.0	1.0	0	0	1.0	1.0	0	1.0	1.0	1.0	1.0	0	1.0	0	1.0	1.0	1.0	0	0	1.0	1.0	1.0	0	1.0	1.0	0	1.0	0	0	0	0	0	1.0	1.0	1.0	1.0	0	1.0	1.0	0	0	1.0	0	0	0	0	
0	1.0	1.0	1.0	0	0	0	0	0	1.0	1.0	1.0	1.0	1.0	1.0	1.0	1.0	1.0	1.0	0	0	1.0	1.0	0	1.0	1.0	1.0	1.0	0	1.0	0	1.0	1.0	1.0	0	0	1.0	1.0	1.0	0	1.0	1.0	0	1.0	0	0	0	0	0	1.0	1.0	1.0	1.0	0	1.0	1.0	0	0	1.0	0	0	0	0	
0	0	0	0	0	0	0	0	0	0	0	0	0	0	0	0	0	0	0	0	0	0	0	0	0	0	0	0	0	0	0	0	0	0	0	0	0	0	0	0	0	0	0	0	0	0	0	0	0	0	0	0	0	0	0	0	0	0	0	0	0	0	
1.0	1.0	0	0	0	0	0	1.0	1.0	1.0	1.0	1.0	1.0	1.0	1.0	1.0	1.0	0	0	1.0	1.0	0	1.0	1.0	1.0	1.0	0	1.0	0	1.0	1.0	1.0	0	0	1.0	1.0	1.0	0	1.0	1.0	0	1.0	0	0	0	0	0	1.0	1.0	1.0	1.0	0	1.0	1.0	0	0	1.0	0	0	0	0	
1.0	0	0	0	0	0	1.0	1.0	1.0	1.0	1.0	1.0	1.0	1.0	1.0	1.0	0	0	1.0	1.0	0	1.0	1.0	1.0	1.0	0	1.0	0	1.0	1.0	1.0	0	0	1.0	1.0	1.0	0	1.0	1.0	0	1.0	0	0	0	0	0	1.0	1.0	1.0	1.0	0	1.0	1.0	0	0	1.0	0	0	0	0	
0	0	0	0	0	1.0	1.0	1.0	1.0	1.0	1.0	1.0	1.0	1.0	1.0	0	0	1.0	1.0	0	1.0	1.0	1.0	1.0	0	1.0	0	1.0	1.0	1.0	0	0	1.0	1.0	1.0	0	1.0	1.0	0	1.0	0	0	0	0	0	1.0	1.0	1.0	1.0	0	1.0	1.0	0	0	1.0	0	0	0	0	
0	0	0	0	0	0	0	0	0	0	0	0	0	0	0	0	0	0	0	0	0	0	0	0	0	0	0	0	0	0	0	0	0	0	0	0	0	0	0	0	0	0	0	0	0	0	0	0	0	0	0	0	0	0	0	0	0	0	
0	0	0	0	0	0	0	0	0	0	0	0	0	0	0	0	0	0	0	0	0	0	0	0	0	0	0	0	0	0	0	0	0	0	0	0	0	0	0	0	0	0	0	0	0	0	0	0	0	0	0	0	0	0	0	0	0	
0	0	0	0	0	0	0	0	0	0	0	0	0	0	0	0	0	0	0	0	0	0	0	0	0	0	0	0	0	0	0	0	0	0	0	0	0	0	0	0	0	0	0	0	0	0	0	0	0	0	0	0	0	0	0	0	
0	0	0	0	0	0	0	0	0	0	0	0	0	0	0	0	0	0	0	0	0	0	0	0	0	0	0	0	0	0	0	0	0	0	0	0	0	0	0	0	0	0	0	0	0	0	0	0	0	0	0	0	0	0	0	
0	0	0	0	0	0	0	0	0	0	0	0	0	0	0	0	0	0	0	0	0	0	0	0	0	0	0	0	0	0	0	0	0	0	0	0	0	0	0	0	0	0	0	0	0	0	0	0	0	0	0	0	0	0	
1.0	1.0	1.0	1.0	1.0	1.0	1.0	1.0	1.0	0	0	1.0	1.0	0	1.0	1.0	1.0	1.0	0	1.0	0	1.0	1.0	1.0	0	0	1.0	1.0	1.0	0	1.0	1.0	0	1.0	0	0	0	0	0	1.0	1.0	1.0	1.0	0	1.0	1.0	0	0	1.0	0	0	0	0	
1.0	1.0	1.0	1.0	1.0	1.0	1.0	1.0	0	0	1.0	1.0	0	1.0	1.0	1.0	1.0	0	1.0	0	1.0	1.0	1.0	0	0	1.0	1.0	1.0	0	1.0	1.0	0	1.0	0	0	0	0	0	1.0	1.0	1.0	1.0	0	1.0	1.0	0	0	1.0	0	0	0	0	
1.0	1.0	1.0	1.0	1.0	1.0	1.0	0	0	1.0	1.0	0	1.0	1.0	1.0	1.0	0	1.0	0	1.0	1.0	1.0	0	0	1.0	1.0	1.0	0	1.0	1.0	0	1.0	0	0	0	0	0	1.0	1.0	1.0	1.0	0	1.0	1.0	0	0	1.0	0	0	0	0	
1.0	1.0	1.0	1.0	1.0	1.0	0	0	1.0	1.0	0	1.0	1.0	1.0	1.0	0	1.0	0	1.0	1.0	1.0	0	0	1.0	1.0	1.0	0	1.0	1.0	0	1.0	0	0	0	0	0	1.0	1.0	1.0	1.0	0	1.0	1.0	0	0	1.0	0	0	0	0	
1.0	1.0	1.0	1.0	1.0	0	0	1.0	1.0	0	1.0	1.0	1.0	1.0	0	1.0	0	1.0	1.0	1.0	0	0	1.0	1.0	1.0	0	1.0	1.0	0	1.0	0	0	0	0	0	1.0	1.0	1.0	1.0	0	1.0	1.0	0	0	1.0	0	0	0	0	
1.0	1.0	1.0	1.0	0	0	1.0	1.0	0	1.0	1.0	1.0	1.0	0	1.0	0	1.0	1.0	1.0	0	0	1.0	1.0	1.0	0	1.0	1.0	0	1.0	0	0	0	0	0	1.0	1.0	1.0	1.0	0	1.0	1.0	0	0	1.0	0	0	0	0	
1.0	1.0	1.0	0	0	1.0	1.0	0	1.0	1.0	1.0	1.0	0	1.0	0	1.0	1.0	1.0	0	0	1.0	1.0	1.0	0	1.0	1.0	0	1.0	0	0	0	0	0	1.0	1.0	1.0	1.0	0	1.0	1.0	0	0	1.0	0	0	0	0	
1.0	1.0	0	0	1.0	1.0	0	1.0	1.0	1.0	1.0	0	1.0	0	1.0	1.0	1.0	0	0	1.0	1.0	1.0	0	1.0	1.0	0	1.0	0	0	0	0	0	1.0	1.0	1.0	1.0	0	1.0	1.0	0	0	1.0	0	0	0	0	
1.0	0	0	1.0	1.0	0	1.0	1.0	1.0	1.0	0	1.0	0	1.0	1.0	1.0	0	0	1.0	1.0	1.0	0	1.0	1.0	0	1.0	0	0	0	0	0	1.0	1.0	1.0	1.0	0	1.0	1.0	0	0	1.0	0	0	0	0	
0	0	1.0	1.0	0	1.0	1.0	1.0	1.0	0	1.0	0	1.0	1.0	1.0	0	0	1.0	1.0	1.0	0	1.0	1.0	0	1.0	0	0	0	0	0	1.0	1.0	1.0	1.0	0	1.0	1.0	0	0	1.0	0	0	0	0	
0	0	0	0	0	0	0	0	0	0	0	0	0	0	0	0	0	0	0	0	0	0	0	0	0	0	0	0	0	0	0	0	0	0	0	0	0	0	0	0	0	0	0	
0	0	0	0	0	0	0	0	0	0	0	0	0	0	0	0	0	0	0	0	0	0	0	0	0	0	0	0	0	0	0	0	0	0	0	0	0	0	0	0	0	0	
1.0	0	1.0	1.0	1.0	1.0	0	1.0	0	1.0	1.0	1.0	0	0	1.0	1.0	1.0	0	1.0	1.0	0	1.0	0	0	0	0	0	1.0	1.0	1.0	1.0	0	1.0	1.0	0	0	1.0	0	0	0	0	
0	1.0	1.0	1.0	1.0	0	1.0	0	1.0	1.0	1.0	0	0	1.0	1.0	1.0	0	1.0	1.0	0	1.0	0	0	0	0	0	1.0	1.0	1.0	1.0	0	1.0	1.0	0	0	1.0	0	0	0	0	
0	0	0	0	0	0	0	0	0	0	0	0	0	0	0	0	0	0	0	0	0	0	0	0	0	0	0	0	0	0	0	0	0	0	0	0	0	0	0	
1.0	1.0	1.0	0	1.0	0	1.0	1.0	1.0	0	0	1.0	1.0	1.0	0	1.0	1.0	0	1.0	0	0	0	0	0	1.0	1.0	1.0	1.0	0	1.0	1.0	0	0	1.0	0	0	0	0	
1.0	1.0	0	1.0	0	1.0	1.0	1.0	0	0	1.0	1.0	1.0	0	1.0	1.0	0	1.0	0	0	0	0	0	1.0	1.0	1.0	1.0	0	1.0	1.0	0	0	1.0	0	0	0	0	
1.0	0	1.0	0	1.0	1.0	1.0	0	0	1.0	1.0	1.0	0	1.0	1.0	0	1.0	0	0	0	0	0	1.0	1.0	1.0	1.0	0	1.0	1.0	0	0	1.0	0	0	0	0	
0	1.0	0	1.0	1.0	1.0	0	0	1.0	1.0	1.0	0	1.0	1.0	0	1.0	0	0	0	0	0	1.0	1.0	1.0	1.0	0	1.0	1.0	0	0	1.0	0	0	0	0	
0	0	0	0	0	0	0	0	0	0	0	0	0	0	0	0	0	0	0	0	0	0	0	0	0	0	0	0	0	0	0	0	0	0	
0	1.0	1.0	1.0	0	0	1.0	1.0	1.0	0	1.0	1.0	0	1.0	0	0	0	0	0	1.0	1.0	1.0	1.0	0	1.0	1.0	0	0	1.0	0	0	0	0	
0	0	0	0	0	0	0	0	0	0	0	0	0	0	0	0	0	0	0	0	0	0	0	0	0	0	0	0	0	0	0	0	
1.0	1.0	0	0	1.0	1.0	1.0	0	1.0	1.0	0	1.0	0	0	0	0	0	1.0	1.0	1.0	1.0	0	1.0	1.0	0	0	1.0	0	0	0	0	
1.0	0	0	1.0	1.0	1.0	0	1.0	1.0	0	1.0	0	0	0	0	0	1.0	1.0	1.0	1.0	0	1.0	1.0	0	0	1.0	0	0	0	0	
0	0	1.0	1.0	1.0	0	1.0	1.0	0	1.0	0	0	0	0	0	1.0	1.0	1.0	1.0	0	1.0	1.0	0	0	1.0	0	0	0	0	
0	0	0	0	0	0	0	0	0	0	0	0	0	0	0	0	0	0	0	0	0	0	0	0	0	0	0	0	
0	0	0	0	0	0	0	0	0	0	0	0	0	0	0	0	0	0	0	0	0	0	0	0	0	0	0	
1.0	1.0	0	1.0	1.0	0	1.0	0	0	0	0	0	1.0	1.0	1.0	1.0	0	1.0	1.0	0	0	1.0	0	0	0	0	
1.0	0	1.0	1.0	0	1.0	0	0	0	0	0	1.0	1.0	1.0	1.0	0	1.0	1.0	0	0	1.0	0	0	0	0	
0	1.0	1.0	0	1.0	0	0	0	0	0	1.0	1.0	1.0	1.0	0	1.0	1.0	0	0	1.0	0	0	0	0	
0	0	0	0	0	0	0	0	0	0	0	0	0	0	0	0	0	0	0	0	0	0	0	
1.0	0	1.0	0	0	0	0	0	1.0	1.0	1.0	1.0	0	1.0	1.0	0	0	1.0	0	0	0	0	
0	1.0	0	0	0	0	0	1.0	1.0	1.0	1.0	0	1.0	1.0	0	0	1.0	0	0	0	0	
0	0	0	0	0	0	0	0	0	0	0	0	0	0	0	0	0	0	0	0	
0	0	0	0	0	1.0	1.0	1.0	1.0	0	1.0	1.0	0	0	1.0	0	0	0	0	
0	0	0	0	0	0	0	0	0	0	0	0	0	0	0	0	0	0	
0	0	0	0	0	0	0	0	0	0	0	0	0	0	0	0	0	
0	0	0	0	0	0	0	0	0	0	0	0	0	0	0	0	
0	0	0	0	0	0	0	0	0	0	0	0	0	0	0	
0	0	0	0	0	0	0	0	0	0	0	0	0	0	
1.0	1.0	1.0	0	1.0	1.0	0	0	1.0	0	0	0	0	
1.0	1.0	0	1.0	1.0	0	0	1.0	0	0	0	0	
1.0	0	1.0	1.0	0	0	1.0	0	0	0	0	
0	1.0	1.0	0	0	1.0	0	0	0	0	
0	0	0	0	0	0	0	0	0	
1.0	0	0	1.0	0	0	0	0	
0	0	1.0	0	0	0	0	
0	0	0	0	0	0	
0	0	0	0	0	
0	0	0	0	
0	0	0	
0	0	
0	

