0 1 0.0
0 2 0.0
0 3 0.0
0 4 0.0
0 5 0.0
0 6 0.0
0 7 0.0
0 8 0.10446586376101083
0 9 0.0
0 10 0.0
0 11 0.11493848953153787
0 12 0.11328690237856025
0 13 0.0
0 14 0.0
0 15 0.06260263323779248
0 16 0.05571356059414126
0 17 0.07917233964572525
0 18 0.0
0 19 0.0
0 20 0.0
0 21 0.0
0 22 0.0
0 23 0.12429334610481384
0 24 0.0
0 25 0.09973163722432757
0 26 0.15551667329735464
0 27 0.08641777876994114
0 28 0.0
0 29 0.0
0 30 0.0
0 31 0.09174073188764482
0 32 0.0
0 33 0.0
0 34 0.0928278828425341
0 35 0.0
0 36 0.0
0 37 0.0
0 38 0.09732323485257131
0 39 0.11091793329912215
0 40 0.0
0 41 0.0
0 42 0.0
0 43 0.0
0 44 0.0
0 45 0.0981292464138775
0 46 0.0
0 47 0.0
0 48 0.0
0 49 0.0
0 50 0.0
0 51 0.0
0 52 0.23082927509520754
0 53 0.05724107096409683
0 54 0.0
0 55 0.0
0 56 0.08895331628169106
0 57 0.0
0 58 0.0
0 59 0.0
0 60 0.08926925022313083
0 61 0.0514011965030478
0 62 0.0
0 63 0.0
0 64 0.0
1 2 0.0
1 3 0.0
1 4 0.0
1 5 0.2026208952262108
1 6 0.0
1 7 0.0
1 8 0.0
1 9 0.0
1 10 0.0
1 11 0.14531553814626827
1 12 0.11233217692920965
1 13 0.0
1 14 0.0
1 15 0.18702031482458642
1 16 0.1664397662433279
1 17 0.10009676644272288
1 18 0.20553073365062763
1 19 0.0
1 20 0.0
1 21 0.0
1 22 0.0
1 23 0.0
1 24 0.0
1 25 0.0
1 26 0.212334301490916
1 27 0.0
1 28 0.11802039870562485
1 29 0.0
1 30 0.0
1 31 0.0
1 32 0.0
1 33 0.0
1 34 0.16160088744119405
1 35 0.15618209098433325
1 36 0.0
1 37 0.0
1 38 0.0
1 39 0.0
1 40 0.0
1 41 0.0
1 42 0.0
1 43 0.0
1 44 0.0
1 45 0.17082985002812234
1 46 0.15818129437801995
1 47 0.0
1 48 0.0
1 49 0.0
1 50 0.0
1 51 0.0
1 52 0.12827717301827649
1 53 0.17100308020492738
1 54 0.0
1 55 0.0
1 56 0.0
1 57 0.20391053563240594
1 58 0.0
1 59 0.0
1 60 0.1554057855842631
1 61 0.0
1 62 0.21661791815963308
1 63 0.0
1 64 0.0
2 3 0.0
2 4 0.0
2 5 0.0
2 6 0.0
2 7 0.0
2 8 0.0
2 9 0.0
2 10 0.0
2 11 0.0
2 12 0.0
2 13 0.0
2 14 0.0
2 15 0.0
2 16 0.0
2 17 0.0
2 18 0.0
2 19 0.0
2 20 0.0
2 21 0.0
2 22 0.0
2 23 0.0
2 24 0.0
2 25 0.0
2 26 0.0
2 27 0.0
2 28 0.0
2 29 0.0
2 30 0.0
2 31 0.0
2 32 0.0
2 33 0.0
2 34 0.0
2 35 0.0
2 36 0.0
2 37 0.0
2 38 0.0
2 39 0.0
2 40 0.0
2 41 0.0
2 42 0.0
2 43 0.0
2 44 0.0
2 45 0.0
2 46 0.0
2 47 0.0
2 48 0.0
2 49 0.0
2 50 0.0
2 51 0.0
2 52 0.0
2 53 0.0
2 54 0.0
2 55 0.0
2 56 0.0
2 57 0.0
2 58 0.0
2 59 0.0
2 60 0.1104333949277043
2 61 0.0
2 62 0.0
2 63 0.0
2 64 0.0
3 4 0.0
3 5 0.0
3 6 0.0
3 7 0.0
3 8 0.40416292650287283
3 9 0.0
3 10 0.0
3 11 0.23898182975149598
3 12 0.0
3 13 0.0
3 14 0.0
3 15 0.0
3 16 0.5235803940150178
3 17 0.0
3 18 0.0
3 19 0.0
3 20 0.0
3 21 0.0
3 22 0.0
3 23 0.0
3 24 0.0
3 25 0.0
3 26 0.0
3 27 0.0
3 28 0.11949652529707012
3 29 0.0
3 30 0.0
3 31 0.5024047940497292
3 32 0.0
3 33 0.0
3 34 0.0
3 35 0.0
3 36 0.0
3 37 0.0
3 38 0.3765291550618679
3 39 0.0
3 40 0.0
3 41 0.0
3 42 0.0
3 43 0.0
3 44 0.0
3 45 0.0
3 46 0.0
3 47 0.0
3 48 0.0
3 49 0.0
3 50 0.0
3 51 0.0
3 52 0.0
3 53 0.0
3 54 0.0
3 55 0.0
3 56 0.18495306815067414
3 57 0.209623144604027
3 58 0.0
3 59 0.0
3 60 0.0
3 61 0.0
3 62 0.0
3 63 0.0
3 64 0.0
4 5 0.198104470252344
4 6 0.0
4 7 0.0
4 8 0.0
4 9 0.0
4 10 0.0
4 11 0.0
4 12 0.151228257449528
4 13 0.0
4 14 0.0
4 15 0.18285162718972436
4 16 0.0
4 17 0.0
4 18 0.20094944830332662
4 19 0.0
4 20 0.0
4 21 0.0
4 22 0.0
4 23 0.0
4 24 0.13200698166942074
4 25 0.0
4 26 0.0
4 27 0.0
4 28 0.0
4 29 0.0
4 30 0.18138658554193995
4 31 0.0
4 32 0.0
4 33 0.07985630934675425
4 34 0.0
4 35 0.0
4 36 0.0
4 37 0.0
4 38 0.0
4 39 0.09957960248173639
4 40 0.0
4 41 0.23643264375772402
4 42 0.07674393740908368
4 43 0.07925032471402907
4 44 0.07137322588080626
4 45 0.0
4 46 0.0
4 47 0.0
4 48 0.0
4 49 0.0
4 50 0.0
4 51 0.0
4 52 0.1726943595006679
4 53 0.16719141714232252
4 54 0.08457986489063817
4 55 0.0
4 56 0.0
4 57 0.17845411897990035
4 58 0.0
4 59 0.0
4 60 0.08014390627969246
4 61 0.0
4 62 0.0
4 63 0.0
4 64 0.0
5 6 0.0
5 7 0.0
5 8 0.0
5 9 0.0
5 10 0.18395555425871685
5 11 0.0
5 12 0.19241026783595155
5 13 0.0
5 14 0.0
5 15 0.6395521223909697
5 16 0.21928088973201434
5 17 0.0
5 18 0.7599053899130656
5 19 0.0
5 20 0.0
5 21 0.050085389234049815
5 22 0.0
5 23 0.09378363511099053
5 24 0.16795471380542623
5 25 0.0
5 26 0.27974597418914804
5 27 0.0
5 28 0.0
5 29 0.0
5 30 0.0
5 31 0.0
5 32 0.0
5 33 0.04298431381504815
5 34 0.21290576873186795
5 35 0.20576661842448304
5 36 0.0
5 37 0.0
5 38 0.0
5 39 0.0
5 40 0.0
5 41 0.0
5 42 0.0
5 43 0.0
5 44 0.0
5 45 0.22506473274054414
5 46 0.20840052682761057
5 47 0.0
5 48 0.0
5 49 0.0
5 50 0.0
5 51 0.0
5 52 0.21972195227053665
5 53 0.5847780920646645
5 54 0.0
5 55 0.0
5 56 0.0
5 57 0.2686478399268842
5 58 0.0
5 59 0.0
5 60 0.3112604869390349
5 61 0.0
5 62 0.2853895490125705
5 63 0.0
5 64 0.0
6 7 0.0
6 8 0.0
6 9 0.0
6 10 0.0
6 11 0.0
6 12 0.0
6 13 0.0
6 14 0.0
6 15 0.0
6 16 0.0
6 17 0.0
6 18 0.0
6 19 0.0
6 20 0.0
6 21 0.0
6 22 0.3331028679884215
6 23 0.0
6 24 0.0
6 25 0.0
6 26 0.09282372294351907
6 27 0.10777169563368061
6 28 0.0
6 29 0.0
6 30 0.0
6 31 0.0
6 32 0.0
6 33 0.13448140622578134
6 34 0.0
6 35 0.0
6 36 0.0
6 37 0.0
6 38 0.0
6 39 0.0
6 40 0.0
6 41 0.0
6 42 0.0
6 43 0.0
6 44 0.0
6 45 0.17000227457475398
6 46 0.0
6 47 0.0
6 48 0.0
6 49 0.0
6 50 0.0
6 51 0.0
6 52 0.0
6 53 0.0
6 54 0.0
6 55 0.0
6 56 0.0
6 57 0.0
6 58 0.0
6 59 0.06361388738406235
6 60 0.0
6 61 0.0
6 62 0.0
6 63 0.0
6 64 0.0
7 8 0.1395062717485286
7 9 0.12005070537020766
7 10 0.0
7 11 0.0
7 12 0.0
7 13 0.0
7 14 0.0
7 15 0.0
7 16 0.0
7 17 0.0
7 18 0.0
7 19 0.0
7 20 0.0
7 21 0.0
7 22 0.0
7 23 0.0
7 24 0.03165385955471081
7 25 0.14917517521533066
7 26 0.0
7 27 0.0
7 28 0.0
7 29 0.0
7 30 0.0
7 31 0.0
7 32 0.4666175799749116
7 33 0.0
7 34 0.0
7 35 0.08319183612751634
7 36 0.0
7 37 0.0
7 38 0.0
7 39 0.0
7 40 0.10967871072633859
7 41 0.0
7 42 0.0
7 43 0.0
7 44 0.0
7 45 0.0
7 46 0.0
7 47 0.0
7 48 0.0
7 49 0.0
7 50 0.0
7 51 0.0
7 52 0.0
7 53 0.0
7 54 0.0
7 55 0.0
7 56 0.08248536802948142
7 57 0.0
7 58 0.0
7 59 0.0
7 60 0.0
7 61 0.0
7 62 0.0
7 63 0.0
7 64 0.0
8 9 0.1386503461255924
8 10 0.0
8 11 0.5100817905263855
8 12 0.0
8 13 0.0
8 14 0.0
8 15 0.0
8 16 0.4552510527801837
8 17 0.08327022225411053
8 18 0.0
8 19 0.0
8 20 0.0
8 21 0.0
8 22 0.0
8 23 0.0
8 24 0.03655804078732797
8 25 0.0
8 26 0.0
8 27 0.09089067819745919
8 28 0.0
8 29 0.06282725207586493
8 30 0.0
8 31 0.5333280956801064
8 32 0.10106230694653683
8 33 0.0
8 34 0.09763256296662572
8 35 0.09608087547952199
8 36 0.0
8 37 0.0
8 38 0.5657815720602504
8 39 0.1166589366831121
8 40 0.1266714023705304
8 41 0.0
8 42 0.0
8 43 0.0
8 44 0.0
8 45 0.10320831991420312
8 46 0.0
8 47 0.0
8 48 0.0
8 49 0.0
8 50 0.0
8 51 0.0
8 52 0.10671342428901648
8 53 0.0
8 54 0.0
8 55 0.0
8 56 0.41645718876540216
8 57 0.2579979856328795
8 58 0.0
8 59 0.0
8 60 0.29177767039942076
8 61 0.0
8 62 0.0
8 63 0.0
8 64 0.0
9 10 0.0
9 11 0.11083544919843927
9 12 0.0
9 13 0.0
9 14 0.0
9 15 0.0
9 16 0.0
9 17 0.0
9 18 0.0
9 19 0.0
9 20 0.0
9 21 0.0
9 22 0.0
9 23 0.0
9 24 0.0
9 25 0.0
9 26 0.0
9 27 0.0
9 28 0.0
9 29 0.0
9 30 0.0
9 31 0.0
9 32 0.1252462557718032
9 33 0.0
9 34 0.0
9 35 0.20558533539913068
9 36 0.0
9 37 0.0
9 38 0.0
9 39 0.0
9 40 0.27104023159503887
9 41 0.0
9 42 0.0
9 43 0.0
9 44 0.0
9 45 0.0
9 46 0.0
9 47 0.0
9 48 0.0
9 49 0.1608572667647292
9 50 0.0
9 51 0.0
9 52 0.0
9 53 0.0
9 54 0.0
9 55 0.0
9 56 0.2038394972538988
9 57 0.0
9 58 0.0
9 59 0.0
9 60 0.0
9 61 0.0
9 62 0.0
9 63 0.0
9 64 0.0
10 11 0.0
10 12 0.0
10 13 0.0
10 14 0.0
10 15 0.0
10 16 0.0
10 17 0.0
10 18 0.06239003625955665
10 19 0.0
10 20 0.0
10 21 0.05477033938101618
10 22 0.07724129590032844
10 23 0.10255608675438464
10 24 0.0
10 25 0.0
10 26 0.0
10 27 0.0
10 28 0.0
10 29 0.0
10 30 0.0
10 31 0.0
10 32 0.0
10 33 0.0470050346361245
10 34 0.0
10 35 0.0
10 36 0.0
10 37 0.2114282554068771
10 38 0.0
10 39 0.29062822097202756
10 40 0.0
10 41 0.0
10 42 0.4533826846925884
10 43 0.23129617219869986
10 44 0.0
10 45 0.0
10 46 0.0
10 47 0.0
10 48 0.0
10 49 0.0
10 50 0.0
10 51 0.0
10 52 0.0
10 53 0.0
10 54 0.2528245404629523
10 55 0.25286383329546686
10 56 0.0
10 57 0.0
10 58 0.0
10 59 0.22432034976604706
10 60 0.0
10 61 0.0
10 62 0.0
10 63 0.0
10 64 0.0
11 12 0.14614851755105704
11 13 0.0
11 14 0.0
11 15 0.0
11 16 0.2691902756422906
11 17 0.2218477747153234
11 18 0.0
11 19 0.0
11 20 0.0
11 21 0.0
11 22 0.0
11 23 0.0
11 24 0.0
11 25 0.0
11 26 0.0
11 27 0.10000240163057025
11 28 0.0
11 29 0.0691256377445686
11 30 0.0
11 31 0.3644652955462581
11 32 0.0
11 33 0.0
11 34 0.10742015537390258
11 35 0.0768059171197877
11 36 0.0
11 37 0.0
11 38 0.3866433243360394
11 39 0.12835390901842741
11 40 0.1012596230348862
11 41 0.0
11 42 0.0
11 43 0.0
11 44 0.0
11 45 0.11355487784186259
11 46 0.0
11 47 0.0
11 48 0.0
11 49 0.14280921344111358
11 50 0.0
11 51 0.0
11 52 0.284304942029884
11 53 0.0
11 54 0.0
11 55 0.0
11 56 0.42954519870428
11 57 0.0
11 58 0.0
11 59 0.0
11 60 0.18453582795418416
11 61 0.0
11 62 0.0
11 63 0.0
11 64 0.0
12 13 0.0
12 14 0.0
12 15 0.17759584383431215
12 16 0.0
12 17 0.10067054228250139
12 18 0.19517347145311217
12 19 0.0
12 20 0.0
12 21 0.0
12 22 0.0
12 23 0.11118528953471893
12 24 0.12821264793709652
12 25 0.08921387433891727
12 26 0.13911578447217446
12 27 0.0
12 28 0.0
12 29 0.0
12 30 0.0
12 31 0.0
12 32 0.0
12 33 0.0
12 34 0.0
12 35 0.0
12 36 0.0
12 37 0.0
12 38 0.0
12 39 0.0
12 40 0.0
12 41 0.0
12 42 0.0
12 43 0.0
12 44 0.0
12 45 0.0
12 46 0.0
12 47 0.0
12 48 0.0
12 49 0.0
12 50 0.0
12 51 0.0
12 52 0.44253218598636357
12 53 0.16238576197321294
12 54 0.0
12 55 0.0
12 56 0.0
12 57 0.0
12 58 0.0
12 59 0.0
12 60 0.0
12 61 0.0
12 62 0.0
12 63 0.0
12 64 0.0
13 14 0.35783040123485416
13 15 0.0
13 16 0.0
13 17 0.0
13 18 0.0
13 19 0.0
13 20 0.0
13 21 0.0
13 22 0.0
13 23 0.0
13 24 0.0
13 25 0.0
13 26 0.0
13 27 0.0
13 28 0.0
13 29 0.0
13 30 0.0
13 31 0.0
13 32 0.0
13 33 0.0
13 34 0.0
13 35 0.0
13 36 0.0
13 37 0.0
13 38 0.0
13 39 0.0
13 40 0.0
13 41 0.0
13 42 0.0
13 43 0.0
13 44 0.0
13 45 0.0
13 46 0.0
13 47 0.0
13 48 0.0
13 49 0.0
13 50 0.0
13 51 0.0
13 52 0.0
13 53 0.0
13 54 0.0
13 55 0.0
13 56 0.0
13 57 0.0
13 58 0.0
13 59 0.0
13 60 0.0
13 61 0.0
13 62 0.0
13 63 0.0
13 64 0.0
14 15 0.0
14 16 0.0
14 17 0.0
14 18 0.0
14 19 0.0
14 20 0.0
14 21 0.0
14 22 0.0
14 23 0.0
14 24 0.0
14 25 0.0
14 26 0.0
14 27 0.0
14 28 0.0
14 29 0.0
14 30 0.0
14 31 0.0
14 32 0.0
14 33 0.0
14 34 0.0
14 35 0.0
14 36 0.0
14 37 0.0
14 38 0.0
14 39 0.0
14 40 0.0
14 41 0.0
14 42 0.0
14 43 0.0
14 44 0.0
14 45 0.0
14 46 0.0
14 47 0.34189774827586134
14 48 0.0
14 49 0.0
14 50 0.0
14 51 0.0
14 52 0.0
14 53 0.0
14 54 0.0
14 55 0.0
14 56 0.0
14 57 0.0
14 58 0.0
14 59 0.0
14 60 0.0
14 61 0.0
14 62 0.0
14 63 0.0
14 64 0.0
15 16 0.26265719120066283
15 17 0.0
15 18 0.8572778856943355
15 19 0.0
15 20 0.0
15 21 0.0
15 22 0.0
15 23 0.0
15 24 0.15502321918524842
15 25 0.0
15 26 0.2582072303320732
15 27 0.0
15 28 0.0
15 29 0.0
15 30 0.0
15 31 0.0
15 32 0.0
15 33 0.0
15 34 0.19651331542954192
15 35 0.1899238364097372
15 36 0.0
15 37 0.0
15 38 0.0
15 39 0.0
15 40 0.0
15 41 0.0
15 42 0.0
15 43 0.0
15 44 0.1126451173858891
15 45 0.20773611293176758
15 46 0.1923549498357345
15 47 0.0
15 48 0.0
15 49 0.0
15 50 0.0
15 51 0.0
15 52 0.20280469416360983
15 53 0.6016654751331767
15 54 0.0
15 55 0.13674024947678698
15 56 0.0
15 57 0.24796358511780803
15 58 0.0
15 59 0.0
15 60 0.18897981716349915
15 61 0.055595361884793124
15 62 0.26341628411220896
15 63 0.0
15 64 0.0
16 17 0.0
16 18 0.222429982316815
16 19 0.0
16 20 0.0
16 21 0.0
16 22 0.0
16 23 0.0
16 24 0.0
16 25 0.0
16 26 0.22979295644495198
16 27 0.0
16 28 0.13460145742654686
16 29 0.0
16 30 0.0
16 31 0.5659111620949846
16 32 0.0
16 33 0.0
16 34 0.17488811477230198
16 35 0.16902377137864286
16 36 0.0
16 37 0.0
16 38 0.4241242405075715
16 39 0.20474515120500408
16 40 0.0
16 41 0.0
16 42 0.0
16 43 0.0
16 44 0.0
16 45 0.18487590564207265
16 46 0.17118735425312112
16 47 0.0
16 48 0.0
16 49 0.0
16 50 0.0
16 51 0.0
16 52 0.0
16 53 0.2401620849340115
16 54 0.0
16 55 0.0
16 56 0.2083320202550071
16 57 0.45679707990707774
16 58 0.0
16 59 0.0
16 60 0.16818363621567708
16 61 0.04947740059681322
16 62 0.23442878274183263
16 63 0.0
16 64 0.0
17 18 0.0
17 19 0.16531449282434588
17 20 0.0
17 21 0.039774130103319295
17 22 0.0
17 23 0.18906073574461757
17 24 0.0
17 25 0.0
17 26 0.0
17 27 0.06888401039158673
17 28 0.0
17 29 0.0
17 30 0.0
17 31 0.07312696089428314
17 32 0.0
17 33 0.0
17 34 0.07399353393908657
17 35 0.0
17 36 0.0
17 37 0.0
17 38 0.07757679977837185
17 39 0.08841319666790201
17 40 0.0
17 41 0.0
17 42 0.0
17 43 0.0
17 44 0.0
17 45 0.07821927531471445
17 46 0.0
17 47 0.0
17 48 0.0
17 49 0.06401570081498927
17 50 0.0
17 51 0.16531449282434588
17 52 0.1958359425557959
17 53 0.0
17 54 0.0
17 55 0.0
17 56 0.07090509904711222
17 57 0.0
17 58 0.0
17 59 0.0
17 60 0.07115693145029314
17 61 0.0
17 62 0.0
17 63 0.0
17 64 0.0
18 19 0.0
18 20 0.0
18 21 0.050804665446566824
18 22 0.0
18 23 0.0
18 24 0.17036671124156108
18 25 0.0
18 26 0.2837634057766589
18 27 0.0
18 28 0.0
18 29 0.0
18 30 0.0
18 31 0.0
18 32 0.0
18 33 0.04360161149230192
18 34 0.21596330821191195
18 35 0.2087216325758391
18 36 0.0
18 37 0.0
18 38 0.0
18 39 0.0
18 40 0.0
18 41 0.0
18 42 0.0
18 43 0.0
18 44 0.0
18 45 0.22829688708759902
18 46 0.21139336653426907
18 47 0.0
18 48 0.0
18 49 0.0
18 50 0.0
18 51 0.0
18 52 0.2228773789539046
18 53 0.5931760895177267
18 54 0.0
18 55 0.0
18 56 0.0
18 57 0.27250589122205343
18 58 0.0
18 59 0.0
18 60 0.20768417860490757
18 61 0.0
18 62 0.2894880279711036
18 63 0.0
18 64 0.0
19 20 0.0
19 21 0.0
19 22 0.0
19 23 0.20354631021573175
19 24 0.0
19 25 0.0
19 26 0.0
19 27 0.0
19 28 0.0
19 29 0.0
19 30 0.0
19 31 0.0
19 32 0.0
19 33 0.0
19 34 0.0
19 35 0.0
19 36 0.0
19 37 0.0
19 38 0.0
19 39 0.0
19 40 0.0
19 41 0.0
19 42 0.0
19 43 0.0
19 44 0.0
19 45 0.0
19 46 0.0
19 47 0.0
19 48 0.0
19 49 0.0
19 50 0.0
19 51 0.9999999999999999
19 52 0.0
19 53 0.0
19 54 0.0
19 55 0.0
19 56 0.0
19 57 0.0
19 58 0.0
19 59 0.0
19 60 0.0
19 61 0.0
19 62 0.0
19 63 0.0
19 64 0.0
20 21 0.2990772015973271
20 22 0.0
20 23 0.0
20 24 0.0
20 25 0.0
20 26 0.0
20 27 0.0
20 28 0.0
20 29 0.0
20 30 0.44470234600119407
20 31 0.0
20 32 0.0
20 33 0.0963860790825643
20 34 0.0
20 35 0.0
20 36 0.29450583800261126
20 37 0.0
20 38 0.0
20 39 0.12019197378804328
20 40 0.0
20 41 0.0
20 42 0.0
20 43 0.09565465932111447
20 44 0.1158973096024484
20 45 0.0
20 46 0.0
20 47 0.0
20 48 0.0
20 49 0.0
20 50 0.0
20 51 0.0
20 52 0.0
20 53 0.0
20 54 0.0
20 55 0.0
20 56 0.0
20 57 0.0
20 58 0.0
20 59 0.21243586360837333
20 60 0.0
20 61 0.0
20 62 0.0
20 63 0.0
20 64 0.0
21 22 0.0
21 23 0.0
21 24 0.0
21 25 0.0
21 26 0.0
21 27 0.0
21 28 0.0
21 29 0.0
21 30 0.2765570140182714
21 31 0.0
21 32 0.0
21 33 0.1524007874404906
21 34 0.0
21 35 0.0
21 36 0.1424753769270083
21 37 0.0
21 38 0.0
21 39 0.14231119298081962
21 40 0.0
21 41 0.0
21 42 0.0
21 43 0.11325821727636755
21 44 0.0
21 45 0.0
21 46 0.0
21 47 0.0
21 48 0.0
21 49 0.08380206024387632
21 50 0.0
21 51 0.0
21 52 0.0
21 53 0.0
21 54 0.0
21 55 0.0
21 56 0.0
21 57 0.0
21 58 0.0
21 59 0.10724698825758691
21 60 0.0
21 61 0.0
21 62 0.0
21 63 0.0
21 64 0.0
22 23 0.0
22 24 0.0
22 25 0.0
22 26 0.0
22 27 0.10347636703758196
22 28 0.0
22 29 0.0
22 30 0.0
22 31 0.0
22 32 0.0
22 33 0.0
22 34 0.0
22 35 0.0
22 36 0.0
22 37 0.0
22 38 0.0
22 39 0.0
22 40 0.0
22 41 0.0
22 42 0.0
22 43 0.0
22 44 0.0
22 45 0.11749964027744274
22 46 0.0
22 47 0.0
22 48 0.0
22 49 0.0
22 50 0.0
22 51 0.0
22 52 0.0
22 53 0.0
22 54 0.0
22 55 0.0
22 56 0.0
22 57 0.0
22 58 0.0
22 59 0.0
22 60 0.0
22 61 0.0
22 62 0.0
22 63 0.0
22 64 0.0
23 24 0.0
23 25 0.09788149139698754
23 26 0.15263164571542784
23 27 0.0
23 28 0.0
23 29 0.0
23 30 0.0
23 31 0.0
23 32 0.0
23 33 0.0
23 34 0.0
23 35 0.0
23 36 0.0
23 37 0.0
23 38 0.0
23 39 0.0
23 40 0.0
23 41 0.0
23 42 0.0
23 43 0.0
23 44 0.0
23 45 0.0
23 46 0.03840198860840112
23 47 0.0
23 48 0.0
23 49 0.0
23 50 0.0
23 51 0.20354631021573175
23 52 0.12696749063912807
23 53 0.0
23 54 0.0
23 55 0.0
23 56 0.0
23 57 0.0
23 58 0.0
23 59 0.0
23 60 0.0
23 61 0.0
23 62 0.0
23 63 0.0
23 64 0.0
24 25 0.1545501008763059
24 26 0.24099792417917687
24 27 0.17075032509299556
24 28 0.14687973724167314
24 29 0.15009394754587027
24 30 0.0
24 31 0.0
24 32 0.18645611580634955
24 33 0.0
24 34 0.0
24 35 0.0
24 36 0.0
24 37 0.0
24 38 0.0
24 39 0.0
24 40 0.0
24 41 0.0
24 42 0.0
24 43 0.0
24 44 0.0
24 45 0.0
24 46 0.0
24 47 0.0
24 48 0.0
24 49 0.0
24 50 0.0
24 51 0.0
24 52 0.14641179822343195
24 53 0.14174635524929632
24 54 0.0
24 55 0.0
24 56 0.0
24 57 0.0
24 58 0.0
24 59 0.0
24 60 0.0
24 61 0.0
24 62 0.0
24 63 0.0
24 64 0.0
25 26 0.3655238831924398
25 27 0.17220701258594862
25 28 0.14813278244724828
25 29 0.15137441348957462
25 30 0.09777046489334727
25 31 0.0
25 32 0.1880467909147676
25 33 0.0
25 34 0.1461257019308842
25 35 0.0
25 36 0.0
25 37 0.0
25 38 0.0
25 39 0.0
25 40 0.0
25 41 0.0
25 42 0.0
25 43 0.0
25 44 0.0
25 45 0.0
25 46 0.10975341992963983
25 47 0.0
25 48 0.0
25 49 0.0
25 50 0.0
25 51 0.0
25 52 0.101877341889457
25 53 0.0
25 54 0.0
25 55 0.0
25 56 0.0
25 57 0.14148245994155315
25 58 0.0
25 59 0.0
25 60 0.0
25 61 0.0
25 62 0.15029942338973648
25 63 0.0
25 64 0.0
26 27 0.26853125508812664
26 28 0.23099106937008523
26 29 0.23604591144217596
26 30 0.0
26 31 0.0
26 32 0.2932310364215526
26 33 0.0
26 34 0.2231122196780213
26 35 0.21563082694177435
26 36 0.0
26 37 0.0
26 38 0.0
26 39 0.0
26 40 0.0
26 41 0.0
26 42 0.0
26 43 0.0
26 44 0.0
26 45 0.23585407005210593
26 46 0.21839100180105903
26 47 0.0
26 48 0.0
26 49 0.0
26 50 0.0
26 51 0.0
26 52 0.15886258098208428
26 53 0.23609323810293892
26 54 0.0
26 55 0.0
26 56 0.0
26 57 0.28152649989150447
26 58 0.0
26 59 0.09379494675277662
26 60 0.21455903071775476
26 61 0.0
26 62 0.2990707867258145
26 63 0.0
26 64 0.0
27 28 0.16366033161014532
27 29 0.1672417563466569
27 30 0.0
27 31 0.2430296233370411
27 32 0.20775819944038468
27 33 0.0
27 34 0.08076503580628194
27 35 0.0
27 36 0.0
27 37 0.0
27 38 0.08467622342507505
27 39 0.09650431077544372
27 40 0.0
27 41 0.0
27 42 0.0
27 43 0.0
27 44 0.0
27 45 0.3877960522853206
27 46 0.0
27 47 0.0
27 48 0.0
27 49 0.0
27 50 0.0
27 51 0.0
27 52 0.08827703864190839
27 53 0.0
27 54 0.0
27 55 0.0
27 56 0.07739396347932669
27 57 0.0
27 58 0.0
27 59 0.0
27 60 0.07766884226909813
27 61 0.0
27 62 0.0
27 63 0.0
27 64 0.0
28 29 0.14386166008559217
28 30 0.0
28 31 0.12915765806012597
28 32 0.17871397742280853
28 33 0.0
28 34 0.0
28 35 0.0
28 36 0.0
28 37 0.0
28 38 0.0
28 39 0.0
28 40 0.0
28 41 0.0
28 42 0.08233179820268632
28 43 0.0
28 44 0.0
28 45 0.0
28 46 0.0
28 47 0.0
28 48 0.0
28 49 0.0
28 50 0.0
28 51 0.0
28 52 0.0
28 53 0.0
28 54 0.0
28 55 0.0
28 56 0.0
28 57 0.0
28 58 0.0
28 59 0.0
28 60 0.0
28 61 0.0
28 62 0.0
28 63 0.0
28 64 0.0
29 30 0.0
29 31 0.0
29 32 0.18262482529416127
29 33 0.0
29 34 0.0
29 35 0.0
29 36 0.0
29 37 0.0
29 38 0.0
29 39 0.0
29 40 0.0
29 41 0.0
29 42 0.0
29 43 0.0
29 44 0.0
29 45 0.0
29 46 0.0
29 47 0.0
29 48 0.0
29 49 0.0
29 50 0.0
29 51 0.0
29 52 0.0
29 53 0.0
29 54 0.0
29 55 0.0
29 56 0.0
29 57 0.0
29 58 0.0
29 59 0.0
29 60 0.053687793164884014
29 61 0.0
29 62 0.0
29 63 0.0
29 64 0.07776717780380318
30 31 0.0
30 32 0.0
30 33 0.08912831229406952
30 34 0.11603133064842554
30 35 0.0
30 36 0.27232986912392876
30 37 0.0
30 38 0.0
30 39 0.11114164905333482
30 40 0.0
30 41 0.0
30 42 0.0
30 43 0.08845196764412569
30 44 0.0
30 45 0.0
30 46 0.11357602276194749
30 47 0.0
30 48 0.0
30 49 0.0
30 50 0.0
30 51 0.0
30 52 0.0
30 53 0.0
30 54 0.0
30 55 0.0
30 56 0.0
30 57 0.14641015378873487
30 58 0.0
30 59 0.0837573410867151
30 60 0.0
30 61 0.0
30 62 0.15553420333474535
30 63 0.0
30 64 0.0
31 32 0.0
31 33 0.0
31 34 0.0857398049483006
31 35 0.0
31 36 0.0
31 37 0.0
31 38 0.4968629334085102
31 39 0.1024485496719504
31 40 0.0
31 41 0.0
31 42 0.0
31 43 0.0
31 44 0.0
31 45 0.48879875260145067
31 46 0.0
31 47 0.0
31 48 0.0
31 49 0.0
31 50 0.0
31 51 0.0
31 52 0.09371451394790455
31 53 0.0
31 54 0.0
31 55 0.0
31 56 0.2820673635138602
31 57 0.2265708928769921
31 58 0.0
31 59 0.0
31 60 0.08245289957755253
31 61 0.0
31 62 0.0
31 63 0.0
31 64 0.0
32 33 0.0
32 34 0.0
32 35 0.08679220962194023
32 36 0.0
32 37 0.0
32 38 0.0
32 39 0.0
32 40 0.11442538229151977
32 41 0.0
32 42 0.0
32 43 0.0
32 44 0.0
32 45 0.0
32 46 0.0
32 47 0.0
32 48 0.0
32 49 0.0
32 50 0.0
32 51 0.0
32 52 0.0
32 53 0.0
32 54 0.0
32 55 0.0
32 56 0.08605516702124712
32 57 0.0
32 58 0.0
32 59 0.0
32 60 0.0
32 61 0.0
32 62 0.0
32 63 0.0
32 64 0.0
33 34 0.0
33 35 0.0
33 36 0.0
33 37 0.0
33 38 0.0
33 39 0.21895936918960432
33 40 0.0
33 41 0.08288844938834986
33 42 0.0746209983370953
33 43 0.17425858986169085
33 44 0.35089710596377766
33 45 0.0
33 46 0.0
33 47 0.0
33 48 0.0
33 49 0.0
33 50 0.0
33 51 0.0
33 52 0.0
33 53 0.0
33 54 0.41582581488604836
33 55 0.0
33 56 0.0
33 57 0.0
33 58 0.0
33 59 0.09204157678481013
33 60 0.0779269151300724
33 61 0.0
33 62 0.0
33 63 0.0
33 64 0.0
34 35 0.16410976817591594
34 36 0.0
34 37 0.0
34 38 0.09095714631333682
34 39 0.10366259098502045
34 40 0.0
34 41 0.0
34 42 0.0
34 43 0.0
34 44 0.0
34 45 0.27121147087833947
34 46 0.2964628255515421
34 47 0.0
34 48 0.0
34 49 0.0
34 50 0.0
34 51 0.0
34 52 0.09482505472111555
34 53 0.17968305887653435
34 54 0.0
34 55 0.0
34 56 0.08313471923068261
34 57 0.3821684086668566
34 58 0.0
34 59 0.0
34 60 0.24672404550125976
34 61 0.0
34 62 0.40598454030365483
34 63 0.0
34 64 0.0
35 36 0.0
35 37 0.0
35 38 0.2601808138058062
35 39 0.0
35 40 0.18782342395477705
35 41 0.0
35 42 0.0
35 43 0.0
35 44 0.10752436934953238
35 45 0.17348201194652113
35 46 0.16063708536000204
35 47 0.0
35 48 0.0
35 49 0.11146966055171942
35 50 0.0
35 51 0.0
35 52 0.0
35 53 0.1736579315507182
35 54 0.0
35 55 0.0
35 56 0.1412551638040603
35 57 0.20707628071311368
35 58 0.0
35 59 0.0
35 60 0.15781848632922998
35 61 0.0
35 62 0.219980947473838
35 63 0.0
35 64 0.0
36 37 0.0
36 38 0.0
36 39 0.0
36 40 0.0
36 41 0.0
36 42 0.0
36 43 0.0
36 44 0.046458946068023886
36 45 0.0
36 46 0.0
36 47 0.0
36 48 0.0
36 49 0.0
36 50 0.0
36 51 0.0
36 52 0.0
36 53 0.0
36 54 0.0
36 55 0.09504787126476281
36 56 0.0
36 57 0.0
36 58 0.0
36 59 0.0
36 60 0.0
36 61 0.0
36 62 0.0
36 63 0.0
36 64 0.0
37 38 0.0
37 39 0.0
37 40 0.0
37 41 0.0
37 42 0.14199896255423647
37 43 0.0
37 44 0.0
37 45 0.0
37 46 0.0
37 47 0.0
37 48 0.0
37 49 0.0
37 50 0.0
37 51 0.0
37 52 0.0
37 53 0.0
37 54 0.15649774396415753
37 55 0.0
37 56 0.0
37 57 0.0
37 58 0.0
37 59 0.13885372282039732
37 60 0.0
37 61 0.0
37 62 0.0
37 63 0.1338883629218776
37 64 0.10873772262868356
38 39 0.10868263261993161
38 40 0.0
38 41 0.0
38 42 0.0
38 43 0.0
38 44 0.0
38 45 0.09615167286347731
38 46 0.0
38 47 0.0
38 48 0.0
38 49 0.0
38 50 0.0
38 51 0.0
38 52 0.09941712326010776
38 53 0.0
38 54 0.0
38 55 0.0
38 56 0.29923140679894744
38 57 0.240357927874717
38 58 0.0
38 59 0.0
38 60 0.08747022990496038
38 61 0.0
38 62 0.0
38 63 0.0
38 64 0.0
39 40 0.0
39 41 0.10336063496972625
39 42 0.2882423120691454
39 43 0.418863635247127
39 44 0.08653931581802773
39 45 0.10958272044107274
39 46 0.0
39 47 0.0
39 48 0.0
39 49 0.0
39 50 0.0
39 51 0.0
39 52 0.11330430871168168
39 53 0.0
39 54 0.10255223228722542
39 55 0.22036122274909953
39 56 0.09933579179126706
39 57 0.0
39 58 0.11292727947069764
39 59 0.11477444553848694
39 60 0.19686227824537472
39 61 0.0
39 62 0.0
39 63 0.0
39 64 0.0
40 41 0.0
40 42 0.0
40 43 0.0
40 44 0.0
40 45 0.0
40 46 0.0
40 47 0.0
40 48 0.0
40 49 0.14695971652405201
40 50 0.0
40 51 0.0
40 52 0.0
40 53 0.0
40 54 0.0
40 55 0.0
40 56 0.18622842060752134
40 57 0.0
40 58 0.0
40 59 0.0
40 60 0.0
40 61 0.0
40 62 0.0
40 63 0.0
40 64 0.0
41 42 0.07965790084505164
41 43 0.08225945554965826
41 44 0.07408326367069865
41 45 0.0
41 46 0.0
41 47 0.0
41 48 0.0
41 49 0.0
41 50 0.0
41 51 0.0
41 52 0.0
41 53 0.0
41 54 0.08779135809819488
41 55 0.0
41 56 0.0
41 57 0.0
41 58 0.0
41 59 0.09471532693057205
41 60 0.08318696636233848
41 61 0.0
41 62 0.0
41 63 0.0
41 64 0.0
42 43 0.22939734904035086
42 44 0.06669405853253653
42 45 0.0
42 46 0.0
42 47 0.0
42 48 0.0
42 49 0.0
42 50 0.0
42 51 0.0
42 52 0.0
42 53 0.0
42 54 0.2488363227232277
42 55 0.16982783084666067
42 56 0.0
42 57 0.0
42 58 0.0
42 59 0.15065752155634568
42 60 0.07488974066228025
42 61 0.0
42 62 0.0
42 63 0.0
42 64 0.0
43 44 0.06887222591962511
43 45 0.0
43 46 0.0
43 47 0.0
43 48 0.0
43 49 0.0
43 50 0.0
43 51 0.0
43 52 0.0
43 53 0.0
43 54 0.08161608910220097
43 55 0.17537425358219916
43 56 0.0
43 57 0.0
43 58 0.0
43 59 0.09134312500861799
43 60 0.07733557158526304
43 61 0.0
43 62 0.0
43 63 0.0
43 64 0.0
44 45 0.0
44 46 0.0
44 47 0.0
44 48 0.0
44 49 0.0
44 50 0.0
44 51 0.0
44 52 0.0
44 53 0.0
44 54 0.37165291078078794
44 55 0.10119046390424993
44 56 0.0
44 57 0.0
44 58 0.0
44 59 0.11067335887570443
44 60 0.06964878994873233
44 61 0.0
44 62 0.0
44 63 0.0
44 64 0.0
45 46 0.17570266237347612
45 47 0.0
45 48 0.0
45 49 0.0
45 50 0.0
45 51 0.0
45 52 0.10024047598631784
45 53 0.18994468710230641
45 54 0.0
45 55 0.0
45 56 0.08788251007269735
45 57 0.22649722356547944
45 58 0.0
45 59 0.0
45 60 0.2608143578830857
45 61 0.0
45 62 0.24061217281160371
45 63 0.0
45 64 0.0
46 47 0.18906253268566905
46 48 0.0
46 49 0.0
46 50 0.0
46 51 0.0
46 52 0.0
46 53 0.1758808338304145
46 54 0.0
46 55 0.0
46 56 0.0
46 57 0.3740814454085822
46 58 0.0
46 59 0.0
46 60 0.15983863634430148
46 61 0.0
46 62 0.3973936102675589
46 63 0.0
46 64 0.0
47 48 0.0
47 49 0.0
47 50 0.0
47 51 0.0
47 52 0.0
47 53 0.0
47 54 0.0
47 55 0.0
47 56 0.0
47 57 0.0
47 58 0.0
47 59 0.0
47 60 0.0
47 61 0.0
47 62 0.0
47 63 0.0
47 64 0.0
48 49 0.0
48 50 0.0
48 51 0.0
48 52 0.0
48 53 0.0
48 54 0.0
48 55 0.0
48 56 0.0
48 57 0.0
48 58 0.0
48 59 0.0
48 60 0.0
48 61 0.0
48 62 0.0
48 63 0.0
48 64 0.0
49 50 0.0
49 51 0.0
49 52 0.0
49 53 0.0
49 54 0.0
49 55 0.0
49 56 0.11052305614022569
49 57 0.0
49 58 0.0
49 59 0.0
49 60 0.0
49 61 0.0
49 62 0.0
49 63 0.0
49 64 0.0
50 51 0.0
50 52 0.0
50 53 0.0
50 54 0.0
50 55 0.0
50 56 0.0
50 57 0.0
50 58 0.0
50 59 0.0
50 60 0.0
50 61 0.0
50 62 0.0
50 63 0.0
50 64 0.0
51 52 0.0
51 53 0.0
51 54 0.0
51 55 0.0
51 56 0.0
51 57 0.0
51 58 0.0
51 59 0.0
51 60 0.0
51 61 0.0
51 62 0.0
51 63 0.0
51 64 0.0
52 53 0.18543561652392396
52 54 0.0
52 55 0.0
52 56 0.09086712769636822
52 57 0.0
52 58 0.0
52 59 0.0
52 60 0.09118985888841859
52 61 0.0
52 62 0.0
52 63 0.0
52 64 0.0
53 54 0.0
53 55 0.0
53 56 0.0
53 57 0.22672690329696452
53 58 0.0
53 59 0.0
53 60 0.17279476222587317
53 61 0.050833932860845636
53 62 0.24085616582120212
53 63 0.0
53 64 0.0
54 55 0.0
54 56 0.0
54 57 0.0
54 58 0.0
54 59 0.16604038375135372
54 60 0.08253634568091449
54 61 0.0
54 62 0.0
54 63 0.0
54 64 0.0
55 56 0.0
55 57 0.0
55 58 0.0
55 59 0.0
55 60 0.0
55 61 0.0
55 62 0.0
55 63 0.0
55 64 0.0
56 57 0.0
56 58 0.0
56 59 0.0
56 60 0.0799476819461946
56 61 0.0
56 62 0.0
56 63 0.0
56 64 0.0
57 58 0.0
57 59 0.0
57 60 0.2060470049880233
57 61 0.0
57 62 0.5122776637097326
57 63 0.0
57 64 0.0
58 59 0.0
58 60 0.0
58 61 0.0
58 62 0.0
58 63 0.0
58 64 0.0
59 60 0.0
59 61 0.0
59 62 0.0
59 63 0.0
59 64 0.0
60 61 0.0
60 62 0.2188875289111834
60 63 0.0
60 64 0.0
61 62 0.0
61 63 0.0
61 64 0.0
62 63 0.0
62 64 0.0
63 64 0.15188726075163447
