53
0	0	0	0	0	0	0	0	0	0	0	0	0	0	0	0	0	0	0	0	0	0	0	0	0	0	0	0	0	0	0	0	0	0	0	0	0	0	0	0	0	0	0	0	0	0	0	0	0	0	0	0	
0	0	0	0	0	0	0	0	0	0	0	0	0	0	0	0	0	0	0	0	0	0	0	0	0	0	0	0	0	0	0	0	0	0	0	0	0	0	0	0	0	0	0	0	0	0	0	0	0	0	0	
0	0	0	0	0	0	0	0	0	0	0	0	0	0	0	0	0	0	0	0	0	0	0	0	0	0	0	0	0	0	0	0	0	0	0	0	0	0	0	0	0	0	0	0	0	0	0	0	0	0	
0	0	0	0	0	0	0	0	0	0	0	0	0	0	0	0	0	0	0	0	0	0	0	0	0	0	0	0	0	0	0	0	0	0	0	0	0	0	0	0	0	0	0	0	0	0	0	0	0	
0	0	0	0	0	0	0	0	0	0	0	0	0	0	0	0	0	0	0	0	0	0	0	0	0	0	0	0	0	0	0	0	0	0	0	0	0	0	0	0	0	0	0	0	0	0	0	0	
1.0	0	1.0	1.0	1.0	1.0	1.0	0	0	0	0	0	0	0	0	0	0	1.0	1.0	1.0	0	1.0	0	0	0	1.0	1.0	1.0	0	0	1.0	0	0	0	0	1.0	0	1.0	0	1.0	1.0	1.0	0	0	1.0	0	1.0	
0	1.0	1.0	1.0	0	1.0	0	0	0	0	0	0	0	0	0	0	0	0	0	0	0	0	0	0	1.0	0	1.0	0	0	0	0	0	0	0	1.0	0	0	0	0	0	1.0	0	0	0	0	1.0	
0	0	0	0	0	0	0	0	0	0	0	0	0	0	0	0	0	0	0	0	0	0	0	0	0	0	0	0	0	0	0	0	0	0	0	0	0	0	0	0	0	0	0	0	0	
0	1.0	1.0	1.0	0	0	0	0	0	0	0	0	0	0	1.0	1.0	1.0	0	1.0	0	0	0	1.0	1.0	1.0	0	0	1.0	0	0	0	0	1.0	0	1.0	0	1.0	1.0	1.0	0	0	1.0	0	1.0	
1.0	1.0	1.0	0	0	0	0	0	0	0	0	0	0	1.0	1.0	1.0	0	1.0	0	0	0	0	1.0	0	0	0	1.0	0	0	0	0	1.0	0	1.0	0	1.0	1.0	0	0	0	1.0	0	0	
0	1.0	0	0	0	0	0	0	0	0	0	0	0	0	0	0	0	0	0	0	1.0	0	1.0	0	0	0	0	0	0	0	1.0	0	0	0	0	0	1.0	0	0	0	0	1.0	
1.0	0	0	0	0	0	0	0	0	0	0	1.0	1.0	1.0	0	1.0	0	0	0	1.0	1.0	1.0	0	0	1.0	0	0	0	0	1.0	0	1.0	0	1.0	1.0	1.0	0	0	1.0	0	1.0	
0	0	0	0	0	0	0	0	0	0	0	0	1.0	0	1.0	0	0	0	1.0	1.0	1.0	0	0	1.0	0	0	0	0	1.0	0	0	0	1.0	1.0	1.0	0	0	1.0	0	1.0	
0	0	0	0	0	0	0	0	0	0	0	0	0	0	0	0	0	0	0	0	0	0	0	0	0	0	0	0	0	0	0	0	0	0	0	0	0	0	0	
0	0	0	0	0	0	0	0	0	0	0	0	0	0	0	0	0	0	0	0	0	0	0	0	0	0	0	0	0	0	0	0	0	0	0	0	0	0	
0	0	0	0	0	0	0	0	0	0	0	0	0	0	0	0	0	0	0	0	0	0	0	0	0	0	0	0	0	0	0	0	0	0	0	0	0	
0	0	0	0	0	0	0	0	0	0	0	0	0	0	0	0	0	0	0	0	0	0	0	0	0	0	0	0	0	0	0	0	0	0	0	0	
0	0	0	0	0	0	0	0	0	0	0	0	0	0	0	0	0	0	0	0	0	0	0	0	0	0	0	0	0	0	0	0	0	0	0	
0	0	0	0	0	0	0	0	0	0	0	0	0	0	0	0	0	0	0	0	0	0	0	0	0	0	0	0	0	0	0	0	0	0	
0	0	0	0	0	0	0	0	0	0	0	0	0	0	0	0	0	0	0	0	0	0	0	0	0	0	0	0	0	0	0	0	0	
0	0	0	0	0	0	0	0	0	0	0	0	0	0	0	0	0	0	0	0	0	0	0	0	0	0	0	0	0	0	0	0	
0	0	0	0	0	0	0	0	0	0	0	0	0	0	0	0	0	0	0	0	0	0	0	0	0	0	0	0	0	0	0	
0	0	0	0	0	0	0	0	0	0	0	0	0	0	0	0	0	0	0	0	0	0	0	0	0	0	0	0	0	0	
1.0	1.0	0	1.0	0	0	0	1.0	1.0	1.0	0	0	1.0	0	0	0	0	1.0	0	1.0	0	1.0	1.0	1.0	0	0	1.0	0	1.0	
1.0	0	1.0	0	0	0	1.0	1.0	1.0	0	0	1.0	0	0	0	0	1.0	0	1.0	0	1.0	1.0	1.0	0	0	1.0	0	1.0	
0	1.0	0	0	0	1.0	1.0	1.0	0	0	1.0	0	0	0	0	1.0	0	1.0	0	1.0	1.0	1.0	0	0	1.0	0	1.0	
0	0	0	0	0	0	0	0	0	0	0	0	0	0	0	0	0	0	0	0	0	0	0	0	0	0	
0	0	0	1.0	1.0	1.0	0	0	1.0	0	0	0	0	1.0	0	1.0	0	1.0	1.0	1.0	0	0	1.0	0	1.0	
0	0	0	0	0	0	0	0	0	0	0	0	0	0	0	0	0	0	0	0	0	0	0	0	
0	0	0	0	0	0	0	0	0	0	0	0	0	0	0	0	0	0	0	0	0	0	0	
0	0	0	0	0	0	0	0	0	0	0	0	0	0	0	0	0	0	0	0	0	0	
1.0	1.0	0	0	1.0	0	0	0	0	1.0	0	1.0	0	1.0	1.0	1.0	0	0	1.0	0	1.0	
1.0	0	0	1.0	0	0	0	0	1.0	0	1.0	0	1.0	1.0	1.0	0	0	1.0	0	1.0	
0	0	1.0	0	0	0	0	1.0	0	1.0	0	1.0	1.0	1.0	0	0	1.0	0	1.0	
0	0	0	0	0	0	0	0	0	0	0	0	0	0	0	0	0	0	
0	0	0	0	0	0	0	0	0	0	0	0	0	0	0	0	0	
0	0	0	0	1.0	0	1.0	0	1.0	1.0	1.0	0	0	1.0	0	1.0	
0	0	0	0	0	0	0	0	0	0	0	0	0	0	0	
0	0	0	0	0	0	0	0	0	0	0	0	0	0	
0	0	0	0	0	0	0	0	0	0	0	0	0	
0	0	0	0	0	0	0	0	0	0	0	0	
0	0	0	0	0	1.0	0	0	0	0	1.0	
0	0	0	0	0	0	0	0	0	0	
0	1.0	1.0	1.0	0	0	1.0	0	1.0	
0	0	0	0	0	0	0	0	
1.0	1.0	0	0	1.0	0	1.0	
1.0	0	0	1.0	0	1.0	
0	0	1.0	0	1.0	
0	0	0	0	
0	0	0	
0	1.0	
0	

0	0	0	0	0	0	0	0	0	0	0	0	0	0	0	0	0	0	0	0	0	0	0	0	0	0	0	0	0	0	0	0	0	0	0	0	0	0	0	0	0	0	0	0	0	0	0	0	0	0	0	0	
0	0	0	0	0	0	0	0	0	0	0	0	0	0	0	0	0	0	0	0	0	0	0	0	0	0	0	0	0	0	0	0	0	0	0	0	0	0	0	0	0	0	0	0	0	0	0	0	0	0	0	
0	0	0	0	0	0	0	0	0	0	0	0	0	1.0	0	1.0	0	0	0	0	0	0	0	0	0	0	1.0	1.0	0	0	0	0	0	0	0	0	0	0	0	0	0	0	0	0	0	0	0	0	0	0	
0	0	0	0	0	0	0	0	0	0	0	0	0	0	0	0	0	0	0	0	0	0	0	0	0	0	0	0	0	0	0	0	0	0	0	0	0	0	0	0	0	0	0	0	0	0	0	0	0	
0	0	0	0	0	0	0	0	0	0	0	0	0	0	0	0	0	0	0	0	0	1.0	0	0	0	0	0	0	0	0	0	0	0	0	0	0	0	0	0	0	0	0	0	0	0	0	0	0	
0	0	0	0	0	0	0	0	0	0	0	0	0	0	0	0	0	0	0	0	0	0	0	0	0	0	0	0	0	0	1.0	0	0	0	0	0	0	0	0	0	0	0	0	0	0	0	0	
0	1.0	1.0	1.0	0	0	1.0	1.0	0	0	0	0	0	1.0	1.0	0	0	1.0	0	0	1.0	1.0	0	0	0	0	0	0	0	0	0	0	0	0	1.0	0	0	0	1.0	0	0	0	0	0	1.0	0	
0	0	0	0	0	0	0	0	0	0	0	0	0	0	0	0	0	0	0	0	0	0	0	0	0	0	0	0	0	0	0	0	0	0	0	0	0	0	0	0	0	0	0	0	0	
1.0	1.0	0	0	1.0	1.0	0	0	0	0	0	1.0	1.0	0	0	1.0	0	0	1.0	1.0	0	0	0	0	0	0	0	0	0	0	0	0	1.0	0	0	0	1.0	0	0	0	0	0	1.0	0	
1.0	0	0	1.0	1.0	0	0	0	0	0	1.0	1.0	0	0	1.0	0	0	1.0	1.0	0	0	0	0	0	0	0	0	0	0	0	0	1.0	0	0	0	1.0	0	0	0	0	0	1.0	0	
0	0	1.0	1.0	0	0	0	0	0	1.0	1.0	1.0	0	2.0	0	0	1.0	1.0	0	0	0	0	0	0	0	0	0	0	0	0	1.0	0	0	0	2.0	0	0	0	0	0	1.0	0	
0	0	0	0	0	2.0	0	0	0	0	0	0	0	1.0	0	0	0	0	0	2.0	1.0	0	0	0	0	0	0	0	0	0	0	0	0	0	1.0	0	0	0	1.0	0	0	
0	0	0	0	0	0	0	0	0	0	1.0	0	0	0	0	0	0	0	0	1.0	0	0	0	0	0	0	0	0	0	0	0	0	1.0	0	0	0	0	0	0	0	
1.0	0	0	0	0	0	1.0	1.0	0	0	1.0	0	0	1.0	1.0	0	0	0	0	0	0	0	0	0	0	0	0	1.0	0	0	0	1.0	0	0	0	0	0	1.0	0	
0	0	0	0	0	1.0	1.0	0	0	1.0	0	0	2.0	1.0	0	0	0	0	0	0	0	0	0	0	0	0	1.0	0	0	0	2.0	0	1.0	1.0	0	0	1.0	0	
0	0	0	0	0	0	0	0	0	0	0	0	0	0	0	0	0	0	0	0	0	0	0	0	0	0	0	1.0	0	1.0	0	0	0	0	0	0	0	
0	1.0	0	0	0	0	0	0	0	0	0	0	1.0	1.0	0	0	0	0	0	0	0	0	0	0	0	0	0	0	0	0	0	0	0	0	0	0	
0	0	0	0	0	0	0	1.0	0	0	0	0	0	2.0	1.0	0	0	0	0	0	0	0	0	0	0	0	0	0	1.0	0	0	0	1.0	0	0	
0	0	0	0	0	0	0	0	0	0	1.0	1.0	0	0	0	0	0	0	0	0	0	0	0	0	0	0	0	0	0	0	0	0	0	0	
0	0	0	0	0	0	0	0	1.0	0	0	0	0	0	0	0	0	0	0	0	0	0	0	0	0	0	0	0	0	0	0	0	0	
1.0	0	0	1.0	0	0	1.0	1.0	0	0	0	0	0	0	0	0	0	0	0	0	1.0	0	0	0	1.0	0	0	0	0	0	1.0	0	
0	0	1.0	0	0	1.0	1.0	0	0	0	0	0	0	0	0	0	0	0	0	1.0	0	0	0	1.0	0	0	0	0	0	1.0	0	
1.0	1.0	0	0	0	0	0	0	0	0	0	0	1.0	0	0	0	0	0	0	0	0	0	1.0	0	0	0	0	0	0	0	
0	0	0	0	0	0	0	0	1.0	0	0	1.0	0	0	0	0	0	0	0	0	0	1.0	0	0	0	0	0	0	0	
0	0	1.0	1.0	0	0	0	0	0	0	0	0	0	0	0	0	1.0	0	0	0	2.0	0	0	0	0	0	1.0	0	
0	0	0	0	0	1.0	0	0	0	0	0	0	0	0	0	0	0	0	0	0	1.0	0	0	0	1.0	0	0	
0	0	0	0	0	0	0	0	0	0	0	0	0	0	0	0	0	0	0	0	0	0	0	0	0	0	
1.0	0	0	0	1.0	1.0	0	0	0	0	0	0	0	1.0	0	0	0	3.0	0	1.0	1.0	0	0	1.0	0	
0	0	0	2.0	0	0	0	0	0	0	0	0	1.0	0	0	0	1.0	0	0	0	0	0	1.0	0	
1.0	0	0	0	0	0	0	0	0	0	0	0	0	0	0	0	0	0	0	0	0	0	0	
0	0	0	0	0	0	0	0	0	0	0	0	0	0	0	0	0	0	0	0	0	0	
1.0	0	0	0	0	0	0	0	0	0	0	0	0	0	1.0	0	0	0	1.0	0	0	
1.0	0	0	0	0	0	0	0	0	0	0	0	2.0	0	0	0	0	0	0	0	
0	0	0	0	0	0	0	0	0	0	0	1.0	0	0	0	0	0	0	0	
0	0	0	0	0	0	0	0	0	0	0	0	0	0	0	0	0	0	
0	0	0	0	0	0	0	0	0	0	0	0	0	0	0	0	0	
0	0	0	0	0	0	0	0	0	0	0	0	0	0	0	0	
0	0	0	0	0	0	0	0	0	0	0	0	0	0	0	
0	0	0	0	0	0	0	0	0	0	0	0	0	0	
0	0	0	0	0	0	0	0	0	0	0	0	0	
0	0	0	0	0	0	0	0	0	0	0	0	
0	0	0	1.0	0	0	0	0	0	1.0	0	
0	0	0	0	0	0	0	0	0	0	
0	1.0	0	0	0	0	0	0	0	
0	0	0	0	0	0	0	0	
0	1.0	1.0	0	0	1.0	0	
0	0	0	1.0	0	0	
2.0	0	0	0	0	
0	0	0	0	
0	0	0	
0	0	
0	

0	0	0	0	0	0	0	0	0	0	0	0	0	0	0	0	0	0	0	0	0	0	0	0	0	0	1.0	0	0	0	0	0	0	0	0	0	0	0	0	0	0	0	0	0	0	0	0	0	0	0	0	0	
0	0	0	0	0	0	0	0	0	0	0	0	0	0	0	0	0	0	0	0	0	0	0	0	0	0	0	0	0	0	0	0	0	0	0	0	0	0	0	0	0	0	0	0	0	0	0	0	0	0	0	
0	0	0	0	0	0	0	0	0	0	0	0	0	0	0	0	0	0	0	0	0	0	0	0	0	0	0	1.0	0	0	0	0	0	0	0	0	0	0	0	0	0	0	0	0	0	0	0	0	0	0	
0	0	0	0	0	0	0	0	0	0	0	0	0	0	0	0	0	0	0	0	0	0	0	0	0	0	0	0	0	0	0	0	0	0	0	0	0	0	0	0	0	0	0	0	0	0	0	0	0	
0	0	0	0	0	0	0	0	0	0	0	0	0	0	0	0	0	0	0	0	0	0	0	0	0	0	0	0	0	0	0	0	0	0	0	0	0	0	0	0	0	0	0	0	0	0	0	0	
0	0	0	0	0	0	0	0	0	0	0	0	0	0	0	0	0	0	0	0	0	0	0	0	0	0	0	0	0	0	0	0	0	0	0	0	0	0	0	0	0	0	0	0	0	0	0	
0	0	1.0	0	0	0	0	0	0	0	0	0	0	0	0	0	0	0	1.0	0	1.0	0	0	0	0	0	0	0	0	0	0	0	0	0	0	0	0	0	0	0	0	0	0	0	0	0	
0	0	0	0	0	0	0	0	0	0	0	0	0	0	0	0	0	0	0	0	0	0	0	0	0	0	0	0	0	0	0	0	0	0	0	0	0	0	0	0	0	0	0	0	0	
1.0	0	0	0	0	0	0	0	0	0	0	0	0	0	0	0	1.0	0	1.0	0	0	0	0	0	0	0	0	0	0	0	0	0	0	0	0	0	0	0	0	0	0	0	0	0	
1.0	0	0	1.0	0	0	0	0	0	0	0	0	0	0	0	1.0	0	1.0	0	0	0	0	0	0	0	0	0	0	0	0	0	0	0	0	0	0	0	0	0	0	0	0	0	
0	0	0	0	0	0	0	0	0	0	0	0	0	0	1.0	0	1.0	0	0	0	0	0	0	0	0	0	0	0	0	0	0	0	0	0	0	0	0	0	0	0	0	0	
0	0	0	0	0	0	0	0	0	0	0	0	0	0	0	0	0	0	0	0	0	0	0	0	0	0	0	0	0	0	0	0	0	0	0	0	0	0	1.0	0	0	
0	0	0	0	0	0	0	0	0	0	0	0	0	0	0	0	0	0	0	0	0	0	0	0	0	0	0	0	0	0	0	0	0	0	0	0	0	0	0	0	
0	0	0	0	0	0	0	0	0	0	0	1.0	0	1.0	0	0	0	0	0	0	0	0	0	0	0	0	0	0	0	0	0	0	0	0	0	0	0	0	0	
0	0	0	0	0	0	0	0	0	0	1.0	0	1.0	0	0	0	0	0	0	0	0	0	0	0	0	0	0	0	0	0	0	0	0	0	0	0	0	0	
0	0	0	0	0	0	0	0	0	0	0	0	0	0	0	0	0	0	0	0	0	0	0	0	0	0	0	1.0	0	0	0	0	0	0	0	0	0	
0	0	0	0	0	0	0	0	0	0	0	0	0	1.0	0	0	0	0	0	0	0	0	0	0	0	0	0	0	0	0	0	0	0	0	0	0	
0	0	0	0	0	0	0	0	0	0	0	0	0	0	0	0	0	0	0	0	0	0	0	0	0	0	0	0	0	0	0	0	1.0	0	0	
0	0	0	0	0	0	0	0	1.0	0	0	1.0	0	0	0	0	0	0	0	0	0	0	0	0	0	0	0	0	0	0	0	0	0	0	
0	0	0	0	0	0	0	0	0	0	0	0	0	0	0	0	0	0	0	0	0	0	0	0	0	0	0	0	0	0	0	0	0	
0	0	0	0	1.0	0	1.0	0	0	0	0	0	0	0	0	0	0	0	0	0	0	0	0	0	0	0	0	0	0	0	0	0	
0	0	0	1.0	0	1.0	0	0	0	0	0	0	0	0	0	0	0	0	0	0	0	0	0	0	0	0	0	0	0	0	0	
0	0	0	0	0	0	0	0	0	0	0	0	0	0	0	0	0	0	0	0	0	0	0	0	0	0	0	0	0	0	
0	0	0	0	0	0	0	0	0	0	0	0	0	0	0	0	0	0	0	0	0	0	0	0	0	0	0	0	0	
1.0	0	1.0	0	0	0	0	0	0	0	0	0	0	0	0	0	0	0	0	0	0	0	0	0	0	0	0	0	
0	0	0	0	0	0	0	0	0	0	0	0	0	0	0	0	0	0	0	0	0	0	0	0	1.0	0	0	
0	0	0	0	0	0	0	0	0	0	0	0	0	0	0	0	0	0	0	0	0	0	0	0	0	0	
0	0	0	0	0	0	0	0	0	0	0	0	0	0	0	0	0	0	0	0	0	0	0	0	0	
0	0	0	0	0	0	0	0	0	0	0	0	0	0	0	0	0	0	0	0	0	0	0	0	
1.0	0	0	0	0	0	0	0	0	0	0	0	0	0	0	0	0	0	0	0	0	0	0	
0	0	0	0	0	0	0	0	0	0	0	0	0	0	0	0	0	0	0	0	0	0	
0	0	0	0	0	0	0	0	0	0	0	0	0	0	0	0	0	0	1.0	0	0	
0	0	0	0	0	0	0	0	0	0	0	0	0	0	0	0	0	0	0	0	
0	0	0	0	0	0	0	0	0	0	0	0	0	0	0	0	0	0	0	
0	0	0	0	0	0	0	0	0	0	0	0	0	0	0	0	0	0	
0	0	0	0	0	0	0	0	0	0	0	0	0	0	0	0	0	
0	0	0	0	0	0	0	0	0	0	0	0	0	0	0	0	
0	0	0	0	0	0	0	0	0	0	0	0	0	0	0	
0	0	0	0	0	0	0	0	0	0	0	0	0	0	
0	0	0	0	0	0	0	0	0	0	0	0	0	
0	0	0	0	0	0	0	0	0	0	0	0	
0	0	0	0	0	0	0	0	0	0	0	
0	0	0	0	0	0	0	0	0	0	
0	0	0	0	0	0	0	0	0	
0	0	0	0	0	0	0	0	
0	0	0	0	0	0	0	
0	0	0	1.0	0	0	
0	0	0	0	0	
0	0	0	0	
0	0	0	
0	0	
0	

1.0	1.0	0	0	0	0	0	0	0	0	0	0	0	0	0	0	0	0	0	0	0	0	0	0	0	0	0	0	0	0	0	0	0	0	0	0	0	0	0	0	0	0	0	0	0	0	0	0	0	0	0	0	
1.0	0	0	0	0	0	0	0	0	0	0	0	0	0	0	0	0	0	0	0	0	0	0	0	0	0	0	0	0	0	0	0	0	0	0	0	0	0	0	0	0	0	0	0	0	0	0	0	0	0	0	
0	0	0	0	0	0	0	0	0	0	0	0	0	0	0	0	0	0	0	0	0	0	0	0	0	0	0	0	0	0	0	0	0	0	0	0	0	0	0	0	0	0	0	0	0	0	0	0	0	0	
0	0	0	0	0	0	0	0	0	0	0	0	0	0	0	0	0	0	0	0	0	0	0	0	0	0	0	0	0	0	0	0	0	0	0	0	0	0	0	0	0	0	0	0	0	0	0	0	0	
1.0	0	0	0	0	0	0	0	0	0	0	0	0	0	0	0	0	0	0	0	0	0	0	0	0	0	0	0	0	0	0	0	0	0	0	0	0	0	0	0	0	0	0	0	0	0	0	0	
0	0	0	0	0	0	0	0	0	0	0	0	0	0	0	0	0	0	0	0	0	0	0	0	0	0	0	0	0	0	0	0	0	0	0	0	0	0	0	0	0	0	0	0	0	0	0	
0	0	0	0	0	0	0	0	0	0	0	0	0	0	0	0	0	0	0	0	0	0	0	0	0	0	0	0	0	0	0	0	0	0	0	0	0	0	0	0	0	0	0	0	0	0	
0	0	0	0	0	0	0	0	0	0	0	0	0	0	0	0	0	0	0	0	0	0	0	0	0	0	0	0	0	0	0	0	0	0	0	0	0	0	0	0	0	0	0	0	0	
1.0	1.0	1.0	1.0	0	0	0	0	0	0	0	0	0	0	0	0	0	0	0	0	0	0	0	0	0	0	0	0	0	0	0	0	0	0	0	0	0	0	0	0	0	0	0	0	
1.0	1.0	1.0	0	0	0	0	0	0	0	0	0	0	0	0	0	0	0	0	0	0	0	0	0	0	0	0	0	0	0	0	0	0	0	0	0	0	0	0	0	0	0	0	
1.0	1.0	0	0	0	0	0	0	0	0	0	0	0	0	0	0	0	0	0	0	0	0	0	0	0	0	0	0	0	0	0	0	0	0	0	0	0	0	0	0	0	0	
1.0	0	0	0	0	0	0	0	0	0	0	0	0	0	0	0	0	0	0	0	0	0	0	0	0	0	0	0	0	0	0	0	0	0	0	0	0	0	0	0	0	
0	0	0	0	0	0	0	0	0	0	0	0	0	0	0	0	0	0	0	0	0	0	0	0	0	0	0	0	0	0	0	0	0	0	0	0	0	0	0	0	
1.0	1.0	1.0	1.0	0	0	0	0	0	0	0	0	0	0	0	0	0	0	0	0	0	0	0	0	0	0	0	0	0	0	0	0	0	0	0	0	0	0	0	
1.0	1.0	1.0	0	0	0	0	0	0	0	0	0	0	0	0	0	0	0	0	0	0	0	0	0	0	0	0	0	0	0	0	0	0	0	0	0	0	0	
1.0	1.0	0	0	0	0	0	0	0	0	0	0	0	0	0	0	0	0	0	0	0	0	0	0	0	0	0	0	0	0	0	0	0	0	0	0	0	
1.0	0	0	0	0	0	0	0	0	0	0	0	0	0	0	0	0	0	0	0	0	0	0	0	0	0	0	0	0	0	0	0	0	0	0	0	
0	0	0	0	0	0	0	0	0	0	0	0	0	0	0	0	0	0	0	0	0	0	0	0	0	0	0	0	0	0	0	0	0	0	0	
0	0	0	0	0	0	0	0	0	0	0	0	0	0	0	0	0	0	0	0	0	0	0	0	0	0	0	0	0	0	0	0	0	0	
0	0	0	0	0	0	0	0	0	0	0	0	0	0	0	0	0	0	0	0	0	0	0	0	0	0	0	0	0	0	0	0	0	
1.0	0	0	0	0	0	0	0	0	0	0	0	0	0	0	0	0	0	0	0	0	0	0	0	0	0	0	0	0	0	0	0	
0	0	0	0	0	0	0	0	0	0	0	0	0	0	0	0	0	0	0	0	0	0	0	0	0	0	0	0	0	0	0	
0	0	0	0	0	0	0	0	0	0	0	0	0	0	0	0	0	0	0	0	0	0	0	0	0	0	0	0	0	0	
1.0	1.0	1.0	1.0	1.0	1.0	1.0	1.0	1.0	1.0	1.0	0	0	0	0	0	0	0	0	0	0	0	0	0	0	0	0	0	0	
1.0	1.0	1.0	1.0	1.0	1.0	1.0	1.0	1.0	1.0	0	0	0	0	0	0	0	0	0	0	0	0	0	0	0	0	0	0	
1.0	1.0	1.0	1.0	1.0	1.0	1.0	1.0	1.0	0	0	0	0	0	0	0	0	0	0	0	0	0	0	0	0	0	0	
1.0	1.0	1.0	1.0	1.0	1.0	1.0	1.0	0	0	0	0	0	0	0	0	0	0	0	0	0	0	0	0	0	0	
1.0	1.0	1.0	1.0	1.0	1.0	1.0	0	0	0	0	0	0	0	0	0	0	0	0	0	0	0	0	0	0	
1.0	1.0	1.0	1.0	1.0	1.0	0	0	0	0	0	0	0	0	0	0	0	0	0	0	0	0	0	0	
1.0	1.0	1.0	1.0	1.0	0	0	0	0	0	0	0	0	0	0	0	0	0	0	0	0	0	0	
1.0	1.0	1.0	1.0	0	0	0	0	0	0	0	0	0	0	0	0	0	0	0	0	0	0	
1.0	1.0	1.0	0	0	0	0	0	0	0	0	0	0	0	0	0	0	0	0	0	0	
1.0	1.0	0	0	0	0	0	0	0	0	0	0	0	0	0	0	0	0	0	0	
1.0	0	0	0	0	0	0	0	0	0	0	0	0	0	0	0	0	0	0	
0	0	0	0	0	0	0	0	0	0	0	0	0	0	0	0	0	0	
0	0	0	0	0	0	0	0	0	0	0	0	0	0	0	0	0	
0	0	0	0	0	0	0	0	0	0	0	0	0	0	0	0	
0	0	0	0	0	0	0	0	0	0	0	0	0	0	0	
0	0	0	0	0	0	0	0	0	0	0	0	0	0	
0	0	0	0	0	0	0	0	0	0	0	0	0	
1.0	0	0	0	0	0	0	0	0	0	0	0	
0	0	0	0	0	0	0	0	0	0	0	
0	0	0	0	0	0	0	0	0	0	
0	0	0	0	0	0	0	0	0	
1.0	1.0	0	0	0	0	0	0	
1.0	0	0	0	0	0	0	
0	0	0	0	0	0	
0	0	0	0	0	
0	0	0	0	
0	0	0	
0	0	
0	

0	0	0	0	0	0	0	0	0	0	0	0	0	0	0	0	0	0	0	0	0	0	0	0	0	0	0	0	0	0	0	0	0	0	0	0	0	0	0	0	0	0	0	0	0	0	0	0	0	0	0	0	
0	0	0	0	0	0	0	0	0	0	0	0	0	0	0	0	0	0	0	0	0	0	0	0	0	0	0	0	0	0	0	0	0	0	0	1.0	0	0	0	0	0	0	0	0	0	0	0	0	0	0	0	
0	0	0	0	0	0	0	0	0	0	0	0	0	0	0	0	0	0	0	0	0	0	0	0	0	0	0	0	0	0	0	0	0	0	0	0	0	0	0	0	0	0	0	0	0	0	0	0	0	0	
0	0	0	0	0	0	0	0	0	0	0	0	0	0	0	0	0	0	0	0	0	0	0	0	0	0	0	0	0	0	0	0	0	0	0	0	0	0	0	0	0	0	0	0	0	0	0	0	0	
0	0	0	0	0	0	0	0	0	0	0	0	0	0	0	0	0	0	0	0	0	0	0	0	0	0	0	0	0	0	0	0	0	0	0	0	0	0	0	0	0	0	0	0	0	0	0	0	
0	0	0	0	0	0	0	0	0	0	0	0	0	0	0	0	0	0	0	0	0	0	0	0	0	0	0	0	0	0	0	0	0	0	0	0	0	0	0	0	0	0	0	0	0	0	0	
0	0	0	0	0	0	0	0	0	0	0	0	0	0	0	0	0	0	0	0	0	0	0	0	0	0	0	0	0	0	0	0	0	0	0	0	0	0	0	0	0	0	0	0	0	0	
0	0	0	0	0	0	0	0	0	0	0	0	0	0	0	0	0	0	0	0	0	0	0	0	0	0	0	0	0	0	0	0	0	0	0	0	0	0	0	0	0	0	0	0	0	
0	0	0	0	0	0	0	0	0	0	0	0	0	0	0	0	0	0	0	0	0	0	0	0	0	0	0	0	0	0	0	0	0	0	0	0	0	0	0	0	0	0	0	0	
0	0	0	0	0	0	0	0	0	0	0	0	0	0	0	0	0	0	0	0	0	0	0	0	0	0	0	0	0	0	0	0	0	0	0	0	0	0	0	0	0	0	0	
0	0	0	0	0	0	0	0	0	0	0	0	0	0	0	0	0	0	0	0	0	0	0	0	0	0	0	0	0	0	0	0	0	0	0	0	0	0	0	0	0	0	
0	0	0	0	0	0	0	0	0	0	0	0	0	0	0	0	0	0	0	0	0	0	0	0	0	0	0	0	0	0	0	0	0	0	0	0	0	0	0	0	0	
0	0	0	0	0	0	0	0	0	0	0	0	0	0	0	0	0	0	0	0	0	0	0	0	0	0	0	0	0	0	0	0	0	0	0	0	0	0	0	0	
0	0	0	0	0	0	0	0	0	0	0	0	0	0	0	0	0	0	0	0	0	0	0	0	0	0	0	0	0	0	0	0	0	0	0	0	0	0	0	
0	0	0	0	0	0	0	0	0	0	0	0	0	0	0	0	0	0	0	0	0	0	0	0	0	0	0	0	0	0	0	0	0	0	0	0	0	0	
0	0	0	0	0	0	0	0	0	0	0	0	0	0	0	0	0	0	0	0	0	0	0	0	0	0	0	0	0	0	0	0	0	0	0	0	0	
0	0	0	0	0	0	0	0	0	1.0	0	0	0	0	0	0	0	0	0	0	0	0	0	0	0	0	0	0	0	0	0	0	0	0	0	0	
0	0	0	0	0	0	0	0	0	0	0	0	0	0	0	0	0	0	0	0	0	0	0	0	0	0	0	0	0	0	0	0	0	0	0	
0	0	0	0	0	0	0	0	0	0	0	0	0	0	0	0	0	0	1.0	0	0	0	0	0	0	0	0	0	0	0	0	0	0	0	
0	0	0	0	0	0	0	0	0	0	0	0	0	0	0	0	0	0	0	0	0	0	0	0	0	0	0	0	0	0	0	0	0	
0	0	0	0	0	0	0	0	0	0	0	0	0	0	0	0	0	0	0	0	0	0	0	0	0	0	0	0	0	0	0	0	
0	0	0	0	0	0	0	0	0	0	0	0	0	0	0	0	0	0	0	0	0	0	0	0	0	0	0	0	0	0	0	
0	0	0	0	0	0	0	0	0	0	0	0	0	0	0	0	0	0	0	0	0	0	0	0	0	0	0	0	0	0	
0	0	0	0	0	0	0	0	0	0	0	0	0	0	0	0	0	0	0	0	0	0	0	0	0	0	0	0	0	
0	0	0	0	0	0	0	0	0	0	0	0	0	0	0	0	0	0	0	0	0	0	0	0	0	0	0	0	
0	0	0	0	0	0	0	0	0	0	0	0	0	0	0	0	0	0	0	0	0	0	0	0	0	0	0	
1.0	0	0	0	0	0	0	0	0	0	0	0	0	0	0	0	0	0	0	0	0	0	0	0	0	0	
0	0	0	0	0	0	0	0	0	0	0	0	0	0	0	0	0	0	0	0	0	0	0	0	0	
0	0	0	0	0	0	0	0	0	0	0	0	0	0	0	0	0	0	0	0	0	0	0	0	
0	0	0	0	0	0	0	0	0	0	0	0	0	0	0	0	0	0	0	0	0	0	0	
0	0	0	0	0	0	0	0	0	0	0	0	0	0	0	0	0	0	0	0	0	0	
0	0	0	0	0	0	0	0	0	0	0	0	0	0	0	0	0	0	0	0	0	
0	0	0	0	0	0	0	0	0	0	0	0	0	0	0	0	0	0	0	0	
0	0	0	0	0	0	0	0	0	0	0	0	0	0	0	0	0	0	0	
0	0	0	0	0	0	0	0	0	0	0	0	0	0	0	0	0	0	
0	0	0	0	0	0	0	0	0	0	0	0	0	0	0	0	0	
0	0	0	0	0	0	0	0	0	0	0	0	0	0	0	0	
0	0	0	0	0	0	0	0	0	0	0	0	0	0	0	
0	0	0	0	0	0	0	0	0	0	0	0	0	0	
0	0	0	0	0	0	0	0	0	0	0	0	0	
0	0	0	0	0	0	0	0	0	0	0	0	
0	0	0	0	0	0	0	0	0	0	0	
0	0	0	0	0	0	0	0	0	0	
0	0	0	0	0	0	0	0	0	
0	0	0	0	0	0	0	0	
0	0	0	0	0	0	0	
0	0	0	0	0	0	
0	0	0	0	0	
0	0	0	0	
0	0	0	
0	0	
0	

0	0	0	0	0	0	0	0	0	0	0	0	0	0	0	0	0	0	0	0	0	0	0	0	0	0	0	0	0	0	0	0	0	0	0	0	0	0	0	0	0	0	0	0	0	0	0	0	0	0	0	0	
0	0	0	0	0	0	0	0	0	0	0	0	0	0	0	0	0	0	0	0	0	0	0	0	0	0	0	0	0	0	0	0	0	0	0	0	0	0	0	0	0	0	0	0	0	0	0	0	0	0	0	
0	0	0	0	0	0	0	0	0	0	0	0	0	0	0	0	0	0	0	0	0	0	0	0	0	0	0	0	0	0	0	0	0	0	0	0	0	0	0	0	0	0	0	0	0	0	0	0	0	0	
0	0	0	0	0	0	0	0	0	0	0	0	0	0	0	0	0	0	0	0	0	0	0	0	0	0	0	0	0	0	0	0	0	0	0	0	0	0	0	0	0	0	0	0	0	0	0	0	0	
0	0	0	0	0	0	0	0	0	0	0	0	0	0	0	0	0	0	0	0	0	0	0	0	0	0	0	0	0	0	0	0	0	0	0	0	0	0	0	0	0	0	0	0	0	0	0	0	
0	0	0	0	0	0	0	0	0	0	0	0	0	0	0	0	0	0	0	0	0	0	0	0	0	0	0	0	0	0	0	0	0	0	0	0	0	0	0	0	0	0	0	0	0	0	0	
0	0	0	0	0	0	0	0	0	0	0	0	0	0	0	0	0	0	0	0	0	0	0	0	0	0	0	0	0	0	0	0	0	0	0	0	0	0	0	0	0	0	0	0	0	0	
0	0	0	0	0	0	0	0	0	0	0	0	0	0	0	0	0	0	0	0	0	0	0	0	0	0	0	0	0	0	0	0	0	0	0	0	0	0	0	0	0	0	0	0	0	
0	0	0	0	0	0	0	0	0	0	0	0	0	0	0	0	0	0	0	0	0	0	0	0	0	0	0	0	0	0	0	0	0	0	0	0	0	0	0	0	0	0	0	0	
0	0	0	0	0	0	0	0	0	0	0	0	0	0	0	0	0	0	0	0	0	0	0	0	0	0	0	0	0	0	0	0	0	0	0	0	0	0	0	0	0	0	0	
0	0	0	0	0	0	0	0	0	0	0	0	0	0	0	0	0	0	0	0	0	0	0	0	0	0	0	0	0	0	0	0	0	0	0	0	0	0	0	0	0	0	
0	0	0	0	0	0	0	0	0	0	0	0	0	0	0	0	0	0	0	0	0	0	0	0	0	0	0	0	0	0	0	0	0	0	0	0	0	0	0	0	0	
0	0	0	0	0	0	0	0	0	0	0	0	0	0	0	0	0	0	0	0	0	0	0	0	0	0	0	0	0	0	0	0	0	0	0	0	0	0	0	0	
0	0	0	0	0	0	0	0	0	0	0	0	0	0	0	0	0	0	0	0	0	0	0	0	0	0	0	0	0	0	0	0	0	0	0	0	0	0	0	
0	0	0	0	0	0	0	0	0	0	0	0	0	0	0	0	0	0	0	0	0	0	0	0	0	0	0	0	0	0	0	0	0	0	0	0	0	0	
0	0	0	0	0	0	0	0	0	0	0	0	0	0	0	0	0	0	0	0	0	0	0	0	0	0	0	0	0	0	0	0	0	0	0	0	0	
0	0	0	0	0	0	0	0	0	0	0	0	0	0	0	0	0	0	0	0	0	0	0	0	0	0	0	0	0	0	0	0	0	0	0	0	
0	0	0	0	0	0	0	0	0	0	0	0	0	0	0	0	0	0	0	0	0	0	0	0	0	0	0	0	0	0	0	0	0	0	0	
0	0	0	0	0	0	0	0	0	0	0	0	0	0	0	0	0	0	0	0	0	0	0	0	0	0	0	0	0	0	0	0	0	0	
0	0	0	0	0	0	0	0	0	0	0	0	0	0	0	0	0	0	0	0	0	0	0	0	0	0	0	0	0	0	0	0	0	
0	0	0	0	0	0	0	0	0	0	0	0	0	0	0	0	0	0	0	0	0	0	0	0	0	0	0	0	0	0	0	0	
0	0	0	0	0	0	0	0	0	0	0	0	0	0	0	0	0	0	0	0	0	0	0	0	0	0	0	0	0	0	0	
0	0	0	0	0	0	0	0	0	0	0	0	0	0	0	0	0	0	0	0	0	0	0	0	0	0	0	0	0	0	
0	0	0	0	0	0	0	0	0	0	0	0	0	0	0	0	0	0	0	0	0	0	0	0	0	0	0	0	0	
0	0	0	0	0	0	0	0	0	0	0	0	0	0	0	0	0	0	0	0	0	0	0	0	0	0	0	0	
0	0	0	0	0	0	0	0	0	0	0	0	0	0	0	0	0	0	0	0	0	0	0	0	0	0	0	
0	0	0	0	0	0	0	0	0	0	0	0	0	0	0	0	0	0	0	0	0	0	0	0	0	0	
0	0	0	0	0	0	0	0	0	0	0	0	0	0	0	0	0	0	0	0	0	0	0	0	0	
0	0	0	0	0	0	0	0	0	0	0	0	0	0	0	0	0	0	0	0	0	0	0	0	
0	0	0	0	0	0	0	0	0	0	0	0	0	0	0	0	0	0	0	0	0	0	0	
0	0	0	0	0	0	0	0	0	0	0	0	0	0	0	0	0	0	0	0	0	0	
0	0	0	0	0	0	0	0	0	0	0	0	0	0	0	0	0	0	0	0	0	
0	0	0	0	0	0	0	0	0	0	0	0	0	0	0	0	0	0	0	0	
0	0	0	0	0	0	0	0	0	0	0	0	0	0	0	0	0	0	0	
0	0	0	0	0	0	0	0	0	0	0	0	0	0	0	0	0	0	
0	0	0	0	0	0	0	0	0	0	0	0	0	0	0	0	0	
0	0	0	0	0	0	0	0	0	0	0	0	0	0	0	0	
0	0	0	0	0	0	0	0	0	0	0	0	0	0	0	
0	0	0	0	0	0	0	0	0	0	0	0	0	0	
0	0	0	0	0	0	0	0	0	0	0	0	0	
0	0	0	0	0	0	0	0	0	0	0	0	
0	0	0	0	0	0	0	0	0	0	0	
0	0	0	0	0	0	0	0	0	0	
0	0	0	0	0	0	0	0	0	
0	0	0	0	0	0	0	0	
0	0	0	0	0	0	0	
0	0	0	0	0	0	
0	0	0	0	0	
0	0	0	0	
0	0	0	
0	0	
0	

0.08049015539993577	0	0	0	0	0.010124377601118721	0.07941143486089333	0.015189188361071929	0.010124377601118721	0.008711732793668327	0	0	0.008521950813676087	0.008422585467551027	0.00802312838164298	0	0	0	0	0.008799367765434562	0.010874040513087513	0	0	0.010676056668550067	0	0	0.01202467761524782	0.09699418563303312	0	0	0	0.0076525387270105815	0	0	0	0	0.07027402016486119	0	0	0.006741983713159613	0	0	0	0	0.006964973016767394	0	0	0	0.11889794902935627	0	0.016951885661976897	0.010009929411325868	
0	0	0	0	0	0.0770054769950442	0	0	0	0	0	0.06512867452032924	0	0.06131644366736692	0	0	0	0	0	0	0	0	0	0	0	0.09189812658371102	0.08464996494712877	0	0	0	0	0	0	0	0	0.06814490196070504	0	0	0.05152534583643314	0	0	0.0748304633972367	0	0	0	0	0	0.1152956535135831	0	0	0.07650049253458328	
0	0	0	0	0	0	0	0	0	0	0	0	0	0.16325001119724267	0	0.08048525223933707	0	0	0	0	0	0	0	0.31005694077821677	0	0	0	0	0	0	0	0	0	0	0	0	0	0	0	0	0.12755352214780633	0	0	0	0	0	0	0	0	0	
0	0	0	0	0	0	0	0	0	0	0	0	0	0	0	0	0	0	0	0	0	0	0	0	0	0	0.12928743470342816	0.10102897727390285	0	0	0	0	0	0	0	0	0	0	0	0	0	0	0	0	0.11896525280475487	0	0	0	0	
0	0.08012163317945771	0	0	0.08012163317945771	0	0	0.06473570022936746	0	0	0	0	0	0	0	0	0	0	0	0	0	0	0	0	0	0	0	0	0	0	0	0	0	0	0	0	0.07826141122162994	0	0	0	0	0	0	0	0	0	0	0.07921592062685373	
0	0	0	0	0	0	0	0	0	0	0	0	0	0	0	0	0	0	0	0	0	0	0	0	0	0	0.08773329859944312	0	0	0	0	0	0	0	0	0	0	0	0	0	0.13496935322237724	0	0	0	0.2591209164581265	0	0	
0	0.016674054545311474	1.0000000000000002	0.009563375233273698	0	0.08081864234709504	0.13745598765938846	0.009245961414134609	0.008807454162752292	0	0	0	0	0.14193062286101654	0.011937066045466583	0	0	0.011719727676593078	0	0	0.013200187243729618	0.010647615286463706	0	0	0	0.00840063636785909	0	0	0	0	0	0	0	0.007401067226536885	0.09770468197130124	0	0	0	0.007645855540631817	0	0	0	0	0	0.01860906978401173	0.10988481084804075	
0	0	0	0	0	0	0	0	0	0	0	0	0	0	0	0	0	0	0	0	0.18591668560995772	0	0	0	0	0	0	0	0	0.14966662209089926	0	0	0	0	0	0	0	0	0.1242898172190975	0	0	0.2532237996775037	0	0	0	
0.016674054545311474	0.01434753952378796	0	0	0.014034983511874878	0.12319469240635446	0.11735195052886667	0	0	0	0.11771448835748914	0.014491867437747389	0.017908690468351664	0.12020319925888774	0.11362512392420153	0.017582626629865136	0	0	0.01980369938239692	0.015974180394502022	0	0	0	0.11193144411936742	0	0	0	0	0	0	0	0.09861302244438377	0	0	0	0.13790593023568976	0.011470763395408081	0	0.11362512392420153	0	0	0	0.8960176268261	0.14641230766829738	
0.009563375233273698	0	0.08081864234709504	0.13745598765938846	0.009245961414134609	0.008807454162752292	0	0	0	0	0.14193062286101654	0.011937066045466583	0	0	0.011719727676593078	0	0	0.013200187243729618	0.010647615286463706	0	0	0	0.00840063636785909	0	0	0	0	0	0	0	0.007401067226536885	0.09770468197130124	0	0	0	0.007645855540631817	0	0	0	0	0	0.01860906978401173	0.10988481084804075	
0	0	0.00804974059261491	0.007955881184400713	0.007578558434041561	0	0	0.15732215135359381	0	0.008311785580490918	0.010271498538041983	0	0	0.010084485185712207	0	0	0.01135837763311542	0.009161963620874866	0	0	0	0.00722850354035335	0	0	0	0	0	0	0	0.006368403333597595	0	0	0	0	0.0065790365663181884	0	0	0	0	0	0.016012563920879814	0.009455268737558146	
0.22503522266346626	0	0	0	0	0.24309180068725292	0	0	0	0	0	0	0.45510438345586085	0	0	0	0	0	0	0.22753143492410124	0	0	0	0	0	0	0	0	0	0.27205350429232045	0	0	0	0.225556473062556	0	0	0	0	0	0	0	
0	0	0	0	0	0	0	0	0	0	0	0.2878682889097394	0	0	0	0	0	0	0	0	0	0	0	0	0	0	0	0	0.1990506952897094	0	0	0	0	0	0	0	0	0	0	0.07990505064965392	
0.13780862449548803	0.06584074978351077	0	0	0	0	0.4349505559331323	0.010047737619725732	0	0	0.009864798286323159	0	0	0.09867893824363651	0.008962373523500638	0	0	0	0.0070710331786285	0	0	0	0	0	0	0	0.055327204250936526	0	0	0.07130454311344438	0	0.00643571461010476	0	0	0	0	0	0.015663735948577274	0.08214517160533695	
0.0650730512794461	0	0	0	0.28141460132695734	0.14229473916212212	0.009930581706932198	0	0	0.009749775433269214	0	0	0.010981386671680877	0.008857872879606337	0	0	0	0.06206731605343342	0	0	0	0	0	0	0	0.054682092947113514	0	0	0	0.07647047730799589	0.0063606746311402115	0	0	0.11236977477030298	0	0	0.015481097890910457	0.08118736469145901	
0	0	0	0	0.007654794329944922	0.009459605040051746	0	0	0.009287373846744978	0	0.12268663618157682	0.09290288191083748	0.008437771462830772	0	0	0	0.05912365590342877	0.1279129274321473	0	0	0	0	0	0	0.0983123585155088	0	0	0.39763398864276017	0.07284371992558238	0.006059007576249134	0	0	0	0	0	0.014746877469641359	0.14596590719736538	
0	0.07708083165638407	0	0	0	0	0	0	0	0.19162823531026948	0	0	0	0	0	0	0	0	0	0	0	0	0	0	0	0	0	0	0	0	0	0	0	0	0	0	
0	0	0	0	0	0	0	0	0	0	0	0	0	0.4159964316769897	0	0	0	0	0	0	0	0	0	0	0	0	0	0.09137904683845839	0	0	0	0	0	0	0	
0	0	0	0	0	0	0	0.09447623765545309	0.217149469177832	0	0.10930117755678175	0	0	0	0	0	0	0	0	0	0	0	0	0	0	0	0	0.16076527042408312	0	0	0	0.1543226044000199	0	0	
0	0	0.06284865461324562	0.05940928538448497	0	0	0	0	0	0	0	0	0	0	0	0	0	0	0	0	0	0	0	0	0	0	0	0.05940928538448497	0.10595430572779324	0	0	0.1313751926672033	0	
0.010374823847219562	0	0	0.010185929249190508	0	0	0.01147263631468469	0.00925412765324994	0	0	0	0.0073012180873527005	0	0	0	0	0	0	0	0.006432465772099088	0	0	0	0	0.006645217852796276	0	0	0	0	0	0.016173641013158314	0.009550383249043198	
0	0	0.012587518816321528	0	0	0.0141775995052571	0.011436021507137637	0	0	0	0.00902266428602211	0	0	0	0	0	0	0	0.007949081714667924	0.25761577483163733	0	0	0	0.008211995461020544	0	0	0	0	0	0.01998698455496725	0.27255989304592776	
0.06066531204903328	0	0	0	0	0	0	0	0	0	0	0	0	0	0	0	0	0	0	0	0	0	0	0	0.06066531204903328	0	0	0	0.13415271715655314	0	
0	0	0	0	0	0	0	0	0	0	0.14698350071161853	0	0	0	0	0	0	0	0	0	0	0	0	0.16379989606090153	0	0	0	0.12681125964752255	0	
0	0	0.013919467704756203	0.011227805664878176	0	0	0	0.008858388480614966	0	0	0	0	0	0	0	0.007804352645788871	0.3480147500715808	0	0	0	0.008062479516994027	0	0	0	0	0	0.01962308117993932	0.011587245298880984	
0	0	0	0	0	0	0	0	0	0	0	0	0	0	0	0	0	0	0	0	0	0	0	0	0	0	0	
0	0	0	0	0	0	0	0	0	0	0	0	0	0	0	0	0.29945304355613234	0	0	0	0	0	0	0	0	0	
0.012646124654296098	0	0	0	0.009977397926690331	0	0	0	0	0	0	0	0.07806801623435981	0	0	0.10061242574478646	0	0.009080948142303077	0	0	0	0	0	0.022101908254356747	0.11590881334567282	
0	0	0	0.3636765008944838	0	0	0	0	0.16452432746524173	0	0	0.0070904159913391055	0	0	0	0	0.007324929599123721	0.13662831634117073	0	0	0.27836183350775107	0	0.017827975607004783	0.010527252302865405	
0	0	0	0	0	0	0	0	0	0	0	0	0	0	0	0	0	0	0	0	0	0	0	
0.1585852923476677	0	0	0	0	0	0	0	0	0	0	0	0	0	0	0	0	0	0	0	0	0	
0	0	0	0	0	0	0	0	0	0	0	0	0	0.08552985164604669	0	0	0	0	0	0	0	
0	0	0	0	0	0	0	0.04968270557347635	0	0	0	0.06947905620274754	0.005779140993254554	0	0	0	0	0.15666249545310518	0.014065716709346811	0.2572713600279956	
0	0	0	0	0	0	0	0	0	0	0	0.11104273117441885	0	0	0	0	0	0	0	
0	0	0	0	0	0	0	0	0	0	0	0	0.14698350071161853	0	0	0	0	0	
0	0	0	0	0	0	0	0	0	0	0	0	0	0	0	0	0	
0	0	0	0	0	0	0	0	0	0	0	0	0	0	0	0	
0	0	0	0	0	0	0	0	0.109988506527327	0	0	0.2240868010498946	0	0	0	
0	0	0	0	0	0	0	0	0	0	0	0	0	0	
0	0	0	0	0	0	0	0	0	0	0	0	0	
0	0	0.05641127000799441	0.06121193005809372	0.005091496540233242	0	0	0	0	0	0.012392074885373148	0.2843295611488299	
0	0	0	0	0	0	0	0	0	0	0.0966002067703105	
0	0	0	0	0	0	0	0	0	0	
0	0	0	0	0	0	0	0	0.08375470110986605	
0	0	0	0	0	0	0	0.09088231670102646	
0	0	0	0	0	0.012801939439562322	0.007559425109002493	
0	0	0.18609164257604527	0.8007376578761862	0	0	
0	0	0	0.12681125964752255	0	
0	0	0	0	
0	0	0	
0	0	
0.018398708768804863	

1.0	1.0	0	1.0	1.0	1.0	0	1.0	1.0	1.0	1.0	1.0	1.0	1.0	1.0	1.0	1.0	1.0	1.0	1.0	0	0	1.0	1.0	1.0	1.0	1.0	1.0	1.0	1.0	1.0	1.0	1.0	0	1.0	1.0	1.0	0	0	0	0	0	0	1.0	1.0	1.0	0	0	0	1.0	1.0	0	
1.0	0	1.0	1.0	1.0	0	1.0	1.0	1.0	1.0	1.0	1.0	1.0	1.0	1.0	1.0	1.0	1.0	1.0	0	0	1.0	1.0	1.0	1.0	1.0	1.0	1.0	1.0	1.0	1.0	1.0	0	1.0	1.0	1.0	0	0	0	0	0	0	1.0	1.0	1.0	0	0	0	1.0	1.0	0	
0	1.0	1.0	1.0	0	1.0	1.0	1.0	1.0	1.0	1.0	1.0	1.0	1.0	1.0	1.0	1.0	1.0	0	0	1.0	1.0	1.0	1.0	1.0	1.0	1.0	1.0	1.0	1.0	1.0	0	1.0	1.0	1.0	0	0	0	0	0	0	1.0	1.0	1.0	0	0	0	1.0	1.0	0	
0	0	0	0	0	0	0	0	0	0	0	0	0	0	0	0	0	0	0	0	0	0	0	0	0	0	0	0	0	0	0	0	0	0	0	0	0	0	0	0	0	0	0	0	0	0	0	0	0	
1.0	1.0	0	1.0	1.0	1.0	1.0	1.0	1.0	1.0	1.0	1.0	1.0	1.0	1.0	1.0	0	0	1.0	1.0	1.0	1.0	1.0	1.0	1.0	1.0	1.0	1.0	1.0	0	1.0	1.0	1.0	0	0	0	0	0	0	1.0	1.0	1.0	0	0	0	1.0	1.0	0	
1.0	0	1.0	1.0	1.0	1.0	1.0	1.0	1.0	1.0	1.0	1.0	1.0	1.0	1.0	0	0	1.0	1.0	1.0	1.0	1.0	1.0	1.0	1.0	1.0	1.0	1.0	0	1.0	1.0	1.0	0	0	0	0	0	0	1.0	1.0	1.0	0	0	0	1.0	1.0	0	
0	1.0	1.0	1.0	1.0	1.0	1.0	1.0	1.0	1.0	1.0	1.0	1.0	1.0	0	0	1.0	1.0	1.0	1.0	1.0	1.0	1.0	1.0	1.0	1.0	1.0	0	1.0	1.0	1.0	0	0	0	0	0	0	1.0	1.0	1.0	0	0	0	1.0	1.0	0	
0	0	0	0	0	0	0	0	0	0	0	0	0	0	0	0	0	0	0	0	0	0	0	0	0	0	0	0	0	0	0	0	0	0	0	0	0	0	0	0	0	0	0	0	0	
1.0	1.0	1.0	1.0	1.0	1.0	1.0	1.0	1.0	1.0	1.0	1.0	0	0	1.0	1.0	1.0	1.0	1.0	1.0	1.0	1.0	1.0	1.0	1.0	0	1.0	1.0	1.0	0	0	0	0	0	0	1.0	1.0	1.0	0	0	0	1.0	1.0	0	
1.0	1.0	1.0	1.0	1.0	1.0	1.0	1.0	1.0	1.0	1.0	0	0	1.0	1.0	1.0	1.0	1.0	1.0	1.0	1.0	1.0	1.0	1.0	0	1.0	1.0	1.0	0	0	0	0	0	0	1.0	1.0	1.0	0	0	0	1.0	1.0	0	
1.0	1.0	1.0	1.0	1.0	1.0	1.0	1.0	1.0	1.0	0	0	1.0	1.0	1.0	1.0	1.0	1.0	1.0	1.0	1.0	1.0	1.0	0	1.0	1.0	1.0	0	0	0	0	0	0	1.0	1.0	1.0	0	0	0	1.0	1.0	0	
1.0	1.0	1.0	1.0	1.0	1.0	1.0	1.0	1.0	0	0	1.0	1.0	1.0	1.0	1.0	1.0	1.0	1.0	1.0	1.0	1.0	0	1.0	1.0	1.0	0	0	0	0	0	0	1.0	1.0	1.0	0	0	0	1.0	1.0	0	
1.0	1.0	1.0	1.0	1.0	1.0	1.0	1.0	0	0	1.0	1.0	1.0	1.0	1.0	1.0	1.0	1.0	1.0	1.0	1.0	0	1.0	1.0	1.0	0	0	0	0	0	0	1.0	1.0	1.0	0	0	0	1.0	1.0	0	
1.0	1.0	1.0	1.0	1.0	1.0	1.0	0	0	1.0	1.0	1.0	1.0	1.0	1.0	1.0	1.0	1.0	1.0	1.0	0	1.0	1.0	1.0	0	0	0	0	0	0	1.0	1.0	1.0	0	0	0	1.0	1.0	0	
1.0	1.0	1.0	1.0	1.0	1.0	0	0	1.0	1.0	1.0	1.0	1.0	1.0	1.0	1.0	1.0	1.0	1.0	0	1.0	1.0	1.0	0	0	0	0	0	0	1.0	1.0	1.0	0	0	0	1.0	1.0	0	
1.0	1.0	1.0	1.0	1.0	0	0	1.0	1.0	1.0	1.0	1.0	1.0	1.0	1.0	1.0	1.0	1.0	0	1.0	1.0	1.0	0	0	0	0	0	0	1.0	1.0	1.0	0	0	0	1.0	1.0	0	
1.0	1.0	1.0	1.0	0	0	1.0	1.0	1.0	1.0	1.0	1.0	1.0	1.0	1.0	1.0	1.0	0	1.0	1.0	1.0	0	0	0	0	0	0	1.0	1.0	1.0	0	0	0	1.0	1.0	0	
1.0	1.0	1.0	0	0	1.0	1.0	1.0	1.0	1.0	1.0	1.0	1.0	1.0	1.0	1.0	0	1.0	1.0	1.0	0	0	0	0	0	0	1.0	1.0	1.0	0	0	0	1.0	1.0	0	
1.0	1.0	0	0	1.0	1.0	1.0	1.0	1.0	1.0	1.0	1.0	1.0	1.0	1.0	0	1.0	1.0	1.0	0	0	0	0	0	0	1.0	1.0	1.0	0	0	0	1.0	1.0	0	
1.0	0	0	1.0	1.0	1.0	1.0	1.0	1.0	1.0	1.0	1.0	1.0	1.0	0	1.0	1.0	1.0	0	0	0	0	0	0	1.0	1.0	1.0	0	0	0	1.0	1.0	0	
0	0	1.0	1.0	1.0	1.0	1.0	1.0	1.0	1.0	1.0	1.0	1.0	0	1.0	1.0	1.0	0	0	0	0	0	0	1.0	1.0	1.0	0	0	0	1.0	1.0	0	
0	0	0	0	0	0	0	0	0	0	0	0	0	0	0	0	0	0	0	0	0	0	0	0	0	0	0	0	0	0	0	
0	0	0	0	0	0	0	0	0	0	0	0	0	0	0	0	0	0	0	0	0	0	0	0	0	0	0	0	0	0	
1.0	1.0	1.0	1.0	1.0	1.0	1.0	1.0	1.0	1.0	0	1.0	1.0	1.0	0	0	0	0	0	0	1.0	1.0	1.0	0	0	0	1.0	1.0	0	
1.0	1.0	1.0	1.0	1.0	1.0	1.0	1.0	1.0	0	1.0	1.0	1.0	0	0	0	0	0	0	1.0	1.0	1.0	0	0	0	1.0	1.0	0	
1.0	1.0	1.0	1.0	1.0	1.0	1.0	1.0	0	1.0	1.0	1.0	0	0	0	0	0	0	1.0	1.0	1.0	0	0	0	1.0	1.0	0	
1.0	1.0	1.0	1.0	1.0	1.0	1.0	0	1.0	1.0	1.0	0	0	0	0	0	0	1.0	1.0	1.0	0	0	0	1.0	1.0	0	
1.0	1.0	1.0	1.0	1.0	1.0	0	1.0	1.0	1.0	0	0	0	0	0	0	1.0	1.0	1.0	0	0	0	1.0	1.0	0	
1.0	1.0	1.0	1.0	1.0	0	1.0	1.0	1.0	0	0	0	0	0	0	1.0	1.0	1.0	0	0	0	1.0	1.0	0	
1.0	1.0	1.0	1.0	0	1.0	1.0	1.0	0	0	0	0	0	0	1.0	1.0	1.0	0	0	0	1.0	1.0	0	
1.0	1.0	1.0	0	1.0	1.0	1.0	0	0	0	0	0	0	1.0	1.0	1.0	0	0	0	1.0	1.0	0	
1.0	1.0	0	1.0	1.0	1.0	0	0	0	0	0	0	1.0	1.0	1.0	0	0	0	1.0	1.0	0	
1.0	0	1.0	1.0	1.0	0	0	0	0	0	0	1.0	1.0	1.0	0	0	0	1.0	1.0	0	
0	1.0	1.0	1.0	0	0	0	0	0	0	1.0	1.0	1.0	0	0	0	1.0	1.0	0	
0	0	0	0	0	0	0	0	0	0	0	0	0	0	0	0	0	0	
1.0	1.0	0	0	0	0	0	0	1.0	1.0	1.0	0	0	0	1.0	1.0	0	
1.0	0	0	0	0	0	0	1.0	1.0	1.0	0	0	0	1.0	1.0	0	
0	0	0	0	0	0	1.0	1.0	1.0	0	0	0	1.0	1.0	0	
0	0	0	0	0	0	0	0	0	0	0	0	0	0	
0	0	0	0	0	0	0	0	0	0	0	0	0	
0	0	0	0	0	0	0	0	0	0	0	0	
0	0	0	0	0	0	0	0	0	0	0	
0	0	0	0	0	0	0	0	0	0	
0	0	0	0	0	0	0	0	0	
1.0	1.0	0	0	0	1.0	1.0	0	
1.0	0	0	0	1.0	1.0	0	
0	0	0	1.0	1.0	0	
0	0	0	0	0	
0	0	0	0	
0	0	0	
1.0	0	
0	

