0 1 0.0
0 2 0.0
0 3 0.0
0 4 0.0
0 5 0.0
0 6 0.0
0 7 0.0
0 8 0.0
0 9 0.0
0 10 0.0
0 11 0.0
0 12 0.0
0 13 0.0
0 14 0.0
0 15 0.0
0 16 0.0
0 17 0.0
0 18 0.0
0 19 0.0
0 20 0.0
0 21 0.0
0 22 0.0
0 23 0.0
0 24 0.0
0 25 0.0
0 26 0.0
0 27 0.0
0 28 0.0
0 29 0.0
0 30 0.0
0 31 0.0
0 32 0.0
0 33 0.0
0 34 0.0
0 35 0.0
0 36 0.0
0 37 0.0
0 38 0.0
0 39 0.0
0 40 0.0
0 41 0.0
0 42 0.0
0 43 0.0
0 44 0.0
0 45 0.0
0 46 0.0
0 47 0.0
0 48 0.0
0 49 0.0
0 50 0.0
0 51 0.0
0 52 0.0
0 53 0.0
0 54 0.0
0 55 0.0
0 56 0.0
0 57 0.0
0 58 0.0
0 59 0.0
0 60 0.0
0 61 0.0
0 62 0.0
0 63 0.0
0 64 0.0
0 65 0.0
0 66 0.0
0 67 0.0
0 68 0.0
0 69 0.0
0 70 0.0
0 71 0.0
0 72 0.0
0 73 0.0
0 74 0.0
0 75 0.0
0 76 0.0
0 77 0.0
0 78 0.0
0 79 0.0
0 80 0.0
0 81 0.0
0 82 0.0
0 83 0.0
0 84 0.0
1 2 0.0
1 3 0.0
1 4 0.0
1 5 0.0
1 6 0.0
1 7 0.0
1 8 0.0
1 9 0.074210551866912
1 10 0.0
1 11 0.0
1 12 0.0
1 13 0.0
1 14 0.0
1 15 0.0
1 16 0.0
1 17 0.0
1 18 0.0
1 19 0.0
1 20 0.0
1 21 0.0
1 22 0.0
1 23 0.0
1 24 0.0
1 25 0.0
1 26 0.0
1 27 0.0
1 28 0.0
1 29 0.0
1 30 0.0
1 31 0.0
1 32 0.0
1 33 0.0
1 34 0.0
1 35 0.0
1 36 0.0
1 37 0.0
1 38 0.0
1 39 0.0
1 40 0.0
1 41 0.0
1 42 0.0
1 43 0.0
1 44 0.0
1 45 0.0
1 46 0.0
1 47 0.0
1 48 0.0
1 49 0.0
1 50 0.0
1 51 0.0
1 52 0.0
1 53 0.0
1 54 0.0
1 55 0.0
1 56 0.0
1 57 0.0
1 58 0.0
1 59 0.0
1 60 0.0
1 61 0.0
1 62 0.0
1 63 0.0
1 64 0.0
1 65 0.0
1 66 0.0
1 67 0.0
1 68 0.9999999999999999
1 69 0.0
1 70 0.0
1 71 0.0
1 72 0.0
1 73 0.0
1 74 0.0
1 75 0.0
1 76 0.0
1 77 0.0
1 78 0.0
1 79 0.0
1 80 0.0
1 81 0.0
1 82 0.0
1 83 0.0
1 84 0.0
2 3 0.0
2 4 0.0
2 5 0.0
2 6 0.0
2 7 0.0
2 8 0.0
2 9 0.0
2 10 0.0
2 11 0.0
2 12 0.0
2 13 0.0
2 14 0.05723242420173851
2 15 0.2638107968934548
2 16 0.0
2 17 0.0
2 18 0.0
2 19 0.0
2 20 0.0
2 21 0.0
2 22 0.0
2 23 0.0
2 24 0.0
2 25 0.0
2 26 0.0
2 27 0.0
2 28 0.0
2 29 0.0
2 30 0.26956740034125054
2 31 0.0
2 32 0.0
2 33 0.0
2 34 0.13145847550433204
2 35 0.0
2 36 0.0
2 37 0.0
2 38 0.0
2 39 0.0
2 40 0.0
2 41 0.0
2 42 0.0
2 43 0.0
2 44 0.0
2 45 0.0
2 46 0.09656413410457466
2 47 0.0
2 48 0.0
2 49 0.0
2 50 0.0
2 51 0.0
2 52 0.0
2 53 0.0
2 54 0.0
2 55 0.0
2 56 0.0
2 57 0.0
2 58 0.0
2 59 0.0
2 60 0.0
2 61 0.0
2 62 0.0
2 63 0.0
2 64 0.06945920689774811
2 65 0.5114370675907403
2 66 0.0
2 67 0.0
2 68 0.0
2 69 0.0
2 70 0.0
2 71 0.0
2 72 0.0
2 73 0.0
2 74 0.0
2 75 0.0
2 76 0.08570258240393222
2 77 0.0
2 78 0.0
2 79 0.0
2 80 0.0
2 81 0.0
2 82 0.0
2 83 0.0
2 84 0.2638107968934548
3 4 0.0
3 5 0.0
3 6 0.0
3 7 0.0
3 8 0.0
3 9 0.0
3 10 0.0
3 11 0.0
3 12 0.0
3 13 0.0
3 14 0.0
3 15 0.0
3 16 0.0
3 17 0.0
3 18 0.0
3 19 0.0
3 20 0.0
3 21 0.0
3 22 0.0
3 23 0.0
3 24 0.0
3 25 0.0
3 26 0.0
3 27 0.0
3 28 0.0
3 29 0.0
3 30 0.0
3 31 0.0
3 32 0.0
3 33 0.0
3 34 0.0
3 35 0.0
3 36 0.0
3 37 0.0
3 38 0.0
3 39 0.0
3 40 0.0
3 41 0.0
3 42 0.0
3 43 0.0
3 44 0.0
3 45 0.0
3 46 0.0
3 47 0.0
3 48 0.0
3 49 0.0
3 50 0.0
3 51 0.0
3 52 0.0
3 53 0.0
3 54 0.0
3 55 0.0
3 56 0.0
3 57 0.0
3 58 0.0
3 59 0.0
3 60 0.0
3 61 0.0
3 62 0.0
3 63 0.0
3 64 0.0
3 65 0.0
3 66 0.9999999999999999
3 67 0.0
3 68 0.0
3 69 0.0
3 70 0.0
3 71 0.0
3 72 0.0
3 73 0.0
3 74 0.0
3 75 0.0
3 76 0.0
3 77 0.0
3 78 0.0
3 79 0.0
3 80 0.0
3 81 0.0
3 82 0.0
3 83 0.0
3 84 0.0
4 5 0.0
4 6 0.0
4 7 0.0
4 8 0.0
4 9 0.0
4 10 0.0
4 11 0.0
4 12 0.13634487393537545
4 13 0.0
4 14 0.0
4 15 0.0
4 16 0.10958887285760543
4 17 0.0
4 18 0.0
4 19 0.0
4 20 0.0
4 21 0.0
4 22 0.0
4 23 0.0
4 24 0.0
4 25 0.0
4 26 0.0
4 27 0.0
4 28 0.04436883400213502
4 29 0.0
4 30 0.0
4 31 0.0
4 32 0.0
4 33 0.0
4 34 0.028523054349172506
4 35 0.0
4 36 0.0
4 37 0.0
4 38 0.0
4 39 0.0
4 40 0.0
4 41 0.022617406643798146
4 42 0.16558931346114497
4 43 0.13044300434460984
4 44 0.0
4 45 0.0
4 46 0.0
4 47 0.0
4 48 0.0
4 49 0.0
4 50 0.0
4 51 0.0
4 52 0.0
4 53 0.0
4 54 0.0
4 55 0.0
4 56 0.0
4 57 0.04436883400213502
4 58 0.0
4 59 0.0
4 60 0.0
4 61 0.0
4 62 0.14419670136134125
4 63 0.04436883400213502
4 64 0.0
4 65 0.0
4 66 0.0
4 67 0.9999999999999998
4 68 0.0
4 69 0.0
4 70 0.0
4 71 0.0
4 72 0.0
4 73 0.0
4 74 0.0
4 75 0.02526071970418154
4 76 0.0
4 77 0.0
4 78 0.0
4 79 0.0
4 80 0.0
4 81 0.0
4 82 0.0
4 83 0.0
4 84 0.0
5 6 0.0
5 7 0.0
5 8 0.0
5 9 0.0
5 10 0.0
5 11 0.0
5 12 0.0
5 13 0.0
5 14 0.0
5 15 0.0
5 16 0.0
5 17 0.0
5 18 0.0
5 19 0.0
5 20 0.0
5 21 0.0
5 22 0.0
5 23 0.0
5 24 0.0
5 25 0.0
5 26 0.0
5 27 0.0
5 28 0.0
5 29 0.27037218020329384
5 30 0.0
5 31 0.0
5 32 0.0
5 33 0.0
5 34 0.0
5 35 0.0
5 36 0.0
5 37 0.0
5 38 0.0
5 39 0.0
5 40 0.0
5 41 0.0
5 42 0.0
5 43 0.0
5 44 0.0
5 45 0.0
5 46 0.0
5 47 0.0
5 48 0.0
5 49 0.0
5 50 0.0
5 51 0.0
5 52 0.0
5 53 0.0
5 54 0.0
5 55 0.0
5 56 0.0
5 57 0.0
5 58 0.0
5 59 0.0
5 60 0.0
5 61 0.0
5 62 0.0
5 63 0.0
5 64 0.0
5 65 0.0
5 66 0.0
5 67 0.0
5 68 0.0
5 69 0.0
5 70 0.0
5 71 0.0
5 72 0.0
5 73 0.0
5 74 0.0
5 75 0.0
5 76 0.0
5 77 0.0
5 78 0.0
5 79 0.0
5 80 0.0
5 81 0.0
5 82 0.0
5 83 0.0
5 84 0.0
6 7 0.0
6 8 0.0
6 9 0.0
6 10 0.0
6 11 0.0
6 12 0.0
6 13 0.0
6 14 0.0
6 15 0.0
6 16 0.0
6 17 0.0
6 18 0.0
6 19 0.0
6 20 0.0
6 21 0.0
6 22 0.0
6 23 0.0
6 24 0.0
6 25 0.0
6 26 0.0
6 27 0.0
6 28 0.0
6 29 0.0
6 30 0.0
6 31 0.0
6 32 0.0
6 33 0.0
6 34 0.0
6 35 0.0
6 36 0.0
6 37 0.0
6 38 0.0
6 39 0.0
6 40 0.0
6 41 0.0
6 42 0.0
6 43 0.0
6 44 0.0
6 45 0.0
6 46 0.0
6 47 0.0
6 48 0.0
6 49 0.0
6 50 0.0
6 51 0.0
6 52 0.0
6 53 0.0
6 54 0.0
6 55 0.0
6 56 0.0
6 57 0.0
6 58 0.0
6 59 0.0
6 60 0.0
6 61 0.0
6 62 0.0
6 63 0.0
6 64 0.0
6 65 0.0
6 66 0.0
6 67 0.0
6 68 0.0
6 69 0.0
6 70 0.0
6 71 0.0
6 72 0.0
6 73 0.0
6 74 0.0
6 75 0.0
6 76 0.0
6 77 0.0
6 78 0.0
6 79 0.0
6 80 0.0
6 81 0.0
6 82 0.0
6 83 0.0
6 84 0.0
7 8 0.0
7 9 0.0
7 10 0.0
7 11 0.0
7 12 0.0
7 13 0.0
7 14 0.0
7 15 0.0
7 16 0.0
7 17 0.0
7 18 0.0
7 19 0.0
7 20 0.0
7 21 0.0
7 22 0.0
7 23 0.0
7 24 0.0
7 25 0.0
7 26 0.0
7 27 0.0
7 28 0.0
7 29 0.0
7 30 0.0
7 31 0.0
7 32 0.0
7 33 0.0
7 34 0.0
7 35 0.0
7 36 0.0
7 37 0.0
7 38 0.0
7 39 0.0
7 40 0.0
7 41 0.0
7 42 0.0
7 43 0.0
7 44 0.0
7 45 0.0
7 46 0.0
7 47 0.0
7 48 0.0
7 49 0.0
7 50 0.0
7 51 0.0
7 52 0.0
7 53 0.0
7 54 0.0
7 55 0.0
7 56 0.0
7 57 0.0
7 58 0.0
7 59 0.0
7 60 0.0
7 61 0.0
7 62 0.0
7 63 0.0
7 64 0.0
7 65 0.0
7 66 0.0
7 67 0.0
7 68 0.0
7 69 0.0
7 70 0.0
7 71 0.0
7 72 0.0
7 73 0.0
7 74 0.0
7 75 0.0
7 76 0.0
7 77 0.0
7 78 0.0
7 79 0.0
7 80 0.0
7 81 0.0
7 82 0.9999999999999999
7 83 0.0
7 84 0.0
8 9 0.0
8 10 0.0
8 11 0.1268900062004946
8 12 0.13958087974258315
8 13 0.0
8 14 0.0
8 15 0.0
8 16 0.0
8 17 0.12586949490205113
8 18 0.10202780296530427
8 19 0.1358190408069828
8 20 0.0
8 21 0.0
8 22 0.217813060806074
8 23 0.0
8 24 0.11373511698087928
8 25 0.0
8 26 0.0
8 27 0.0
8 28 0.0
8 29 0.0
8 30 0.0
8 31 0.0
8 32 0.0
8 33 0.14593465718456214
8 34 0.0
8 35 0.0
8 36 0.25846306933493157
8 37 0.0
8 38 0.0
8 39 0.0
8 40 0.5972005276321121
8 41 0.29696700698589523
8 42 0.0
8 43 0.13353893532745598
8 44 0.29866683733081767
8 45 0.0
8 46 0.27458174123786233
8 47 0.0
8 48 0.0
8 49 0.0
8 50 0.0
8 51 0.0
8 52 0.25846306933493157
8 53 0.6494307269460846
8 54 0.2804296322210251
8 55 0.0
8 56 0.1268900062004946
8 57 0.0
8 58 0.0
8 59 0.0
8 60 0.0
8 61 0.0
8 62 0.0
8 63 0.0
8 64 0.0
8 65 0.0
8 66 0.0
8 67 0.0
8 68 0.0
8 69 0.0
8 70 0.0
8 71 0.0
8 72 0.0
8 73 0.0
8 74 0.0
8 75 0.1006640553570676
8 76 0.0
8 77 0.0
8 78 0.0
8 79 0.0
8 80 0.08966528790968104
8 81 0.0
8 82 0.0
8 83 0.0
8 84 0.0
9 10 0.0
9 11 0.0
9 12 0.0
9 13 0.0
9 14 0.0
9 15 0.0
9 16 0.113692023341243
9 17 0.0
9 18 0.0
9 19 0.0
9 20 0.0
9 21 0.0
9 22 0.0
9 23 0.0
9 24 0.0
9 25 0.0
9 26 0.0
9 27 0.0
9 28 0.0
9 29 0.0
9 30 0.0
9 31 0.0
9 32 0.0
9 33 0.0
9 34 0.0
9 35 0.0
9 36 0.0
9 37 0.0
9 38 0.0
9 39 0.0
9 40 0.0
9 41 0.0
9 42 0.0
9 43 0.13532696073915343
9 44 0.0
9 45 0.0
9 46 0.0
9 47 0.0
9 48 0.0
9 49 0.0
9 50 0.0
9 51 0.0
9 52 0.0
9 53 0.0
9 54 0.0
9 55 0.0
9 56 0.0
9 57 0.0
9 58 0.0
9 59 0.0
9 60 0.0
9 61 0.0
9 62 0.1495956141295974
9 63 0.0
9 64 0.0
9 65 0.0
9 66 0.0
9 67 0.0
9 68 0.074210551866912
9 69 0.0
9 70 0.0
9 71 0.0
9 72 0.0
9 73 0.0
9 74 0.0
9 75 0.0
9 76 0.0
9 77 0.0
9 78 0.0
9 79 0.0
9 80 0.0
9 81 0.0
9 82 0.0
9 83 0.0
9 84 0.0
10 11 0.0
10 12 0.0
10 13 0.0
10 14 0.0
10 15 0.0
10 16 0.0
10 17 0.0
10 18 0.0
10 19 0.0
10 20 0.0
10 21 0.037487859992428284
10 22 0.0
10 23 0.022682327758731597
10 24 0.0
10 25 0.04174443348252981
10 26 0.0
10 27 0.12011901865243561
10 28 0.0
10 29 0.0
10 30 0.0
10 31 0.0
10 32 0.0
10 33 0.0
10 34 0.0
10 35 0.0
10 36 0.0
10 37 0.47649177739723286
10 38 0.10802096691950604
10 39 0.0
10 40 0.0
10 41 0.0
10 42 0.0
10 43 0.0
10 44 0.0
10 45 0.37990924447768526
10 46 0.0
10 47 0.10802096691950604
10 48 0.04174443348252981
10 49 0.0
10 50 0.031213293089849964
10 51 0.03193940734548888
10 52 0.0
10 53 0.0
10 54 0.0
10 55 0.0
10 56 0.0
10 57 0.0
10 58 0.0
10 59 0.25498227940127305
10 60 0.02808552424873422
10 61 0.0
10 62 0.0
10 63 0.0
10 64 0.0
10 65 0.0
10 66 0.0
10 67 0.0
10 68 0.0
10 69 0.3060929578945486
10 70 0.0
10 71 0.0
10 72 0.23891289195168688
10 73 0.038681796119371635
10 74 0.09516546802764443
10 75 0.0
10 76 0.0
10 77 0.0
10 78 0.0
10 79 0.03155801384062335
10 80 0.0
10 81 0.02692099465479264
10 82 0.0
10 83 0.0
10 84 0.0
11 12 0.0
11 13 0.0
11 14 0.0
11 15 0.0
11 16 0.0
11 17 0.6014901871983794
11 18 0.0
11 19 0.0
11 20 0.0
11 21 0.04453862761552792
11 22 0.10046919142064793
11 23 0.0
11 24 0.10565943556752869
11 25 0.0
11 26 0.0
11 27 0.0
11 28 0.0
11 29 0.0
11 30 0.0
11 31 0.0
11 32 0.0
11 33 0.13557267022861444
11 34 0.0
11 35 0.04155479781213019
11 36 0.11921955227147378
11 37 0.0
11 38 0.0
11 39 0.13871431504746512
11 40 0.12619422577220663
11 41 0.0
11 42 0.0
11 43 0.0
11 44 0.4219654096911093
11 45 0.0
11 46 0.0
11 47 0.0
11 48 0.0
11 49 0.0
11 50 0.0
11 51 0.0
11 52 0.11921955227147378
11 53 0.13723097014764876
11 54 0.17497347328731414
11 55 0.0
11 56 1.0000000000000002
11 57 0.0
11 58 0.0
11 59 0.0
11 60 0.0
11 61 0.0
11 62 0.0
11 63 0.0
11 64 0.0
11 65 0.0
11 66 0.0
11 67 0.0
11 68 0.0
11 69 0.0
11 70 0.0
11 71 0.0
11 72 0.02802260866077678
11 73 0.0
11 74 0.03010152108971956
11 75 0.09351647541501475
11 76 0.0
11 77 0.0
11 78 0.0
11 79 0.0
11 80 0.08329866765890417
11 81 0.0
11 82 0.0
11 83 0.13871431504746512
11 84 0.0
12 13 0.0
12 14 0.0
12 15 0.0
12 16 0.25925397509846887
12 17 0.0
12 18 0.0
12 19 0.0
12 20 0.0
12 21 0.0
12 22 0.0
12 23 0.11289697738717404
12 24 0.1561183453619952
12 25 0.0
12 26 0.0
12 27 0.0
12 28 0.0
12 29 0.0
12 30 0.0
12 31 0.0
12 32 0.0
12 33 0.0
12 34 0.0
12 35 0.0
12 36 0.0
12 37 0.0
12 38 0.03608745733625264
12 39 0.3204045342861809
12 40 0.13881551100160716
12 41 0.0
12 42 0.33480478763518107
12 43 0.3629686741364778
12 44 0.09023624498452736
12 45 0.04078730363138341
12 46 0.11778196286502308
12 47 0.03608745733625264
12 48 0.0
12 49 0.0
12 50 0.0
12 51 0.07815710689111545
12 52 0.0
12 53 0.15095609271916263
12 54 0.0
12 55 0.0
12 56 0.0
12 57 0.0
12 58 0.0
12 59 0.0
12 60 0.02983875574595458
12 61 0.0
12 62 0.34112558190637604
12 63 0.0
12 64 0.21641214023865446
12 65 0.0
12 66 0.0
12 67 0.13634487393537545
12 68 0.0
12 69 0.0
12 70 0.0
12 71 0.0
12 72 0.0
12 73 0.0
12 74 0.0
12 75 0.13817637135253233
12 76 0.0
12 77 0.0
12 78 0.05215641748372
12 79 0.0
12 80 0.0
12 81 0.0
12 82 0.0
12 83 0.3204045342861809
12 84 0.0
13 14 0.0
13 15 0.0
13 16 0.0
13 17 0.0
13 18 0.0
13 19 0.0
13 20 0.0
13 21 0.0
13 22 0.0
13 23 0.0
13 24 0.0
13 25 0.0
13 26 0.0
13 27 0.0
13 28 0.0
13 29 0.0
13 30 0.0
13 31 0.0
13 32 0.0
13 33 0.0
13 34 0.0
13 35 0.0
13 36 0.0
13 37 0.0
13 38 0.0
13 39 0.0
13 40 0.0
13 41 0.0
13 42 0.0
13 43 0.0
13 44 0.0
13 45 0.0
13 46 0.0
13 47 0.0
13 48 0.0
13 49 0.0
13 50 0.0
13 51 0.0
13 52 0.0
13 53 0.0
13 54 0.0
13 55 0.0
13 56 0.0
13 57 0.0
13 58 0.0
13 59 0.0
13 60 0.0
13 61 0.0
13 62 0.0
13 63 0.0
13 64 0.0
13 65 0.0
13 66 0.0
13 67 0.0
13 68 0.0
13 69 0.0
13 70 0.0
13 71 0.0
13 72 0.0
13 73 0.0
13 74 0.0
13 75 0.0
13 76 0.0
13 77 0.0
13 78 0.0
13 79 0.0
13 80 0.0
13 81 0.0
13 82 0.0
13 83 0.0
13 84 0.0
14 15 0.2169449653906809
14 16 0.0
14 17 0.0
14 18 0.0
14 19 0.0
14 20 0.0
14 21 0.0
14 22 0.0
14 23 0.0
14 24 0.0
14 25 0.0
14 26 0.0
14 27 0.0
14 28 0.0
14 29 0.0
14 30 0.06115005113127709
14 31 0.0
14 32 0.0
14 33 0.0
14 34 0.0
14 35 0.0
14 36 0.0
14 37 0.0
14 38 0.0
14 39 0.0
14 40 0.0
14 41 0.0
14 42 0.0
14 43 0.0
14 44 0.0
14 45 0.0
14 46 0.0
14 47 0.0
14 48 0.0
14 49 0.0
14 50 0.0
14 51 0.0
14 52 0.0
14 53 0.0
14 54 0.0
14 55 0.0
14 56 0.0
14 57 0.0
14 58 0.3021860092724297
14 59 0.0
14 60 0.0
14 61 0.0
14 62 0.0
14 63 0.0
14 64 0.057119820014728
14 65 0.042652271144232146
14 66 0.0
14 67 0.0
14 68 0.0
14 69 0.0
14 70 0.0
14 71 0.0
14 72 0.0
14 73 0.0
14 74 0.0
14 75 0.0
14 76 0.07047756950229028
14 77 0.0
14 78 0.0
14 79 0.0
14 80 0.0
14 81 0.0
14 82 0.0
14 83 0.0
14 84 0.2169449653906809
15 16 0.0
15 17 0.0
15 18 0.0
15 19 0.0
15 20 0.0
15 21 0.0
15 22 0.0
15 23 0.0
15 24 0.0
15 25 0.0
15 26 0.0
15 27 0.0
15 28 0.0
15 29 0.0
15 30 0.28186895704703846
15 31 0.0
15 32 0.0
15 33 0.0
15 34 0.0
15 35 0.0
15 36 0.0
15 37 0.0
15 38 0.0
15 39 0.0
15 40 0.0
15 41 0.0
15 42 0.0
15 43 0.0
15 44 0.0
15 45 0.0
15 46 0.0
15 47 0.0
15 48 0.0
15 49 0.0
15 50 0.0
15 51 0.0
15 52 0.0
15 53 0.0
15 54 0.0
15 55 0.0
15 56 0.0
15 57 0.0
15 58 0.0
15 59 0.0
15 60 0.0
15 61 0.0
15 62 0.0
15 63 0.0
15 64 0.2632917519513068
15 65 0.19660410679465495
15 66 0.0
15 67 0.0
15 68 0.0
15 69 0.0
15 70 0.0
15 71 0.0
15 72 0.0
15 73 0.0
15 74 0.0
15 75 0.0
15 76 0.32486381684577104
15 77 0.0
15 78 0.0
15 79 0.0
15 80 0.0
15 81 0.0
15 82 0.0
15 83 0.0
15 84 1.0
16 17 0.0
16 18 0.0
16 19 0.0
16 20 0.0
16 21 0.08931733466412957
16 22 0.0
16 23 0.04537116850742462
16 24 0.06274102211105
16 25 0.0
16 26 0.0
16 27 0.0
16 28 0.0
16 29 0.0
16 30 0.0
16 31 0.0
16 32 0.0
16 33 0.0
16 34 0.0
16 35 0.0
16 36 0.0
16 37 0.0
16 38 0.0
16 39 0.1163471841023343
16 40 0.0
16 41 0.0
16 42 0.20110761400364643
16 43 0.2555409686204756
16 44 0.0
16 45 0.0
16 46 0.0
16 47 0.0
16 48 0.0
16 49 0.0
16 50 0.0
16 51 0.03140986896972902
16 52 0.0
16 53 0.0
16 54 0.09148901615996702
16 55 0.0
16 56 0.0
16 57 0.0
16 58 0.0
16 59 0.0
16 60 0.0
16 61 0.0
16 62 0.3223308936825109
16 63 0.0
16 64 0.08697196248352261
16 65 0.0
16 66 0.0
16 67 0.10958887285760543
16 68 0.0
16 69 0.0
16 70 0.0
16 71 0.0
16 72 0.05619626939389405
16 73 0.0
16 74 0.0
16 75 0.05553048073980107
16 76 0.0
16 77 0.0
16 78 0.0
16 79 0.0
16 80 0.0
16 81 0.0
16 82 0.0
16 83 0.1163471841023343
16 84 0.0
17 18 0.0
17 19 0.17219202932831612
17 20 0.0
17 21 0.0
17 22 0.09966116919683114
17 23 0.0
17 24 0.10480967086964185
17 25 0.1945963436986576
17 26 0.0
17 27 0.0
17 28 0.0
17 29 0.0
17 30 0.0
17 31 0.0
17 32 0.049468280715580536
17 33 0.1344823287125943
17 34 0.0
17 35 0.0
17 36 0.32110705562385045
17 37 0.22445974999706234
17 38 0.10587494609140195
17 39 0.0
17 40 0.1251793102792136
17 41 0.0
17 42 0.0
17 43 0.0
17 44 0.44844081898108584
17 45 0.0
17 46 0.0
17 47 0.10587494609140195
17 48 0.1945963436986576
17 49 0.0
17 50 0.0
17 51 0.0
17 52 0.32110705562385045
17 53 0.1361272917751318
17 54 0.34839767918829156
17 55 0.0
17 56 0.6014901871983794
17 57 0.0
17 58 0.0
17 59 0.0
17 60 0.0
17 61 0.0
17 62 0.0
17 63 0.0
17 64 0.0
17 65 0.0
17 66 0.0
17 67 0.0
17 68 0.0
17 69 0.0
17 70 0.0
17 71 0.0
17 72 0.0
17 73 0.0
17 74 0.11810774147458064
17 75 0.2221765627866743
17 76 0.0
17 77 0.0
17 78 0.0
17 79 0.0
17 80 0.22435740949968697
17 81 0.12549522634547616
17 82 0.0
17 83 0.0
17 84 0.0
18 19 0.10005000062981824
18 20 0.0
18 21 0.0
18 22 0.22920942846628714
18 23 0.0
18 24 0.0
18 25 0.0
18 26 0.0
18 27 0.0
18 28 0.0
18 29 0.08993857386509098
18 30 0.0
18 31 0.0
18 32 0.0
18 33 0.0
18 34 0.0
18 35 0.0
18 36 0.09586026002352191
18 37 0.0
18 38 0.0
18 39 0.0
18 40 0.28789826966845256
18 41 0.06732499546309564
18 42 0.0
18 43 0.0
18 44 0.0
18 45 0.0
18 46 0.0
18 47 0.0
18 48 0.0
18 49 0.0
18 50 0.0
18 51 0.0
18 52 0.09586026002352191
18 53 0.31307739009983004
18 54 0.29510221053098495
18 55 0.0
18 56 0.0
18 57 0.0
18 58 0.0
18 59 0.0
18 60 0.0
18 61 0.0
18 62 0.0
18 63 0.0
18 64 0.0
18 65 0.0
18 66 0.0
18 67 0.0
18 68 0.0
18 69 0.0
18 70 0.0
18 71 0.0
18 72 0.0
18 73 0.0
18 74 0.0
18 75 0.0
18 76 0.0
18 77 0.0
18 78 0.0
18 79 0.0
18 80 0.0
18 81 0.0
18 82 0.0
18 83 0.0
18 84 0.0
19 20 0.0
19 21 0.0
19 22 0.1075390380850368
19 23 0.0
19 24 0.0
19 25 0.20707442226174153
19 26 0.0
19 27 0.2837716403957946
19 28 0.0
19 29 0.0
19 30 0.0
19 31 0.0
19 32 0.0
19 33 0.0
19 34 0.0
19 35 0.0
19 36 0.12760883003949605
19 37 0.2388527562657245
19 38 0.11266395286347472
19 39 0.0
19 40 0.1350742994895852
19 41 0.32523300704004277
19 42 0.089749267269759
19 43 0.06955798809877936
19 44 0.0
19 45 0.0
19 46 0.0
19 47 0.11266395286347472
19 48 0.20707442226174153
19 49 0.0
19 50 0.0
19 51 0.0
19 52 0.12760883003949605
19 53 0.14688768085498521
19 54 0.13845419915585117
19 55 0.0
19 56 0.0
19 57 0.0
19 58 0.0
19 59 0.0
19 60 0.0
19 61 0.0
19 62 0.0
19 63 0.0
19 64 0.0
19 65 0.0
19 66 0.0
19 67 0.0
19 68 0.0
19 69 0.0
19 70 0.0
19 71 0.0
19 72 0.0
19 73 0.0
19 74 0.12568115035275776
19 75 0.2098224658761589
19 76 0.0
19 77 0.0
19 78 0.0
19 79 0.29913525853742917
19 80 0.2343942527218149
19 81 0.13354234205108154
19 82 0.0
19 83 0.0
19 84 0.0
20 21 0.0
20 22 0.0
20 23 0.0
20 24 0.0
20 25 0.0
20 26 0.0
20 27 0.0
20 28 0.0
20 29 0.0
20 30 0.0
20 31 0.0
20 32 0.0
20 33 0.0
20 34 0.0
20 35 0.0
20 36 0.0
20 37 0.0
20 38 0.0
20 39 0.0
20 40 0.0
20 41 0.0
20 42 0.0
20 43 0.0
20 44 0.0
20 45 0.0
20 46 0.0
20 47 0.0
20 48 0.0
20 49 0.0
20 50 0.0
20 51 0.0
20 52 0.0
20 53 0.0
20 54 0.0
20 55 0.0
20 56 0.0
20 57 0.0
20 58 0.0
20 59 0.0
20 60 0.0
20 61 0.0
20 62 0.0
20 63 0.0
20 64 0.0
20 65 0.0
20 66 0.0
20 67 0.0
20 68 0.0
20 69 0.0
20 70 0.0
20 71 0.0
20 72 0.0
20 73 0.0
20 74 0.0
20 75 0.0
20 76 0.0
20 77 0.0
20 78 0.0
20 79 0.0
20 80 0.0
20 81 0.0
20 82 0.0
20 83 0.0
20 84 0.0
21 22 0.0
21 23 0.03906656467653784
21 24 0.0
21 25 0.07189789460223715
21 26 0.0
21 27 0.05156186873694021
21 28 0.0
21 29 0.0
21 30 0.0
21 31 0.0
21 32 0.0
21 33 0.0
21 34 0.0
21 35 0.0445163692499915
21 36 0.0
21 37 0.08293158617987237
21 38 0.039117824982801405
21 39 0.0
21 40 0.0
21 41 0.0
21 42 0.0
21 43 0.0
21 44 0.0
21 45 0.06612176273225723
21 46 0.0
21 47 0.039117824982801405
21 48 0.07189789460223715
21 49 0.0
21 50 0.05375974398363707
21 51 0.0
21 52 0.0
21 53 0.0
21 54 0.20132572504896304
21 55 0.0
21 56 0.04453862761552792
21 57 0.0
21 58 0.0
21 59 0.05586032734277277
21 60 0.048372678554354995
21 61 0.0
21 62 0.0
21 63 0.0
21 64 0.0
21 65 0.0
21 66 0.0
21 67 0.0
21 68 0.0
21 69 0.21375615430274325
21 70 0.0
21 71 0.0
21 72 0.16428618410037116
21 73 0.06662300739042785
21 74 0.032246828245310395
21 75 0.0
21 76 0.0
21 77 0.0
21 78 0.0
21 79 0.05435346856290778
21 80 0.0
21 81 0.04636696859445249
21 82 0.0
21 83 0.0
21 84 0.0
22 23 0.12132822421694156
22 24 0.3607404790641005
22 25 0.0
22 26 0.0
22 27 0.0
22 28 0.0
22 29 0.0
22 30 0.0
22 31 0.0
22 32 0.0
22 33 0.11554839854303088
22 34 0.0
22 35 0.21755703481895758
22 36 0.20464634186516587
22 37 0.0
22 38 0.0
22 39 0.0
22 40 0.5399135331604309
22 41 0.07236446982113254
22 42 0.0
22 43 0.0
22 44 0.06991563118645856
22 45 0.0
22 46 0.0
22 47 0.0
22 48 0.0
22 49 0.0
22 50 0.10240863994828357
22 51 0.0
22 52 0.20464634186516587
22 53 0.45347392083875243
22 54 0.4274379456625647
22 55 0.0
22 56 0.10046919142064793
22 57 0.0
22 58 0.0
22 59 0.0
22 60 0.0
22 61 0.0
22 62 0.0
22 63 0.0
22 64 0.0
22 65 0.0
22 66 0.0
22 67 0.0
22 68 0.0
22 69 0.0
22 70 0.0
22 71 0.0
22 72 0.0
22 73 0.0
22 74 0.0
22 75 0.07970396211398799
22 76 0.0
22 77 0.0
22 78 0.0
22 79 0.1962943508797034
22 80 0.22480625329854126
22 81 0.0
22 82 0.0
22 83 0.0
22 84 0.0
23 24 0.27302885600279586
23 25 0.043502392797563544
23 26 0.026951600606877422
23 27 0.30000844709376345
23 28 0.0
23 29 0.0
23 30 0.0
23 31 0.0
23 32 0.0
23 33 0.0
23 34 0.0
23 35 0.0
23 36 0.0
23 37 0.05017841561677028
23 38 0.023668551036197114
23 39 0.1431673062848652
23 40 0.0
23 41 0.0
23 42 0.06855605362267365
23 43 0.054005040625101045
23 44 0.0
23 45 0.040007498282939286
23 46 0.0
23 47 0.023668551036197114
23 48 0.043502392797563544
23 49 0.0
23 50 0.03252776054724506
23 51 0.07280763550159533
23 52 0.0
23 53 0.0
23 54 0.0
23 55 0.0
23 56 0.0
23 57 0.0
23 58 0.0
23 59 0.033798735210671484
23 60 0.02926827377607733
23 61 0.0
23 62 0.059699243774329586
23 63 0.0
23 64 0.08768849282080197
23 65 0.0
23 66 0.0
23 67 0.0
23 68 0.0
23 69 0.032234049751072205
23 70 0.0
23 71 0.0
23 72 0.024579721295001772
23 73 0.0403107803488197
23 74 0.43118595601558424
23 75 0.12871887510349828
23 76 0.0
23 77 0.0
23 78 0.0
23 79 0.03288699832470564
23 80 0.0
23 81 0.09944382806634527
23 82 0.0
23 83 0.1431673062848652
23 84 0.0
24 25 0.0
24 26 0.0
24 27 0.0
24 28 0.0
24 29 0.0
24 30 0.0
24 31 0.0
24 32 0.0
24 33 0.2910424600996361
24 34 0.0
24 35 0.0
24 36 0.10685987123823838
24 37 0.0
24 38 0.0
24 39 0.16221493523696395
24 40 0.24237107626363838
24 41 0.0
24 42 0.09480198587970305
24 43 0.074680277353076
24 44 0.07352747667271986
24 45 0.0
24 46 0.0
24 47 0.0
24 48 0.0
24 49 0.0
24 50 0.1076990761164835
24 51 0.10068123919072838
24 52 0.10685987123823838
24 53 0.1230040167109831
24 54 0.11594180347557788
24 55 0.0
24 56 0.10565943556752869
24 57 0.0
24 58 0.0
24 59 0.0
24 60 0.0
24 61 0.0
24 62 0.08255444364509239
24 63 0.0
24 64 0.12125906931522566
24 65 0.0
24 66 0.0
24 67 0.0
24 68 0.0
24 69 0.0
24 70 0.0
24 71 0.0
24 72 0.0873397372139989
24 73 0.0
24 74 0.0
24 75 0.2618189561983378
24 76 0.0
24 77 0.0
24 78 0.0
24 79 0.0
24 80 0.07466296199534683
24 81 0.0
24 82 0.0
24 83 0.16221493523696395
24 84 0.0
25 26 0.0
25 27 0.05741648096634151
25 28 0.0
25 29 0.0
25 30 0.0
25 31 0.0
25 32 0.0
25 33 0.0
25 34 0.0
25 35 0.0
25 36 0.0
25 37 0.362278541371324
25 38 0.5440746936918545
25 39 0.0
25 40 0.0
25 41 0.0
25 42 0.0
25 43 0.0
25 44 0.0
25 45 0.07362958372875468
25 46 0.0
25 47 0.5440746936918545
25 48 1.0
25 49 0.0
25 50 0.05986391480378028
25 51 0.0
25 52 0.0
25 53 0.0
25 54 0.0
25 55 0.0
25 56 0.0
25 57 0.0
25 58 0.0
25 59 0.062203009708841815
25 60 0.053865172957109866
25 61 0.0
25 62 0.0
25 63 0.0
25 64 0.0
25 65 0.0
25 66 0.0
25 67 0.0
25 68 0.0
25 69 0.05932337104106091
25 70 0.0
25 71 0.0
25 72 0.045236386297404466
25 73 0.07418774240454207
25 74 0.14203382366704045
25 75 0.15562831271872696
25 76 0.0
25 77 0.0
25 78 0.0
25 79 0.060525054068900117
25 80 0.0
25 81 0.20254957759731215
25 82 0.0
25 83 0.0
25 84 0.0
26 27 0.0
26 28 0.0
26 29 0.0
26 30 0.0
26 31 0.0
26 32 0.0
26 33 0.0
26 34 0.0
26 35 0.0
26 36 0.0
26 37 0.0
26 38 0.0
26 39 0.057576926875750535
26 40 0.0
26 41 0.0
26 42 0.0
26 43 0.0
26 44 0.0
26 45 0.0
26 46 0.0
26 47 0.0
26 48 0.0
26 49 0.0
26 50 0.0
26 51 0.0
26 52 0.0
26 53 0.0
26 54 0.0
26 55 0.0
26 56 0.0
26 57 0.0
26 58 0.0
26 59 0.0
26 60 0.0
26 61 0.030950327734752647
26 62 0.0
26 63 0.0
26 64 0.0
26 65 0.0
26 66 0.0
26 67 0.0
26 68 0.0
26 69 0.0
26 70 0.0
26 71 0.0
26 72 0.0
26 73 0.0
26 74 0.0
26 75 0.0
26 76 0.0
26 77 0.0
26 78 0.0
26 79 0.024979768040757643
26 80 0.0
26 81 0.0
26 82 0.0
26 83 0.057576926875750535
26 84 0.0
27 28 0.0
27 29 0.0
27 30 0.0
27 31 0.0
27 32 0.0
27 33 0.0
27 34 0.0
27 35 0.0
27 36 0.0
27 37 0.06622780633213411
27 38 0.031238854294626445
27 39 0.0
27 40 0.0
27 41 0.190953765936391
27 42 0.07273861359908555
27 43 0.0
27 44 0.0
27 45 0.052803756666046614
27 46 0.0
27 47 0.031238854294626445
27 48 0.05741648096634151
27 49 0.0
27 50 0.042931650979051696
27 51 0.0
27 52 0.0
27 53 0.0
27 54 0.0
27 55 0.0
27 56 0.0
27 57 0.0
27 58 0.0
27 59 0.04460914244281809
27 60 0.03862962876552243
27 61 0.0
27 62 0.0
27 63 0.0
27 64 0.0
27 65 0.0
27 66 0.0
27 67 0.0
27 68 0.0
27 69 0.04254399781209734
27 70 0.0
27 71 0.0
27 72 0.03244145917351679
27 73 0.053204042439845035
27 74 0.0
27 75 0.0
27 76 0.0
27 77 0.0
27 78 0.0
27 79 0.28584435935974406
27 80 0.1899682693490171
27 81 0.1312505886276499
27 82 0.0
27 83 0.0
27 84 0.0
28 29 0.0
28 30 0.0
28 31 0.0
28 32 0.0
28 33 0.0
28 34 0.21621350491276772
28 35 0.0
28 36 0.0
28 37 0.0
28 38 0.0
28 39 0.0
28 40 0.0
28 41 0.03940705734061741
28 42 0.0
28 43 0.0
28 44 0.0
28 45 0.0
28 46 0.0
28 47 0.0
28 48 0.0
28 49 0.0
28 50 0.0
28 51 0.0
28 52 0.0
28 53 0.0
28 54 0.0
28 55 0.0
28 56 0.0
28 57 1.0
28 58 0.0
28 59 0.0
28 60 0.0
28 61 0.0
28 62 0.0
28 63 1.0
28 64 0.0
28 65 0.0
28 66 0.0
28 67 0.04436883400213502
28 68 0.0
28 69 0.0
28 70 0.0
28 71 0.0
28 72 0.0
28 73 0.0
28 74 0.0
28 75 0.04401258930899161
28 76 0.0
28 77 0.0
28 78 0.0
28 79 0.0
28 80 0.0
28 81 0.0
28 82 0.0
28 83 0.0
28 84 0.0
29 30 0.0
29 31 0.0
29 32 0.0
29 33 0.0
29 34 0.0
29 35 0.0
29 36 0.0
29 37 0.0
29 38 0.0
29 39 0.0
29 40 0.0
29 41 0.0
29 42 0.0
29 43 0.0
29 44 0.0
29 45 0.0
29 46 0.0
29 47 0.0
29 48 0.0
29 49 0.0
29 50 0.0
29 51 0.0
29 52 0.0
29 53 0.0
29 54 0.0
29 55 0.0
29 56 0.0
29 57 0.0
29 58 0.0
29 59 0.0
29 60 0.0
29 61 0.0
29 62 0.0
29 63 0.0
29 64 0.0
29 65 0.0
29 66 0.0
29 67 0.0
29 68 0.0
29 69 0.0
29 70 0.0
29 71 0.0
29 72 0.0
29 73 0.0
29 74 0.0
29 75 0.0
29 76 0.0
29 77 0.0
29 78 0.0
29 79 0.0
29 80 0.0
29 81 0.0
29 82 0.0
29 83 0.0
29 84 0.0
30 31 0.0
30 32 0.0
30 33 0.0
30 34 0.14045696317867057
30 35 0.0
30 36 0.0
30 37 0.0
30 38 0.0
30 39 0.0
30 40 0.0
30 41 0.0
30 42 0.0
30 43 0.0
30 44 0.0
30 45 0.0
30 46 0.0
30 47 0.0
30 48 0.0
30 49 0.0
30 50 0.0
30 51 0.0
30 52 0.0
30 53 0.0
30 54 0.0
30 55 0.0
30 56 0.0
30 57 0.0
30 58 0.0
30 59 0.0
30 60 0.0
30 61 0.0
30 62 0.0
30 63 0.0
30 64 0.07421377152160243
30 65 0.34637179767146087
30 66 0.0
30 67 0.0
30 68 0.0
30 69 0.0
30 70 0.0
30 71 0.0
30 72 0.0
30 73 0.0
30 74 0.0
30 75 0.0
30 76 0.09156902523663762
30 77 0.0
30 78 0.0
30 79 0.0
30 80 0.0
30 81 0.0
30 82 0.0
30 83 0.0
30 84 0.28186895704703846
31 32 0.0
31 33 0.0
31 34 0.0
31 35 0.0
31 36 0.0
31 37 0.0
31 38 0.0
31 39 0.0
31 40 0.0
31 41 0.0
31 42 0.0
31 43 0.0
31 44 0.0
31 45 0.0
31 46 0.0
31 47 0.0
31 48 0.0
31 49 0.0
31 50 0.0
31 51 0.0
31 52 0.0
31 53 0.0
31 54 0.0
31 55 0.0
31 56 0.0
31 57 0.0
31 58 0.0
31 59 0.0
31 60 0.0
31 61 0.0
31 62 0.0
31 63 0.0
31 64 0.0
31 65 0.0
31 66 0.0
31 67 0.0
31 68 0.0
31 69 0.0
31 70 0.0
31 71 0.0
31 72 0.0
31 73 0.0
31 74 0.0
31 75 0.0
31 76 0.0
31 77 1.0
31 78 0.0
31 79 0.0
31 80 0.0
31 81 0.0
31 82 0.0
31 83 0.0
31 84 0.0
32 33 0.09712035046352102
32 34 0.0
32 35 0.0
32 36 0.0
32 37 0.0
32 38 0.0
32 39 0.0
32 40 0.0
32 41 0.0
32 42 0.0
32 43 0.0
32 44 0.034703647346420056
32 45 0.0
32 46 0.0
32 47 0.0
32 48 0.0
32 49 0.0
32 50 0.0
32 51 0.0
32 52 0.0
32 53 0.0
32 54 0.0
32 55 0.0
32 56 0.0
32 57 0.0
32 58 0.0
32 59 0.0
32 60 0.0
32 61 0.0
32 62 0.0
32 63 0.0
32 64 0.0
32 65 0.0
32 66 0.0
32 67 0.0
32 68 0.0
32 69 0.0
32 70 0.0
32 71 0.0
32 72 0.0
32 73 0.0
32 74 0.0
32 75 0.0
32 76 0.0
32 77 0.0
32 78 0.0
32 79 0.0
32 80 0.0
32 81 0.0
32 82 0.0
32 83 0.0
32 84 0.0
33 34 0.0
33 35 0.0
33 36 0.13711296114954952
33 37 0.0
33 38 0.0
33 39 0.0
33 40 0.14513444855254826
33 41 0.0
33 42 0.0
33 43 0.0
33 44 0.09434383492728271
33 45 0.0
33 46 0.0
33 47 0.0
33 48 0.0
33 49 0.0
33 50 0.0
33 51 0.0
33 52 0.13711296114954952
33 53 0.15782767440296608
33 54 0.1487660785227209
33 55 0.0
33 56 0.13557267022861444
33 57 0.0
33 58 0.0
33 59 0.0
33 60 0.0
33 61 0.0
33 62 0.0
33 63 0.0
33 64 0.0
33 65 0.0
33 66 0.0
33 67 0.0
33 68 0.0
33 69 0.0
33 70 0.0
33 71 0.0
33 72 0.0
33 73 0.0
33 74 0.0
33 75 0.1075521641888415
33 76 0.0
33 77 0.0
33 78 0.0
33 79 0.0
33 80 0.09580078741209465
33 81 0.0
33 82 0.0
33 83 0.0
33 84 0.0
34 35 0.0
34 36 0.0
34 37 0.0
34 38 0.0
34 39 0.0
34 40 0.0
34 41 0.025333314781571692
34 42 0.0
34 43 0.0
34 44 0.0
34 45 0.0
34 46 0.0
34 47 0.0
34 48 0.0
34 49 0.0
34 50 0.0
34 51 0.0
34 52 0.0
34 53 0.0
34 54 0.0
34 55 0.0
34 56 0.0
34 57 0.21621350491276772
34 58 0.0
34 59 0.0
34 60 0.0
34 61 0.0
34 62 0.0
34 63 0.21621350491276772
34 64 0.0
34 65 0.1959379711631313
34 66 0.0
34 67 0.028523054349172506
34 68 0.0
34 69 0.0
34 70 0.0
34 71 0.0
34 72 0.0
34 73 0.0
34 74 0.0
34 75 0.028294038036874445
34 76 0.0
34 77 0.0
34 78 0.0
34 79 0.0
34 80 0.0
34 81 0.0
34 82 0.0
34 83 0.0
34 84 0.0
35 36 0.0
35 37 0.0
35 38 0.0
35 39 0.0
35 40 0.0
35 41 0.0
35 42 0.0
35 43 0.0
35 44 0.0
35 45 0.1120938528492329
35 46 0.0
35 47 0.0
35 48 0.0
35 49 0.0
35 50 0.0
35 51 0.0
35 52 0.0
35 53 0.0
35 54 0.04559875013076468
35 55 0.044897486425676
35 56 0.04155479781213019
35 57 0.0
35 58 0.0
35 59 0.0
35 60 0.0
35 61 0.0
35 62 0.0
35 63 0.0
35 64 0.0
35 65 0.0
35 66 0.0
35 67 0.0
35 68 0.0
35 69 0.0
35 70 0.0
35 71 0.0
35 72 0.02800860424482935
35 73 0.0
35 74 0.030086477728585918
35 75 0.0
35 76 0.0
35 77 0.0
35 78 0.0
35 79 0.23019661113407158
35 80 0.18037580360696132
35 81 0.0
35 82 0.0
35 83 0.0
35 84 0.0
36 37 0.0
36 38 0.0
36 39 0.0
36 40 0.25704582970776707
36 41 0.0858697036419561
36 42 0.0
36 43 0.0
36 44 0.08296384323357904
36 45 0.3533091997917679
36 46 0.0
36 47 0.0
36 48 0.0
36 49 0.0
36 50 0.0
36 51 0.0
36 52 1.0
36 53 0.27952664527518495
36 54 0.4878689737189926
36 55 0.0
36 56 0.11921955227147378
36 57 0.0
36 58 0.0
36 59 0.0
36 60 0.0
36 61 0.0
36 62 0.0
36 63 0.0
36 64 0.0
36 65 0.0
36 66 0.0
36 67 0.0
36 68 0.0
36 69 0.48099239502154206
36 70 0.0
36 71 0.0
36 72 0.0
36 73 0.0
36 74 0.0
36 75 0.09457895045365418
36 76 0.0
36 77 0.0
36 78 0.0
36 79 0.0
36 80 0.22874610416724034
36 81 0.0
36 82 0.0
36 83 0.0
36 84 0.0
37 38 0.1971065864277349
37 39 0.0
37 40 0.0
37 41 0.0
37 42 0.0
37 43 0.0
37 44 0.0
37 45 0.5490601448554804
37 46 0.0
37 47 0.1971065864277349
37 48 0.362278541371324
37 49 0.0
37 50 0.06905083155883907
37 51 0.0706571597669607
37 52 0.0
37 53 0.0
37 54 0.0
37 55 0.0
37 56 0.0
37 57 0.0
37 58 0.0
37 59 0.3179135497952494
37 60 0.062131502708109757
37 61 0.0
37 62 0.0
37 63 0.0
37 64 0.0
37 65 0.0
37 66 0.0
37 67 0.0
37 68 0.0
37 69 0.4423778737784699
37 70 0.0
37 71 0.0
37 72 0.23119878306584274
37 73 0.08557284169098622
37 74 0.16383080969290925
37 75 0.1795115545408424
37 76 0.0
37 77 0.0
37 78 0.0
37 79 0.06981343146869062
37 80 0.0
37 81 0.2336335137925661
37 82 0.0
37 83 0.0
37 84 0.0
38 39 0.0
38 40 0.0
38 41 0.0
38 42 0.0
38 43 0.0
38 44 0.0
38 45 0.04005999321388094
38 46 0.0
38 47 1.0
38 48 0.5440746936918545
38 49 0.0
38 50 0.38326413449263347
38 51 0.0
38 52 0.0
38 53 0.0
38 54 0.0
38 55 0.0
38 56 0.0
38 57 0.0
38 58 0.0
38 59 0.03384308345404956
38 60 0.029306677477298305
38 61 0.0
38 62 0.0
38 63 0.0
38 64 0.0
38 65 0.0
38 66 0.0
38 67 0.0
38 68 0.0
38 69 0.03227634492793344
38 70 0.0
38 71 0.0
38 72 0.024611973018486732
38 73 0.04036367322444142
38 74 0.176580253501545
38 75 0.08467342657222149
38 76 0.0
38 77 0.0
38 78 0.0
38 79 0.22024328895685946
38 80 0.0754218290229495
38 81 0.25288009128772726
38 82 0.0
38 83 0.0
38 84 0.0
39 40 0.0
39 41 0.0
39 42 0.25024739557101183
39 43 0.19713242011451657
39 44 0.0
39 45 0.04238009185732691
39 46 0.0
39 47 0.0
39 48 0.0
39 49 0.0
39 50 0.0
39 51 0.08120922626519907
39 52 0.0
39 53 0.0
39 54 0.0
39 55 0.0
39 56 0.13871431504746512
39 57 0.0
39 58 0.0
39 59 0.0
39 60 0.03100399136090196
39 61 0.02969858418220746
39 62 0.15308926648088048
39 63 0.0
39 64 0.22486326787480784
39 65 0.0
39 66 0.0
39 67 0.0
39 68 0.0
39 69 0.0
39 70 0.0
39 71 0.052176889104190584
39 72 0.0
39 73 0.0
39 74 0.0
39 75 0.1435723077788022
39 76 0.0
39 77 0.0
39 78 0.0
39 79 0.02396949558558157
39 80 0.0
39 81 0.0
39 82 0.0
39 83 1.0
39 84 0.0
40 41 0.09089331877132309
40 42 0.0
40 43 0.13280669659252797
40 44 0.29702914697035615
40 45 0.0
40 46 0.273076117530849
40 47 0.0
40 48 0.0
40 49 0.0
40 50 0.12863026812418804
40 51 0.0
40 52 0.25704582970776707
40 53 0.9195754109763447
40 54 0.5368829972236081
40 55 0.0
40 56 0.12619422577220663
40 57 0.0
40 58 0.0
40 59 0.0
40 60 0.0
40 61 0.0
40 62 0.0
40 63 0.0
40 64 0.0
40 65 0.0
40 66 0.0
40 67 0.0
40 68 0.0
40 69 0.0
40 70 0.0
40 71 0.0
40 72 0.0
40 73 0.0
40 74 0.0
40 75 0.10011208060628322
40 76 0.0
40 77 0.0
40 78 0.0
40 79 0.0
40 80 0.08917362308679667
40 81 0.0
40 82 0.0
40 83 0.0
40 84 0.0
41 42 0.06039349299066226
41 43 0.0
41 44 0.0
41 45 0.0
41 46 0.0
41 47 0.0
41 48 0.0
41 49 0.0
41 50 0.0
41 51 0.0
41 52 0.0858697036419561
41 53 0.09884270249768701
41 54 0.09316769886392308
41 55 0.0
41 56 0.0
41 57 0.03940705734061741
41 58 0.0
41 59 0.0
41 60 0.0
41 61 0.0
41 62 0.0
41 63 0.03940705734061741
41 64 0.0
41 65 0.0
41 66 0.0
41 67 0.022617406643798146
41 68 0.0
41 69 0.0
41 70 0.0
41 71 0.0
41 72 0.0
41 73 0.0
41 74 0.0
41 75 0.022435807751901824
41 76 0.0
41 77 0.0
41 78 0.0
41 79 0.20129215189512137
41 80 0.15772705548958024
41 81 0.0
41 82 0.0
41 83 0.0
41 84 0.0
42 43 0.30792414087321895
42 44 0.0
42 45 0.0
42 46 0.0
42 47 0.0
42 48 0.0
42 49 0.0
42 50 0.0
42 51 0.04746046293732815
42 52 0.0
42 53 0.0
42 54 0.0
42 55 0.0
42 56 0.0
42 57 0.0
42 58 0.0
42 59 0.0
42 60 0.0
42 61 0.0
42 62 0.2646167790744201
42 63 0.0
42 64 0.1314150532119055
42 65 0.0
42 66 0.0
42 67 0.16558931346114497
42 68 0.0
42 69 0.0
42 70 0.0
42 71 0.06098664955697809
42 72 0.0
42 73 0.0
42 74 0.0
42 75 0.08390682322117564
42 76 0.0
42 77 0.0
42 78 0.0
42 79 0.0766767389238346
42 80 0.06008180717001334
42 81 0.0
42 82 0.0
42 83 0.25024739557101183
42 84 0.0
43 44 0.08633024885216466
43 45 0.0
43 46 0.11268361362086124
43 47 0.0
43 48 0.0
43 49 0.0
43 50 0.0
43 51 0.03738698617519036
43 52 0.0
43 53 0.14442175704929142
43 54 0.0
43 55 0.0
43 56 0.0
43 57 0.0
43 58 0.0
43 59 0.2026624470578873
43 60 0.0
43 61 0.0
43 62 0.33624001941906406
43 63 0.0
43 64 0.10352222615555493
43 65 0.0
43 66 0.0
43 67 0.13044300434460984
43 68 0.0
43 69 0.0
43 70 0.0
43 71 0.048042241536261784
43 72 0.0
43 73 0.0
43 74 0.0
43 75 0.11837443159698914
43 76 0.0
43 77 0.0
43 78 0.0
43 79 0.0
43 80 0.0
43 81 0.0
43 82 0.0
43 83 0.19713242011451657
43 84 0.0
44 45 0.0
44 46 0.17751159984313267
44 47 0.0
44 48 0.0
44 49 0.0
44 50 0.0
44 51 0.0
44 52 0.08296384323357904
44 53 0.3230068392705174
44 54 0.09001487177839915
44 55 0.0
44 56 0.4219654096911093
44 57 0.0
44 58 0.0
44 59 0.0
44 60 0.0
44 61 0.0
44 62 0.0
44 63 0.0
44 64 0.0
44 65 0.0
44 66 0.0
44 67 0.0
44 68 0.0
44 69 0.0
44 70 0.0
44 71 0.0
44 72 0.0
44 73 0.0
44 74 0.0
44 75 0.06507729695563151
44 76 0.0
44 77 0.0
44 78 0.0
44 79 0.0
44 80 0.05796681394577675
44 81 0.0
44 82 0.0
44 83 0.0
44 84 0.0
45 46 0.0
45 47 0.04005999321388094
45 48 0.07362958372875468
45 49 0.0
45 50 0.055054568604244715
45 51 0.056335302008006974
45 52 0.3533091997917679
45 53 0.0
45 54 0.0
45 55 0.04928035834910458
45 56 0.0
45 57 0.0
45 58 0.0
45 59 0.2534740414024898
45 60 0.09046484581785227
45 61 0.0
45 62 0.0
45 63 0.0
45 64 0.0
45 65 0.0
45 66 0.0
45 67 0.0
45 68 0.0
45 69 0.6614954888591923
45 70 0.0
45 71 0.0
45 72 0.18433593015704924
45 73 0.06822764877961132
45 74 0.0
45 75 0.0
45 76 0.0
45 77 0.0
45 78 0.0
45 79 0.05566259327399453
45 80 0.0
45 81 0.04748373530631243
45 82 0.0
45 83 0.04238009185732691
45 84 0.0
46 47 0.0
46 48 0.0
46 49 0.0
46 50 0.0
46 51 0.0
46 52 0.0
46 53 0.296958916333914
46 54 0.0
46 55 0.0
46 56 0.0
46 57 0.0
46 58 0.0
46 59 0.0
46 60 0.0
46 61 0.0
46 62 0.0
46 63 0.0
46 64 0.0
46 65 0.0
46 66 0.0
46 67 0.0
46 68 0.0
46 69 0.0
46 70 0.0
46 71 0.0
46 72 0.0
46 73 0.0
46 74 0.1879240158230611
46 75 0.0
46 76 0.0
46 77 0.0
46 78 0.0
46 79 0.0
46 80 0.0
46 81 0.0
46 82 0.0
46 83 0.0
46 84 0.0
47 48 0.5440746936918545
47 49 0.0
47 50 0.38326413449263347
47 51 0.0
47 52 0.0
47 53 0.0
47 54 0.0
47 55 0.0
47 56 0.0
47 57 0.0
47 58 0.0
47 59 0.03384308345404956
47 60 0.029306677477298305
47 61 0.0
47 62 0.0
47 63 0.0
47 64 0.0
47 65 0.0
47 66 0.0
47 67 0.0
47 68 0.0
47 69 0.03227634492793344
47 70 0.0
47 71 0.0
47 72 0.024611973018486732
47 73 0.04036367322444142
47 74 0.176580253501545
47 75 0.08467342657222149
47 76 0.0
47 77 0.0
47 78 0.0
47 79 0.22024328895685946
47 80 0.0754218290229495
47 81 0.25288009128772726
47 82 0.0
47 83 0.0
47 84 0.0
48 49 0.0
48 50 0.05986391480378028
48 51 0.0
48 52 0.0
48 53 0.0
48 54 0.0
48 55 0.0
48 56 0.0
48 57 0.0
48 58 0.0
48 59 0.062203009708841815
48 60 0.053865172957109866
48 61 0.0
48 62 0.0
48 63 0.0
48 64 0.0
48 65 0.0
48 66 0.0
48 67 0.0
48 68 0.0
48 69 0.05932337104106091
48 70 0.0
48 71 0.0
48 72 0.045236386297404466
48 73 0.07418774240454207
48 74 0.14203382366704045
48 75 0.15562831271872696
48 76 0.0
48 77 0.0
48 78 0.0
48 79 0.060525054068900117
48 80 0.0
48 81 0.20254957759731215
48 82 0.0
48 83 0.0
48 84 0.0
49 50 0.0
49 51 0.15977043716811887
49 52 0.0
49 53 0.0
49 54 0.0
49 55 0.15645508898386565
49 56 0.0
49 57 0.0
49 58 0.0
49 59 0.0
49 60 0.0
49 61 0.0
49 62 0.0
49 63 0.0
49 64 0.0
49 65 0.0
49 66 0.0
49 67 0.0
49 68 0.0
49 69 0.0
49 70 0.0
49 71 0.12120434344295675
49 72 0.0
49 73 0.0
49 74 0.0
49 75 0.0
49 76 0.0
49 77 0.0
49 78 0.0
49 79 0.0
49 80 0.0
49 81 0.0
49 82 0.0
49 83 0.0
49 84 0.0
50 51 0.0
50 52 0.0
50 53 0.0
50 54 0.0
50 55 0.0
50 56 0.0
50 57 0.0
50 58 0.0
50 59 0.04651065090931016
50 60 0.04027625459450454
50 61 0.0
50 62 0.0
50 63 0.0
50 64 0.0
50 65 0.0
50 66 0.0
50 67 0.0
50 68 0.0
50 69 0.0443574774624139
50 70 0.0
50 71 0.0
50 72 0.033824308201894165
50 73 0.0554719169519061
50 74 0.0
50 75 0.0
50 76 0.0
50 77 0.0
50 78 0.0
50 79 0.30268101137117553
50 80 0.10365244542185283
50 81 0.30940248644465496
50 82 0.0
50 83 0.0
50 84 0.0
51 52 0.0
51 53 0.0
51 54 0.0
51 55 0.4010034510624509
51 56 0.0
51 57 0.0
51 58 0.0
51 59 0.0
51 60 0.0
51 61 0.0
51 62 0.04132900884482954
51 63 0.0
51 64 0.06070560138215745
51 65 0.0
51 66 0.0
51 67 0.0
51 68 0.0
51 69 0.04538936463423282
51 70 0.16200761430666963
51 71 0.2686380304603237
51 72 0.0
51 73 0.0
51 74 0.0
51 75 0.08911040058997347
51 76 0.0
51 77 0.0
51 78 0.0
51 79 0.0
51 80 0.0
51 81 0.0
51 82 0.0
51 83 0.08120922626519907
51 84 0.0
52 53 0.27952664527518495
52 54 0.4878689737189926
52 55 0.0
52 56 0.11921955227147378
52 57 0.0
52 58 0.0
52 59 0.0
52 60 0.0
52 61 0.0
52 62 0.0
52 63 0.0
52 64 0.0
52 65 0.0
52 66 0.0
52 67 0.0
52 68 0.0
52 69 0.48099239502154206
52 70 0.0
52 71 0.0
52 72 0.0
52 73 0.0
52 74 0.0
52 75 0.09457895045365418
52 76 0.0
52 77 0.0
52 78 0.0
52 79 0.0
52 80 0.22874610416724034
52 81 0.0
52 82 0.0
52 83 0.0
52 84 0.0
53 54 0.5838379221706037
53 55 0.0
53 56 0.13723097014764876
53 57 0.0
53 58 0.0
53 59 0.0
53 60 0.0
53 61 0.0
53 62 0.0
53 63 0.0
53 64 0.0
53 65 0.0
53 66 0.0
53 67 0.0
53 68 0.0
53 69 0.0
53 70 0.0
53 71 0.0
53 72 0.0
53 73 0.0
53 74 0.0
53 75 0.10886772244158943
53 76 0.0
53 77 0.0
53 78 0.0
53 79 0.0
53 80 0.09697260498964189
53 81 0.0
53 82 0.0
53 83 0.0
53 84 0.0
54 55 0.0
54 56 0.17497347328731414
54 57 0.0
54 58 0.0
54 59 0.0
54 60 0.0
54 61 0.0
54 62 0.0
54 63 0.0
54 64 0.0
54 65 0.0
54 66 0.0
54 67 0.0
54 68 0.0
54 69 0.0
54 70 0.0
54 71 0.0
54 72 0.12666919275319855
54 73 0.0
54 74 0.033030884783306416
54 75 0.10261713737214459
54 76 0.0
54 77 0.0
54 78 0.0
54 79 0.0
54 80 0.24818704671685934
54 81 0.0
54 82 0.0
54 83 0.0
54 84 0.0
55 56 0.0
55 57 0.0
55 58 0.0
55 59 0.0
55 60 0.0
55 61 0.0
55 62 0.0
55 63 0.0
55 64 0.0
55 65 0.0
55 66 0.0
55 67 0.0
55 68 0.0
55 69 0.0
55 70 0.1672052068777982
55 71 0.1608692862910183
55 72 0.0
55 73 0.0
55 74 0.0
55 75 0.0
55 76 0.0
55 77 0.0
55 78 0.0
55 79 0.0
55 80 0.0
55 81 0.0
55 82 0.0
55 83 0.0
55 84 0.0
56 57 0.0
56 58 0.0
56 59 0.0
56 60 0.0
56 61 0.0
56 62 0.0
56 63 0.0
56 64 0.0
56 65 0.0
56 66 0.0
56 67 0.0
56 68 0.0
56 69 0.0
56 70 0.0
56 71 0.0
56 72 0.02802260866077678
56 73 0.0
56 74 0.03010152108971956
56 75 0.09351647541501475
56 76 0.0
56 77 0.0
56 78 0.0
56 79 0.0
56 80 0.08329866765890417
56 81 0.0
56 82 0.0
56 83 0.13871431504746512
56 84 0.0
57 58 0.0
57 59 0.0
57 60 0.0
57 61 0.0
57 62 0.0
57 63 1.0
57 64 0.0
57 65 0.0
57 66 0.0
57 67 0.04436883400213502
57 68 0.0
57 69 0.0
57 70 0.0
57 71 0.0
57 72 0.0
57 73 0.0
57 74 0.0
57 75 0.04401258930899161
57 76 0.0
57 77 0.0
57 78 0.0
57 79 0.0
57 80 0.0
57 81 0.0
57 82 0.0
57 83 0.0
57 84 0.0
58 59 0.0
58 60 0.0
58 61 0.0
58 62 0.0
58 63 0.0
58 64 0.0
58 65 0.0
58 66 0.0
58 67 0.0
58 68 0.0
58 69 0.0
58 70 0.0
58 71 0.0
58 72 0.0
58 73 0.0
58 74 0.0
58 75 0.0
58 76 0.0
58 77 0.0
58 78 0.0
58 79 0.0
58 80 0.0
58 81 0.0
58 82 0.0
58 83 0.0
58 84 0.0
59 60 0.04184999032872381
59 61 0.0
59 62 0.0
59 63 0.0
59 64 0.0
59 65 0.0
59 66 0.0
59 67 0.0
59 68 0.0
59 69 0.2042240882794064
59 70 0.0
59 71 0.0
59 72 0.1557288398571971
59 73 0.057639400965297204
59 74 0.0
59 75 0.0
59 76 0.0
59 77 0.0
59 78 0.0
59 79 0.04702431623947137
59 80 0.0
59 81 0.040114735119942575
59 82 0.0
59 83 0.0
59 84 0.0
60 61 0.0
60 62 0.0
60 63 0.0
60 64 0.0
60 65 0.0
60 66 0.0
60 67 0.0
60 68 0.0
60 69 0.03991257844204914
60 70 0.0
60 71 0.0
60 72 0.03043489917793626
60 73 0.049913280991910176
60 74 0.0
60 75 0.0
60 76 0.0
60 77 0.0
60 78 0.0
60 79 0.04072106702368949
60 80 0.0
60 81 0.034737662300884
60 82 0.0
60 83 0.03100399136090196
60 84 0.0
61 62 0.0
61 63 0.0
61 64 0.0
61 65 0.0
61 66 0.0
61 67 0.0
61 68 0.0
61 69 0.0
61 70 0.0
61 71 0.0
61 72 0.0
61 73 0.0
61 74 0.0
61 75 0.0
61 76 0.20475893812286144
61 77 0.0
61 78 0.0
61 79 0.0322264056664876
61 80 0.0
61 81 0.0
61 82 0.0
61 83 0.02969858418220746
61 84 0.0
62 63 0.0
62 64 0.11443744035347048
62 65 0.0
62 66 0.0
62 67 0.14419670136134125
62 68 0.0
62 69 0.0
62 70 0.0
62 71 0.0
62 72 0.0
62 73 0.0
62 74 0.0
62 75 0.07306683551799212
62 76 0.0
62 77 0.0
62 78 0.0
62 79 0.0
62 80 0.0
62 81 0.0
62 82 0.0
62 83 0.15308926648088048
62 84 0.0
63 64 0.0
63 65 0.0
63 66 0.0
63 67 0.04436883400213502
63 68 0.0
63 69 0.0
63 70 0.0
63 71 0.0
63 72 0.0
63 73 0.0
63 74 0.0
63 75 0.04401258930899161
63 76 0.0
63 77 0.0
63 78 0.0
63 79 0.0
63 80 0.0
63 81 0.0
63 82 0.0
63 83 0.0
63 84 0.0
64 65 0.05176423971878653
64 66 0.0
64 67 0.0
64 68 0.0
64 69 0.0
64 70 0.0
64 71 0.0
64 72 0.0
64 73 0.0
64 74 0.0
64 75 0.10732331394310231
64 76 0.08553396348291152
64 77 0.0
64 78 0.0
64 79 0.0
64 80 0.0
64 81 0.0
64 82 0.0
64 83 0.22486326787480784
64 84 0.2632917519513068
65 66 0.0
65 67 0.0
65 68 0.0
65 69 0.0
65 70 0.0
65 71 0.0
65 72 0.0
65 73 0.0
65 74 0.0
65 75 0.0
65 76 0.06386956054086519
65 77 0.0
65 78 0.0
65 79 0.0
65 80 0.0
65 81 0.0
65 82 0.0
65 83 0.0
65 84 0.19660410679465495
66 67 0.0
66 68 0.0
66 69 0.0
66 70 0.0
66 71 0.0
66 72 0.0
66 73 0.0
66 74 0.0
66 75 0.0
66 76 0.0
66 77 0.0
66 78 0.0
66 79 0.0
66 80 0.0
66 81 0.0
66 82 0.0
66 83 0.0
66 84 0.0
67 68 0.0
67 69 0.0
67 70 0.0
67 71 0.0
67 72 0.0
67 73 0.0
67 74 0.0
67 75 0.02526071970418154
67 76 0.0
67 77 0.0
67 78 0.0
67 79 0.0
67 80 0.0
67 81 0.0
67 82 0.0
67 83 0.0
67 84 0.0
68 69 0.0
68 70 0.0
68 71 0.0
68 72 0.0
68 73 0.0
68 74 0.0
68 75 0.0
68 76 0.0
68 77 0.0
68 78 0.0
68 79 0.0
68 80 0.0
68 81 0.0
68 82 0.0
68 83 0.0
68 84 0.0
69 70 0.0
69 71 0.0
69 72 0.1485194975594449
69 73 0.05497103092043417
69 74 0.0
69 75 0.0
69 76 0.0
69 77 0.0
69 78 0.0
69 79 0.04484736306625713
69 80 0.0
69 81 0.03825765548762447
69 82 0.0
69 83 0.0
69 84 0.0
70 71 0.0
70 72 0.0
70 73 0.0
70 74 0.0
70 75 0.0
70 76 0.0
70 77 0.0
70 78 0.0
70 79 0.0
70 80 0.0
70 81 0.0
70 82 0.0
70 83 0.0
70 84 0.0
71 72 0.0
71 73 0.0
71 74 0.0
71 75 0.0
71 76 0.0
71 77 0.0
71 78 0.0
71 79 0.0
71 80 0.0
71 81 0.0
71 82 0.0
71 83 0.052176889104190584
71 84 0.0
72 73 0.04191755704783115
72 74 0.02028891092626689
72 75 0.0
72 76 0.0
72 77 0.0
72 78 0.0
72 79 0.03419786509908483
72 80 0.0
72 81 0.029172955819947048
72 82 0.0
72 83 0.0
72 84 0.0
73 74 0.0
73 75 0.0
73 76 0.0
73 77 0.0
73 78 0.0
73 79 0.05608455083207552
73 80 0.0
73 81 0.04784369196337635
73 82 0.0
73 83 0.0
73 84 0.0
74 75 0.09445659756676808
74 76 0.0
74 77 0.0
74 78 0.0
74 79 0.0
74 80 0.0
74 81 0.09159764521275356
74 82 0.0
74 83 0.0
74 84 0.0
75 76 0.0
75 77 0.0
75 78 0.0
75 79 0.0
75 80 0.0660822860953822
75 81 0.1003647342965772
75 82 0.0
75 83 0.1435723077788022
75 84 0.0
76 77 0.0
76 78 0.0
76 79 0.0
76 80 0.0
76 81 0.0
76 82 0.0
76 83 0.0
76 84 0.32486381684577104
77 78 0.0
77 79 0.0
77 80 0.0
77 81 0.0
77 82 0.0
77 83 0.0
77 84 0.0
78 79 0.0
78 80 0.0
78 81 0.0
78 82 0.0
78 83 0.0
78 84 0.0
79 80 0.4677974706600108
79 81 0.039032621145806246
79 82 0.0
79 83 0.02396949558558157
79 84 0.0
80 81 0.0
80 82 0.0
80 83 0.0
80 84 0.0
81 82 0.0
81 83 0.0
81 84 0.0
82 83 0.0
82 84 0.0
83 84 0.0
