0 1 0.634371280941436
0 2 0.15258420008122908
0 3 0.22427795311213175
0 4 0.0
0 5 0.0
0 6 0.0
0 7 0.09686593718753202
0 8 0.4688983035947681
0 9 0.0
0 10 0.027157966571072157
0 11 0.0
0 12 0.0
0 13 0.08818800043230857
0 14 0.5821784016176499
0 15 0.0
0 16 0.06104313010982334
0 17 0.08753152914305237
0 18 0.0
0 19 0.05934336001524383
0 20 0.02685612546615347
0 21 0.06418629798195652
0 22 0.0
0 23 0.0
0 24 0.0
0 25 0.0
0 26 0.0
0 27 0.0
0 28 0.0
0 29 0.0
0 30 0.0
0 31 0.0
0 32 0.07354301006142898
0 33 0.08540274829288423
0 34 0.0
0 35 0.0
0 36 0.059807397716008195
0 37 0.0
0 38 0.0
0 39 0.0
0 40 0.13115717021886397
0 41 0.026041240459510513
0 42 0.0
0 43 0.0709844610267137
0 44 0.2305716752040112
0 45 0.0
0 46 0.0
0 47 0.0
0 48 0.08280734961107127
0 49 0.0
0 50 0.0
0 51 0.0
0 52 0.0
0 53 0.0
0 54 0.02203412534044383
0 55 0.017806494841992492
1 2 0.0
1 3 0.1495884468043096
1 4 0.0
1 5 0.0
1 6 0.0
1 7 0.12921488618082919
1 8 0.4791360069989178
1 9 0.0
1 10 0.0
1 11 0.0
1 12 0.0
1 13 0.11763890144700306
1 14 0.6213415347528343
1 15 0.0
1 16 0.12167215556790063
1 17 0.11676319771269655
1 18 0.0
1 19 0.07916142384615969
1 20 0.053777798989414795
1 21 0.08562168940822294
1 22 0.0
1 23 0.0
1 24 0.0
1 25 0.0
1 26 0.0
1 27 0.0
1 28 0.0
1 29 0.0
1 30 0.0
1 31 0.0
1 32 0.09810313047491241
1 33 0.26687907090834395
1 34 0.0
1 35 0.0
1 36 0.07978042966418834
1 37 0.0
1 38 0.0
1 39 0.0
1 40 0.0
1 41 0.0
1 42 0.0
1 43 0.09469013895376745
1 44 0.08997973120779078
1 45 0.0
1 46 0.0
1 47 0.0
1 48 0.1104613506625726
1 49 0.0
1 50 0.0
1 51 0.0
1 52 0.0
1 53 0.0
1 54 0.0
1 55 0.0
2 3 0.0
2 4 0.0
2 5 0.0
2 6 0.0
2 7 0.0
2 8 0.0
2 9 0.0
2 10 0.0
2 11 0.0
2 12 0.04924402484783725
2 13 0.0
2 14 0.0
2 15 0.04444942555247326
2 16 0.0
2 17 0.0
2 18 0.0
2 19 0.0
2 20 0.0
2 21 0.0
2 22 0.10246375209136223
2 23 0.0
2 24 0.0
2 25 0.0
2 26 0.0
2 27 0.0
2 28 0.0
2 29 0.0
2 30 0.0
2 31 0.0
2 32 0.0584204984573125
2 33 0.0
2 34 0.0
2 35 0.0
2 36 0.0
2 37 0.0
2 38 0.05073220928349582
2 39 0.0
2 40 0.8595724206637497
2 41 0.0
2 42 0.0
2 43 0.0
2 44 0.14867266391572848
2 45 0.0
2 46 0.0
2 47 0.0
2 48 0.18981545970916067
2 49 0.0
2 50 0.0
2 51 0.0
2 52 0.0
2 53 0.0
2 54 0.0
2 55 0.0
3 4 0.07052417976250686
3 5 0.0
3 6 0.0
3 7 0.0
3 8 0.12940707791880918
3 9 0.0
3 10 0.0
3 11 0.0
3 12 0.0
3 13 0.0
3 14 0.137281061544524
3 15 0.0
3 16 0.0
3 17 0.0
3 18 0.0
3 19 0.0
3 20 0.0
3 21 0.2717313215228927
3 22 0.0
3 23 0.0
3 24 0.0
3 25 0.0
3 26 0.0
3 27 0.0
3 28 0.0
3 29 0.0
3 30 0.0
3 31 0.0
3 32 0.0
3 33 0.0
3 34 0.0
3 35 0.0
3 36 0.0
3 37 0.0
3 38 0.0
3 39 0.1386492962999434
3 40 0.0
3 41 0.07612727357116636
3 42 0.0
3 43 0.0
3 44 0.0
3 45 0.0
3 46 0.0
3 47 0.0
3 48 0.0
3 49 0.0
3 50 0.15295684742609472
3 51 0.0
3 52 0.0
3 53 0.0
3 54 0.0
3 55 0.0
4 5 0.0
4 6 0.0
4 7 0.0
4 8 0.0
4 9 0.0
4 10 0.0
4 11 0.0
4 12 0.0
4 13 0.0
4 14 0.0
4 15 0.0
4 16 0.0
4 17 0.0
4 18 0.0
4 19 0.0
4 20 0.0
4 21 0.0
4 22 0.0
4 23 0.0
4 24 0.0
4 25 0.0
4 26 0.0
4 27 0.0
4 28 0.0
4 29 0.0
4 30 0.0
4 31 0.0
4 32 0.0
4 33 0.0
4 34 0.0
4 35 0.0
4 36 0.0
4 37 0.0
4 38 0.0
4 39 0.2285520023327889
4 40 0.0
4 41 0.06831637409327637
4 42 0.0
4 43 0.0
4 44 0.0
4 45 0.0
4 46 0.0
4 47 0.0
4 48 0.0
4 49 0.0
4 50 0.25213682782866825
4 51 0.0
4 52 0.0
4 53 0.0
4 54 0.0
4 55 0.0
5 6 0.19270730786892284
5 7 0.0
5 8 0.0
5 9 0.0
5 10 0.0
5 11 0.0
5 12 0.0
5 13 0.0
5 14 0.0
5 15 0.0
5 16 0.0
5 17 0.0
5 18 0.0
5 19 0.0
5 20 0.0
5 21 0.0
5 22 0.0
5 23 0.0
5 24 0.0
5 25 0.0
5 26 0.0
5 27 0.0
5 28 0.0
5 29 0.0
5 30 0.0
5 31 0.0
5 32 0.0
5 33 0.0
5 34 0.0
5 35 0.0
5 36 0.0
5 37 0.9999999999999998
5 38 0.0
5 39 0.0
5 40 0.0
5 41 0.0
5 42 0.0
5 43 0.17445078027232627
5 44 0.0
5 45 0.0
5 46 0.0
5 47 0.0
5 48 0.0
5 49 0.0
5 50 0.0
5 51 0.0
5 52 0.0
5 53 0.0
5 54 0.0
5 55 0.0
6 7 0.2180203359180624
6 8 0.0
6 9 0.0
6 10 0.0
6 11 0.0
6 12 0.0
6 13 0.20095584401546548
6 14 0.0
6 15 0.0
6 16 0.0
6 17 0.1970109817886145
6 18 0.0
6 19 0.0
6 20 0.0
6 21 0.0
6 22 0.0
6 23 0.0
6 24 0.0
6 25 0.0
6 26 0.0
6 27 0.0
6 28 0.0
6 29 0.0
6 30 0.0
6 31 0.0
6 32 0.0
6 33 0.0
6 34 0.0
6 35 0.0
6 36 0.0
6 37 0.19270730786892284
6 38 0.0
6 39 0.0
6 40 0.0
6 41 0.0
6 42 0.0
6 43 0.4084470530085416
6 44 0.1518200557502795
6 45 0.0
6 46 0.0
6 47 0.0
6 48 0.0
6 49 0.0
6 50 0.0
6 51 0.0
6 52 0.0
6 53 0.0
6 54 0.0
6 55 0.0
7 8 0.0
7 9 0.0
7 10 0.0
7 11 0.0
7 12 0.0
7 13 0.24824651930712152
7 14 0.11858373504916978
7 15 0.0
7 16 0.08541343948190262
7 17 0.36585014615519895
7 18 0.0
7 19 0.08303506848675028
7 20 0.0
7 21 0.089811457380803
7 22 0.0
7 23 0.0
7 24 0.0
7 25 0.0
7 26 0.0
7 27 0.0
7 28 0.0
7 29 0.0
7 30 0.0
7 31 0.0
7 32 0.10290365890310008
7 33 0.11949817219036346
7 34 0.0
7 35 0.0
7 36 0.08368436441899114
7 37 0.0
7 38 0.0
7 39 0.0
7 40 0.0
7 41 0.0
7 42 0.0
7 43 0.09932365779986427
7 44 0.696357315068707
7 45 0.0
7 46 0.0
7 47 0.0
7 48 0.11586660991887422
7 49 0.0
7 50 0.0
7 51 0.0
7 52 0.0
7 53 0.0
7 54 0.0
7 55 0.0
8 9 0.0
8 10 0.0
8 11 0.0
8 12 0.0
8 13 0.10176792934918596
8 14 0.43971510547912795
8 15 0.0
8 16 0.0
8 17 0.0
8 18 0.0
8 19 0.0
8 20 0.0
8 21 0.0
8 22 0.0
8 23 0.0
8 24 0.0
8 25 0.0
8 26 0.0
8 27 0.0
8 28 0.0
8 29 0.0
8 30 0.0
8 31 0.0
8 32 0.0
8 33 0.0
8 34 0.0
8 35 0.0
8 36 0.0
8 37 0.0
8 38 0.0
8 39 0.0
8 40 0.0
8 41 0.0
8 42 0.0
8 43 0.0
8 44 0.0
8 45 0.0
8 46 0.0
8 47 0.0
8 48 0.0
8 49 0.0
8 50 0.0
8 51 0.0
8 52 0.11052896054883925
8 53 0.0
8 54 0.0
8 55 0.0
9 10 0.0
9 11 0.0
9 12 0.0
9 13 0.0
9 14 0.0
9 15 0.0
9 16 0.0
9 17 0.0
9 18 0.0
9 19 0.0
9 20 0.0
9 21 0.0
9 22 0.0
9 23 0.11945802448338567
9 24 0.0
9 25 0.0
9 26 0.020783587700525005
9 27 0.0
9 28 0.0
9 29 0.0
9 30 0.0
9 31 0.0
9 32 0.0
9 33 0.0
9 34 0.0
9 35 0.0
9 36 0.0
9 37 0.0
9 38 0.0
9 39 0.01993620972627545
9 40 0.0
9 41 0.0
9 42 0.0
9 43 0.0
9 44 0.0
9 45 0.0
9 46 0.0
9 47 0.0
9 48 0.0
9 49 0.0
9 50 0.0219934746928664
9 51 0.0
9 52 0.03817493537225696
9 53 0.0
9 54 0.0
9 55 0.0
10 11 0.0
10 12 0.0
10 13 0.0
10 14 0.0
10 15 0.0
10 16 0.0
10 17 0.0
10 18 0.0
10 19 0.0
10 20 0.032000861335468436
10 21 0.0
10 22 0.0
10 23 0.0
10 24 0.0
10 25 0.0
10 26 0.0
10 27 0.03319423795027617
10 28 0.054128507735460546
10 29 0.23760332490419708
10 30 0.0
10 31 0.0
10 32 0.0
10 33 0.0
10 34 0.0
10 35 0.0
10 36 0.0
10 37 0.0
10 38 0.0
10 39 0.03396841367674311
10 40 0.0
10 41 0.03102987160223986
10 42 0.0
10 43 0.0
10 44 0.0
10 45 0.0
10 46 0.0
10 47 0.0
10 48 0.0
10 49 0.0
10 50 0.0
10 51 0.06550644283155836
10 52 0.0
10 53 0.03077415783959764
10 54 0.0262551271797013
10 55 0.04992437237572658
11 12 0.0
11 13 0.0
11 14 0.0
11 15 0.0
11 16 0.0
11 17 0.0
11 18 0.0
11 19 0.0
11 20 0.1510491291392797
11 21 0.0
11 22 0.0
11 23 0.0
11 24 0.0
11 25 0.0
11 26 0.0
11 27 0.0
11 28 0.0
11 29 0.0
11 30 0.0
11 31 0.0
11 32 0.0
11 33 0.0
11 34 0.0
11 35 0.0
11 36 0.0
11 37 0.0
11 38 0.0
11 39 0.0
11 40 0.0
11 41 0.0
11 42 0.0
11 43 0.0
11 44 0.0
11 45 0.0
11 46 0.0
11 47 0.0
11 48 0.0
11 49 0.0
11 50 0.0
11 51 0.0
11 52 0.0
11 53 0.0
11 54 0.0
11 55 0.0
12 13 0.0
12 14 0.0
12 15 0.3789092465155889
12 16 0.0
12 17 0.0
12 18 0.0
12 19 0.0
12 20 0.0
12 21 0.0
12 22 0.0
12 23 0.08801206654106966
12 24 0.0
12 25 0.0
12 26 0.0
12 27 0.0
12 28 0.0
12 29 0.0
12 30 0.0
12 31 0.0
12 32 0.05739644940069819
12 33 0.0
12 34 0.0
12 35 0.0
12 36 0.0
12 37 0.0
12 38 0.04984292773971226
12 39 0.0
12 40 0.042328805641681296
12 41 0.0
12 42 0.0
12 43 0.0
12 44 0.0
12 45 0.0
12 46 0.0
12 47 0.0
12 48 0.0
12 49 0.0
12 50 0.0
12 51 0.0
12 52 0.0
12 53 0.0
12 54 0.0
12 55 0.0
13 14 0.10796016413421947
13 15 0.0
13 16 0.0
13 17 0.22432444335230664
13 18 0.0
13 19 0.0
13 20 0.0
13 21 0.0
13 22 0.0
13 23 0.0
13 24 0.0
13 25 0.0
13 26 0.0
13 27 0.0
13 28 0.0
13 29 0.0
13 30 0.0
13 31 0.0
13 32 0.0
13 33 0.0
13 34 0.0
13 35 0.0
13 36 0.0
13 37 0.0
13 38 0.0
13 39 0.0
13 40 0.0
13 41 0.0
13 42 0.0
13 43 0.0
13 44 0.17286827965985907
13 45 0.0
13 46 0.0
13 47 0.0
13 48 0.0
13 49 0.0
13 50 0.0
13 51 0.0
13 52 0.0
13 53 0.0
13 54 0.0
13 55 0.0
14 15 0.0
14 16 0.07472928645186341
14 17 0.10715650890005977
14 18 0.0
14 19 0.07264841992238476
14 20 0.0
14 21 0.07857716731675923
14 22 0.0
14 23 0.0
14 24 0.0
14 25 0.0
14 26 0.0
14 27 0.0
14 28 0.0
14 29 0.0
14 30 0.0
14 31 0.0
14 32 0.09003169817021536
14 33 0.10455044538956729
14 34 0.0
14 35 0.0
14 36 0.07321649705411924
14 37 0.0
14 38 0.0
14 39 0.0
14 40 0.0
14 41 0.0
14 42 0.0
14 43 0.08689951043062222
14 44 0.08257665134965878
14 45 0.0
14 46 0.0
14 47 0.0
14 48 0.10137314613900382
14 49 0.0
14 50 0.0
14 51 0.0
14 52 0.0
14 53 0.0
14 54 0.0
14 55 0.0
15 16 0.0
15 17 0.0
15 18 0.0
15 19 0.0
15 20 0.0
15 21 0.0
15 22 0.0
15 23 0.0
15 24 0.0
15 25 0.0
15 26 0.0
15 27 0.0
15 28 0.0
15 29 0.0
15 30 0.0
15 31 0.0
15 32 0.05180809676901706
15 33 0.0
15 34 0.0
15 35 0.0
15 36 0.0
15 37 0.0
15 38 0.044990016813805316
15 39 0.0
15 40 0.03820750031925257
15 41 0.0
15 42 0.0
15 43 0.0
15 44 0.0
15 45 0.0
15 46 0.0
15 47 0.0
15 48 0.214255881300837
15 49 0.0
15 50 0.0
15 51 0.0
15 52 0.0
15 53 0.0
15 54 0.0
15 55 0.0
16 17 0.07718264215773066
16 18 0.0
16 19 0.05232717130999073
16 20 0.03554812386727768
16 21 0.05659752682344221
16 22 0.0
16 23 0.0
16 24 0.0
16 25 0.0
16 26 0.0
16 27 0.0
16 28 0.0
16 29 0.0
16 30 0.0
16 31 0.0
16 32 0.06484799116781108
16 33 0.11252264059172176
16 34 0.0
16 35 0.0
16 36 0.05273634565158435
16 37 0.0
16 38 0.0
16 39 0.0
16 40 0.0
16 41 0.0
16 42 0.0
16 43 0.28269908910655406
16 44 0.05947827338840119
16 45 0.0
16 46 0.0
16 47 0.0
16 48 0.07301700422274304
16 49 0.0
16 50 0.0
16 51 0.0
16 52 0.0
16 53 0.0
16 54 0.0
16 55 0.0
17 18 0.0
17 19 0.07503346096855652
17 20 0.0
17 21 0.08115684860291246
17 22 0.0
17 23 0.0
17 24 0.0
17 25 0.0
17 26 0.0
17 27 0.0
17 28 0.0
17 29 0.0
17 30 0.0
17 31 0.0
17 32 0.09298743066683292
17 33 0.10798282704241072
17 34 0.0
17 35 0.0
17 36 0.07562018802107422
17 37 0.0
17 38 0.0
17 39 0.0
17 40 0.0
17 41 0.0
17 42 0.0
17 43 0.08975241348743604
17 44 0.25476242549412836
17 45 0.0
17 46 0.0
17 47 0.0
17 48 0.30425931524217825
17 49 0.0
17 50 0.0
17 51 0.0
17 52 0.0
17 53 0.0
17 54 0.0
17 55 0.0
18 19 0.0
18 20 0.0
18 21 0.0
18 22 0.0
18 23 0.0
18 24 0.0
18 25 0.0432504330035812
18 26 0.0
18 27 0.0
18 28 0.0
18 29 0.0
18 30 0.0
18 31 0.04419759746029612
18 32 0.0
18 33 0.0
18 34 0.0
18 35 0.0
18 36 0.0
18 37 0.0
18 38 0.0
18 39 0.0
18 40 0.0
18 41 0.0
18 42 0.0
18 43 0.0
18 44 0.0
18 45 0.0
18 46 0.0
18 47 0.0
18 48 0.0
18 49 0.0
18 50 0.0
18 51 0.0
18 52 0.0
18 53 0.0
18 54 0.0
18 55 0.0
19 20 0.0
19 21 0.055021546310179394
19 22 0.0
19 23 0.0
19 24 0.0
19 25 0.0
19 26 0.0
19 27 0.0
19 28 0.0
19 29 0.0
19 30 0.0
19 31 0.0
19 32 0.06304227321261628
19 33 0.07320863514413097
19 34 0.0
19 35 0.0
19 36 0.2738484477268615
19 37 0.0
19 38 0.0
19 39 0.0
19 40 0.16349278232866554
19 41 0.0
19 42 0.0
19 43 0.060849043058728514
19 44 0.057822077347979624
19 45 0.0
19 46 0.0
19 47 0.0
19 48 0.07098381686897674
19 49 0.0
19 50 0.0
19 51 0.0
19 52 0.0
19 53 0.0
19 54 0.0
19 55 0.0
20 21 0.0
20 22 0.0
20 23 0.0
20 24 0.0
20 25 0.0
20 26 0.0
20 27 0.0
20 28 0.0
20 29 0.0
20 30 0.0
20 31 0.0
20 32 0.0
20 33 0.04973381065911026
20 34 0.0
20 35 0.0
20 36 0.0
20 37 0.0
20 38 0.0
20 39 0.0
20 40 0.0
20 41 0.030684997080600178
20 42 0.0
20 43 0.0
20 44 0.0
20 45 0.0
20 46 0.0
20 47 0.0
20 48 0.0
20 49 0.0
20 50 0.0
20 51 0.0
20 52 0.0
20 53 0.0
20 54 0.025963320479926402
20 55 0.020981805497775896
21 22 0.0
21 23 0.0
21 24 0.0
21 25 0.0
21 26 0.0
21 27 0.0
21 28 0.0
21 29 0.0
21 30 0.0
21 31 0.0
21 32 0.06818707489507624
21 33 0.07918310100753428
21 34 0.0
21 35 0.0
21 36 0.055451789421383686
21 37 0.0
21 38 0.0
21 39 0.0
21 40 0.0
21 41 0.0
21 42 0.0
21 43 0.06581485795009215
21 44 0.06254086532410358
21 45 0.0
21 46 0.0
21 47 0.0
21 48 0.07677671807390753
21 49 0.0
21 50 0.0
21 51 0.0
21 52 0.0
21 53 0.0
21 54 0.0
21 55 0.0
22 23 0.0
22 24 0.0
22 25 0.0
22 26 0.0
22 27 0.0
22 28 0.0
22 29 0.0
22 30 0.0
22 31 0.0
22 32 0.0
22 33 0.0
22 34 0.0
22 35 0.0
22 36 0.0
22 37 0.0
22 38 0.23056108497797498
22 39 0.0
22 40 0.08807501541546256
22 41 0.0
22 42 0.0
22 43 0.0
22 44 0.0
22 45 0.0
22 46 0.0
22 47 0.0
22 48 0.0
22 49 0.0
22 50 0.0
22 51 0.0
22 52 0.0
22 53 0.0
22 54 0.0
22 55 0.0
23 24 0.0
23 25 0.0
23 26 0.0
23 27 0.0
23 28 0.0
23 29 0.0
23 30 0.0
23 31 0.0
23 32 0.0
23 33 0.0
23 34 0.0
23 35 0.0
23 36 0.0
23 37 0.0
23 38 0.0
23 39 0.0
23 40 0.0
23 41 0.0
23 42 0.0
23 43 0.0
23 44 0.0
23 45 0.0
23 46 0.0
23 47 0.0
23 48 0.0
23 49 0.0
23 50 0.0
23 51 0.0
23 52 0.0
23 53 0.0
23 54 0.0
23 55 0.0
24 25 0.0
24 26 0.0
24 27 0.0
24 28 0.0
24 29 0.0
24 30 0.0
24 31 0.0
24 32 0.0
24 33 0.0
24 34 0.0
24 35 0.0
24 36 0.0
24 37 0.0
24 38 0.0
24 39 0.0
24 40 0.0
24 41 0.0
24 42 0.0
24 43 0.0
24 44 0.0
24 45 0.0
24 46 0.0
24 47 0.0
24 48 0.0
24 49 0.0
24 50 0.0
24 51 0.0
24 52 0.0
24 53 0.0
24 54 0.0
24 55 0.0
25 26 0.0
25 27 0.0
25 28 0.0
25 29 0.0
25 30 0.0
25 31 0.6812382808209405
25 32 0.0
25 33 0.0
25 34 0.0
25 35 0.0
25 36 0.0
25 37 0.0
25 38 0.0
25 39 0.0
25 40 0.0
25 41 0.0
25 42 0.0
25 43 0.0
25 44 0.0
25 45 0.0
25 46 0.0
25 47 0.0
25 48 0.0
25 49 0.0
25 50 0.0
25 51 0.24175066651074206
25 52 0.0
25 53 0.0
25 54 0.0
25 55 0.0
26 27 0.0
26 28 0.0
26 29 0.0
26 30 0.0
26 31 0.0
26 32 0.0
26 33 0.0
26 34 0.0
26 35 0.0
26 36 0.0
26 37 0.0
26 38 0.0
26 39 0.025280702458450276
26 40 0.0
26 41 0.0
26 42 0.0
26 43 0.0
26 44 0.0
26 45 0.0
26 46 0.0
26 47 0.0
26 48 0.0
26 49 0.029372944226125228
26 50 0.027889478359820974
26 51 0.0
26 52 0.04840885984684603
26 53 0.0
26 54 0.0
26 55 0.0
27 28 0.38154346986742227
27 29 0.0
27 30 0.28195350189836266
27 31 0.0
27 32 0.0
27 33 0.0
27 34 0.0
27 35 0.03694186086355741
27 36 0.0
27 37 0.0
27 38 0.0
27 39 0.025753434491358296
27 40 0.0
27 41 0.0
27 42 0.0
27 43 0.0
27 44 0.0
27 45 0.0
27 46 0.0
27 47 0.0
27 48 0.0
27 49 0.0
27 50 0.0
27 51 0.0
27 52 0.0
27 53 0.02333168294200976
27 54 0.0
27 55 0.021764259312221746
28 29 0.0
28 30 0.4597702267305322
28 31 0.0
28 32 0.0
28 33 0.0
28 34 0.0
28 35 0.060239605575844776
28 36 0.0
28 37 0.0
28 38 0.0
28 39 0.041995089032268805
28 40 0.0
28 41 0.0
28 42 0.0
28 43 0.0
28 44 0.0
28 45 0.0
28 46 0.0
28 47 0.0
28 48 0.0
28 49 0.0
28 50 0.0
28 51 0.0
28 52 0.0
28 53 0.038046036257849414
28 54 0.0
28 55 0.035490101634592965
29 30 0.0
29 31 0.0
29 32 0.0
29 33 0.0
29 34 0.0
29 35 0.0
29 36 0.0
29 37 0.0
29 38 0.0
29 39 0.0
29 40 0.0
29 41 0.0
29 42 0.0
29 43 0.0
29 44 0.0
29 45 0.0
29 46 0.0
29 47 0.0
29 48 0.0
29 49 0.0
29 50 0.0
29 51 0.06068525019090888
29 52 0.0
29 53 0.0
29 54 0.0
29 55 0.0
30 31 0.0
30 32 0.0
30 33 0.0
30 34 0.0
30 35 0.04988103892369518
30 36 0.0
30 37 0.0
30 38 0.0
30 39 0.0
30 40 0.0
30 41 0.0
30 42 0.0
30 43 0.0
30 44 0.0
30 45 0.0
30 46 0.0
30 47 0.0
30 48 0.0
30 49 0.0
30 50 0.0
30 51 0.0
30 52 0.0
30 53 0.0
30 54 0.0
30 55 0.0
31 32 0.0
31 33 0.0
31 34 0.0
31 35 0.0
31 36 0.0
31 37 0.0
31 38 0.0
31 39 0.0
31 40 0.0
31 41 0.0
31 42 0.0
31 43 0.0
31 44 0.0
31 45 0.0
31 46 0.0
31 47 0.0
31 48 0.0
31 49 0.0
31 50 0.0
31 51 0.16010880986647358
31 52 0.0
31 53 0.0
31 54 0.0
31 55 0.0
32 33 0.09072596141514896
32 34 0.0
32 35 0.0
32 36 0.06353523470830891
32 37 0.0
32 38 0.059131005073678175
32 39 0.0
32 40 0.05021664927533496
32 41 0.0
32 42 0.0
32 43 0.07540897220425123
32 44 0.07165771562450882
32 45 0.0
32 46 0.0
32 47 0.0
32 48 0.08796878971552685
32 49 0.0
32 50 0.0
32 51 0.0
32 52 0.0
32 53 0.0
32 54 0.0
32 55 0.0
33 34 0.0
33 35 0.0
33 36 0.0737810929004773
33 37 0.0
33 38 0.0
33 39 0.0
33 40 0.0
33 41 0.0
33 42 0.21475559162745161
33 43 0.0875696203732409
33 44 0.08321342634209951
33 45 0.0
33 46 0.0
33 47 0.0
33 48 0.2527094476309218
33 49 0.0
33 50 0.0
33 51 0.0
33 52 0.0
33 53 0.0
33 54 0.0
33 55 0.0
34 35 0.0
34 36 0.0
34 37 0.0
34 38 0.0
34 39 0.0
34 40 0.0
34 41 0.0
34 42 0.0
34 43 0.0
34 44 0.0
34 45 0.0
34 46 0.0
34 47 0.0
34 48 0.0
34 49 0.0
34 50 0.0
34 51 0.0
34 52 0.0
34 53 0.0
34 54 0.0
34 55 0.0
35 36 0.0
35 37 0.0
35 38 0.0
35 39 0.0
35 40 0.0
35 41 0.0
35 42 0.0
35 43 0.0
35 44 0.0
35 45 0.0
35 46 0.0
35 47 0.0
35 48 0.0
35 49 0.0
35 50 0.0
35 51 0.0
35 52 0.0
35 53 0.0
35 54 0.0
35 55 0.0
36 37 0.0
36 38 0.0
36 39 0.0
36 40 0.0
36 41 0.0
36 42 0.0
36 43 0.061324854506334965
36 44 0.05827421932003989
36 45 0.0
36 46 0.0
36 47 0.0
36 48 0.0715388775726999
36 49 0.0
36 50 0.0
36 51 0.0
36 52 0.0
36 53 0.0
36 54 0.0
36 55 0.0
37 38 0.0
37 39 0.0
37 40 0.0
37 41 0.0
37 42 0.0
37 43 0.17445078027232627
37 44 0.0
37 45 0.0
37 46 0.0
37 47 0.0
37 48 0.0
37 49 0.0
37 50 0.0
37 51 0.0
37 52 0.0
37 53 0.0
37 54 0.0
37 55 0.0
38 39 0.11998610414502661
38 40 0.04360800793943445
38 41 0.0
38 42 0.0
38 43 0.0
38 44 0.0
38 45 0.0
38 46 0.0
38 47 0.0
38 48 0.0
38 49 0.0
38 50 0.13236775601990441
38 51 0.0
38 52 0.0
38 53 0.0
38 54 0.0
38 55 0.0
39 40 0.0
39 41 0.0
39 42 0.0
39 43 0.0
39 44 0.0
39 45 0.0
39 46 0.0
39 47 0.0
39 48 0.0
39 49 0.0
39 50 0.49949806745063446
39 51 0.0
39 52 0.04643515818456206
39 53 0.02387583830470807
39 54 0.0
39 55 0.022271858290372527
40 41 0.0
40 42 0.0
40 43 0.0
40 44 0.1277949216085708
40 45 0.0
40 46 0.0
40 47 0.0
40 48 0.16316013418160566
40 49 0.0
40 50 0.0
40 51 0.0
40 52 0.0
40 53 0.0
40 54 0.0
40 55 0.0
41 42 0.0
41 43 0.0
41 44 0.0
41 45 0.0
41 46 0.0
41 47 0.0
41 48 0.0
41 49 0.0
41 50 0.0
41 51 0.0
41 52 0.0
41 53 0.0
41 54 0.02517552550896448
41 55 0.02034516270527835
42 43 0.0
42 44 0.0
42 45 0.04264825216399566
42 46 0.0
42 47 0.0
42 48 0.0
42 49 0.07880694223813765
42 50 0.0
42 51 0.0
42 52 0.0
42 53 0.0
42 54 0.04140352747840078
42 55 0.0
43 44 0.06916475566831651
43 45 0.0
43 46 0.0
43 47 0.0
43 48 0.08490837021646452
43 49 0.0
43 50 0.0
43 51 0.0
43 52 0.0
43 53 0.0
43 54 0.0
43 55 0.0
44 45 0.0
44 46 0.0
44 47 0.0
44 48 0.08068456138922048
44 49 0.0
44 50 0.0
44 51 0.0
44 52 0.0
44 53 0.0
44 54 0.0
44 55 0.0
45 46 0.0539782293844562
45 47 0.0
45 48 0.0
45 49 0.5896379390425802
45 50 0.0
45 51 0.0
45 52 0.0
45 53 0.0
45 54 0.10243146277086485
45 55 0.0
46 47 0.0
46 48 0.0
46 49 0.0
46 50 0.0
46 51 0.0
46 52 0.0
46 53 0.0
46 54 0.0
46 55 0.0
47 48 0.0
47 49 0.0
47 50 0.0
47 51 0.0
47 52 0.0
47 53 0.0
47 54 0.0
47 55 0.0
48 49 0.0
48 50 0.0
48 51 0.0
48 52 0.0
48 53 0.0
48 54 0.0
48 55 0.0
49 50 0.0
49 51 0.0
49 52 0.0
49 53 0.0
49 54 0.1333539233990771
49 55 0.0
50 51 0.0
50 52 0.051226912758918434
50 53 0.0
50 54 0.0
50 55 0.0
51 52 0.0
51 53 0.0
51 54 0.0
51 55 0.0
52 53 0.0
52 54 0.0
52 55 0.0
53 54 0.0
53 55 0.020177500454733967
54 55 0.017214535759801232
