37
1.0	1.0	1.0	1.0	1.0	0	0	1.0	0	0	1.0	1.0	0	0	0	0	1.0	1.0	1.0	1.0	0	1.0	0	0	1.0	0	1.0	1.0	0	1.0	0	0	0	0	0	0	
1.0	1.0	1.0	1.0	0	0	1.0	0	0	1.0	1.0	0	0	0	0	1.0	1.0	1.0	1.0	0	1.0	0	0	1.0	0	1.0	1.0	0	1.0	0	0	0	0	0	0	
1.0	1.0	1.0	0	0	1.0	0	0	1.0	1.0	0	0	0	0	1.0	1.0	1.0	1.0	0	1.0	0	0	1.0	0	1.0	1.0	0	1.0	0	0	0	0	0	0	
1.0	1.0	0	0	1.0	0	0	1.0	1.0	0	0	0	0	1.0	1.0	1.0	1.0	0	1.0	0	0	1.0	0	1.0	1.0	0	1.0	0	0	0	0	0	0	
1.0	0	0	1.0	0	0	1.0	1.0	0	0	0	0	1.0	1.0	1.0	1.0	0	1.0	0	0	1.0	0	1.0	1.0	0	0	0	0	0	0	0	0	
0	0	1.0	0	0	1.0	1.0	0	0	0	0	1.0	1.0	1.0	1.0	0	1.0	0	0	1.0	0	1.0	1.0	0	1.0	0	0	0	0	0	0	
0	0	0	0	0	0	0	0	0	0	0	0	0	0	0	0	0	0	0	0	0	0	0	0	0	0	0	0	0	0	
0	0	0	0	0	0	0	0	0	0	0	0	0	0	0	0	0	0	0	0	0	0	0	0	0	0	0	0	0	
0	0	1.0	1.0	0	0	0	0	1.0	1.0	1.0	1.0	0	1.0	0	0	1.0	0	1.0	1.0	0	0	0	0	0	0	0	0	
1.0	0	0	0	0	0	0	0	0	0	0	0	0	0	0	0	0	0	0	0	0	0	1.0	0	0	0	0	
0	0	0	0	0	0	0	0	0	0	0	0	0	0	0	0	0	0	0	0	0	0	0	0	0	0	
1.0	0	0	0	0	1.0	1.0	1.0	1.0	0	1.0	0	0	1.0	0	1.0	1.0	0	1.0	0	0	0	0	0	0	
0	0	0	0	1.0	1.0	1.0	1.0	0	1.0	0	0	1.0	0	1.0	1.0	0	1.0	0	0	0	0	0	0	
0	0	0	0	0	0	0	0	0	0	0	0	0	0	0	0	0	0	0	0	0	0	0	
0	0	0	0	0	0	0	0	0	0	0	0	0	0	0	0	0	0	0	0	0	0	
0	0	0	0	0	0	0	0	0	0	0	0	0	0	0	0	0	0	0	0	0	
0	0	0	0	0	0	0	0	0	0	0	0	0	0	0	0	0	0	0	0	
1.0	1.0	1.0	0	1.0	0	0	1.0	0	1.0	1.0	0	0	0	0	0	0	0	0	
1.0	1.0	0	1.0	0	0	1.0	0	1.0	1.0	0	0	0	0	0	0	0	0	
1.0	0	1.0	0	0	1.0	0	1.0	1.0	0	0	0	0	0	0	0	0	
0	1.0	0	0	1.0	0	1.0	1.0	0	0	0	0	0	0	0	0	
0	1.0	1.0	0	0	0	0	0	0	1.0	0	0	0	0	0	
0	0	1.0	0	1.0	1.0	0	1.0	0	0	0	0	0	0	
1.0	0	0	0	0	0	0	1.0	0	0	0	0	0	
0	0	0	0	0	0	0	0	0	0	0	0	
0	1.0	1.0	0	0	0	0	0	0	0	0	
0	0	0	0	0	0	0	0	0	0	
1.0	0	1.0	0	0	0	0	0	0	
0	1.0	0	0	0	0	0	0	
0	0	0	0	0	0	0	
0	0	0	0	0	0	
0	0	0	0	0	
0	0	0	0	
0	0	0	
1.0	0	
0	

1.0	1.0	1.0	1.0	1.0	0	0	1.0	0	0	1.0	1.0	0	0	0	0	1.0	1.0	1.0	1.0	0	1.0	1.0	1.0	1.0	1.0	1.0	1.0	0	1.0	1.0	0	0	0	0	0	
1.0	1.0	1.0	2.0	0	0	1.0	0	0	1.0	1.0	0	0	0	0	1.0	1.0	1.0	1.0	0	1.0	2.0	1.0	1.0	1.0	1.0	1.0	0	1.0	2.0	0	0	0	0	0	
1.0	1.0	1.0	0	0	1.0	0	0	1.0	1.0	0	0	0	0	1.0	1.0	1.0	1.0	0	1.0	1.0	1.0	1.0	1.0	1.0	1.0	0	1.0	1.0	0	0	0	0	0	
1.0	1.0	0	0	1.0	0	0	1.0	1.0	0	0	0	0	1.0	1.0	1.0	1.0	0	1.0	1.0	1.0	1.0	1.0	1.0	1.0	0	1.0	1.0	0	0	0	0	0	
1.0	0	0	1.0	0	0	1.0	1.0	0	0	0	0	1.0	1.0	2.0	1.0	0	1.0	1.0	1.0	1.0	1.0	1.0	1.0	0	1.0	1.0	0	0	0	0	0	
0	0	1.0	0	0	1.0	1.0	0	0	0	0	1.0	1.0	1.0	1.0	0	1.0	2.0	1.0	1.0	1.0	1.0	1.0	0	1.0	2.0	0	0	0	0	0	
2.0	0	1.0	1.0	0	0	1.0	1.0	1.0	1.0	0	0	0	0	0	0	0	0	0	0	0	0	0	0	0	0	0	1.0	1.0	1.0	
0	1.0	1.0	0	0	1.0	1.0	1.0	1.0	0	0	0	0	0	0	0	0	0	0	0	0	0	0	0	0	0	1.0	1.0	1.0	
0	0	1.0	1.0	0	0	0	0	1.0	1.0	1.0	1.0	0	1.0	1.0	1.0	1.0	1.0	1.0	1.0	0	1.0	1.0	0	0	0	0	0	
1.0	0	0	3.0	2.0	1.0	1.0	0	0	0	0	0	0	0	0	0	0	0	0	0	0	0	0	0	1.0	1.0	1.0	
0	0	1.0	1.0	1.0	2.0	0	0	0	0	0	0	0	0	0	0	0	0	0	0	0	0	0	1.0	1.0	1.0	
1.0	0	0	0	0	1.0	1.0	1.0	1.0	0	1.0	1.0	1.0	1.0	1.0	1.0	1.0	0	1.0	1.0	0	0	0	0	0	
0	0	0	0	1.0	1.0	1.0	1.0	0	1.0	1.0	1.0	1.0	1.0	1.0	2.0	0	2.0	1.0	0	0	0	0	0	
2.0	1.0	1.0	0	0	0	0	0	0	0	0	0	0	0	0	0	0	0	0	0	1.0	1.0	1.0	
1.0	1.0	0	0	0	0	0	0	0	0	0	0	0	0	0	0	0	0	0	1.0	1.0	1.0	
1.0	0	0	0	0	0	0	0	0	0	0	0	0	0	0	0	0	0	1.0	1.0	1.0	
0	0	0	0	0	0	0	0	0	0	0	0	0	0	0	0	0	1.0	1.0	1.0	
1.0	1.0	1.0	0	1.0	2.0	1.0	1.0	1.0	1.0	1.0	0	1.0	1.0	0	0	0	0	0	
1.0	1.0	0	1.0	1.0	1.0	1.0	1.0	1.0	1.0	0	1.0	1.0	0	0	0	0	0	
1.0	0	1.0	1.0	1.0	1.0	1.0	1.0	1.0	0	1.0	1.0	0	0	0	0	0	
0	1.0	1.0	1.0	1.0	1.0	1.0	1.0	0	1.0	1.0	0	0	0	0	0	
0	0	0	0	0	0	0	0	0	0	0	0	0	0	0	
1.0	1.0	1.0	1.0	1.0	1.0	0	1.0	1.0	0	0	0	0	0	
1.0	1.0	1.0	1.0	1.0	0	1.0	2.0	0	0	0	0	0	
1.0	1.0	1.0	1.0	0	1.0	1.0	0	0	0	0	0	
1.0	1.0	1.0	0	1.0	1.0	0	0	0	0	0	
1.0	1.0	0	1.0	1.0	0	0	0	0	0	
1.0	0	1.0	1.0	0	0	0	0	0	
0	2.0	1.0	0	0	0	0	0	
0	0	0	0	0	0	0	
1.0	0	0	0	0	0	
0	0	0	0	0	
0	0	0	0	
0	0	0	
2.0	1.0	
1.0	

0	0	0	0	0	0	0	0	0	0	0	0	0	0	0	0	0	0	0	0	1.0	0	0	0	0	0	0	0	0	0	1.0	0	0	0	0	0	
0	0	0	0	0	0	0	0	0	0	0	0	0	0	0	0	0	0	0	1.0	0	0	0	0	0	0	0	0	0	1.0	0	0	0	0	0	
0	0	0	0	0	0	0	0	0	0	0	0	0	0	0	0	0	0	1.0	0	0	0	0	0	0	0	0	0	1.0	0	0	0	0	0	
0	0	0	0	0	0	0	0	0	0	0	0	0	0	0	0	0	1.0	0	0	0	0	0	0	0	0	0	1.0	0	0	0	0	0	
0	0	0	0	0	0	0	0	0	0	0	0	0	0	0	0	1.0	0	0	1.0	0	0	0	0	0	0	1.0	0	0	0	0	0	
0	0	0	0	0	0	0	0	0	0	0	0	0	0	0	1.0	0	0	0	0	0	0	0	0	0	1.0	0	0	0	0	0	
0	0	0	0	0	0	0	0	0	0	0	0	0	0	0	0	0	0	0	0	0	0	0	0	0	0	0	0	0	0	
0	0	0	0	0	0	0	0	0	0	0	0	0	0	0	0	0	0	0	0	0	0	0	0	0	0	0	0	0	
0	0	0	0	0	0	0	0	0	0	0	0	1.0	0	0	0	0	0	0	0	0	0	1.0	0	0	0	0	0	
0	0	0	0	0	0	0	0	0	0	0	0	0	0	0	0	0	0	0	0	0	0	0	0	0	0	0	
0	0	0	0	0	0	0	0	0	0	0	0	0	0	0	0	0	0	0	0	0	0	0	0	0	0	
0	0	0	0	0	0	0	0	0	1.0	0	0	0	0	0	0	0	0	0	1.0	0	0	0	0	0	
0	0	0	0	0	0	0	0	1.0	0	0	0	0	0	0	0	0	0	1.0	0	0	0	0	0	
0	0	0	0	0	0	0	0	0	0	0	0	0	0	0	0	0	0	0	0	0	0	0	
0	0	0	0	0	0	0	0	0	0	0	0	0	0	0	0	0	0	0	0	0	0	
0	0	0	0	0	0	0	0	0	0	0	0	0	0	0	0	0	0	0	0	0	
0	0	0	0	0	0	0	0	0	0	0	0	0	0	0	0	0	0	0	0	
0	0	0	1.0	0	0	0	0	0	0	0	0	0	1.0	0	0	0	0	0	
0	0	1.0	0	0	0	0	0	0	0	0	0	1.0	0	0	0	0	0	
0	1.0	0	0	1.0	0	0	0	0	0	0	1.0	0	0	0	0	0	
1.0	0	0	0	0	0	0	0	0	0	1.0	0	0	0	0	0	
0	0	0	0	0	0	0	0	0	0	0	0	0	0	0	
0	0	0	0	0	0	0	0	1.0	0	0	0	0	0	
0	0	0	0	0	0	0	1.0	0	0	0	0	0	
0	0	0	0	0	0	1.0	0	0	0	0	0	
0	0	0	0	0	1.0	0	0	0	0	0	
0	0	0	0	1.0	0	0	0	0	0	
0	0	0	1.0	0	0	0	0	0	
0	0	1.0	0	0	0	0	0	
0	0	0	0	0	0	0	
1.0	0	0	0	0	0	
0	0	0	0	0	
0	0	0	0	
0	0	0	
0	0	
0	

0	0	0	0	0	0	0	0	0	0	0	0	0	0	0	0	0	0	0	0	0	0	0	0	0	0	0	0	0	0	0	0	0	0	0	0	
1.0	0	0	0	0	0	0	0	0	0	0	0	0	0	0	0	0	0	0	0	0	0	0	0	0	0	0	0	0	0	0	0	0	0	0	
0	0	0	0	0	0	0	0	0	0	0	0	0	0	0	0	0	0	0	0	0	0	0	0	0	0	0	0	0	0	0	0	0	0	
1.0	1.0	0	0	0	0	0	0	0	0	0	0	0	0	0	0	0	0	0	0	0	0	0	0	0	0	0	0	0	0	0	0	0	
1.0	0	0	0	0	0	0	0	0	0	0	0	0	0	0	0	0	0	0	0	0	0	0	0	0	0	0	0	0	0	0	0	
0	0	0	0	0	0	0	0	0	0	0	0	0	0	0	0	0	0	0	0	0	0	0	0	0	0	0	0	0	0	0	
0	0	0	0	0	0	0	0	0	0	0	0	0	0	0	0	0	0	0	0	0	0	0	0	0	1.0	0	0	0	0	
0	0	0	0	0	0	0	0	0	0	0	0	0	0	0	0	0	0	0	0	0	0	0	0	0	0	0	0	0	
0	0	0	0	0	0	0	0	0	0	0	0	0	0	0	0	0	0	0	0	0	0	0	0	0	0	0	0	
1.0	0	0	0	0	0	0	0	0	0	0	0	0	0	0	0	0	0	0	0	0	0	0	0	0	0	0	
0	0	0	0	0	0	0	0	0	0	0	0	0	0	0	0	0	0	0	0	0	0	0	0	0	0	
1.0	0	0	0	0	0	0	0	0	0	0	0	0	0	0	0	0	0	0	0	0	0	0	0	0	
0	0	0	0	0	0	0	0	0	0	0	0	0	0	0	0	0	0	0	0	0	0	0	0	
0	0	0	0	0	0	0	0	0	0	0	0	0	0	0	0	0	0	0	0	0	0	0	
1.0	1.0	0	0	0	0	0	0	0	0	0	0	0	0	0	0	0	0	0	0	0	0	
1.0	0	0	0	0	0	0	0	0	0	0	0	0	0	0	0	0	0	0	0	0	
0	0	0	0	0	0	0	0	0	0	0	0	0	0	0	0	0	0	0	0	
0	0	0	0	0	0	0	0	0	0	0	0	0	0	0	0	0	0	0	
0	0	0	0	0	0	0	0	0	0	0	0	0	0	0	0	0	0	
1.0	0	0	0	0	0	0	0	0	0	0	0	0	0	0	0	0	
0	0	0	0	0	0	0	0	0	0	0	0	0	0	0	0	
0	0	0	0	0	0	0	0	0	0	0	0	0	0	0	
1.0	1.0	0	0	0	0	0	0	0	0	0	0	0	0	
1.0	0	0	0	0	0	0	0	0	0	0	0	0	
0	0	0	0	0	0	0	0	0	0	0	0	
1.0	0	0	0	0	0	0	0	0	0	0	
0	0	0	0	0	0	0	0	0	0	
1.0	0	0	0	0	0	0	0	0	
0	0	0	0	0	0	0	0	
0	0	0	0	0	0	0	
1.0	0	0	0	0	0	
0	0	0	0	0	
0	0	0	0	
0	0	0	
0	0	
0	

0	0	0	0	0	0	0	0	0	0	0	0	0	0	0	0	0	0	0	0	0	0	0	0	0	0	0	0	0	0	0	0	0	0	0	0	
0	0	0	0	0	0	0	0	0	0	0	0	0	0	0	0	0	0	0	0	0	0	0	0	0	0	0	0	0	0	0	0	0	0	0	
0	0	0	0	0	0	0	0	0	0	0	0	0	0	0	0	0	0	0	0	0	0	0	0	0	0	0	0	0	0	0	0	0	0	
0	0	0	0	0	0	0	0	0	0	0	0	0	0	0	0	0	0	0	0	0	0	0	0	0	0	0	0	0	0	0	0	0	
0	0	0	0	0	0	0	0	0	0	0	0	0	0	0	0	0	0	0	0	0	0	0	0	0	0	0	0	0	0	0	0	
0	0	0	0	0	0	0	0	0	0	0	0	0	0	0	0	0	0	0	0	0	0	0	0	0	0	0	0	0	0	0	
0	0	0	0	0	0	0	0	0	0	0	0	0	0	0	0	0	0	0	0	0	0	0	0	0	0	0	0	0	0	
0	0	0	0	0	0	0	0	0	0	0	0	0	0	0	0	0	0	0	0	0	0	0	0	0	0	0	0	0	
0	0	0	0	0	0	0	0	0	0	0	0	0	0	0	0	0	0	0	0	0	0	0	0	0	0	0	0	
0	0	0	0	0	0	0	0	0	0	0	0	0	0	0	0	0	0	0	0	0	0	0	0	0	0	0	
0	0	0	0	0	0	0	0	0	0	0	0	0	0	0	0	0	0	0	0	0	0	0	0	0	0	
0	0	0	0	0	0	0	0	0	0	0	0	0	0	0	0	0	0	0	0	0	0	0	0	0	
0	0	0	0	0	0	0	0	0	0	0	0	0	0	0	0	0	0	0	0	0	0	0	0	
0	0	0	0	0	0	0	0	0	0	0	0	0	0	0	0	0	0	0	0	0	0	0	
0	0	0	0	0	0	0	0	0	0	0	0	0	0	0	0	0	0	0	0	0	0	
0	0	0	0	0	0	0	0	0	0	0	0	0	0	0	0	0	0	0	0	0	
0	0	0	0	0	0	0	0	0	0	0	0	0	0	0	0	0	0	0	0	
0	0	0	0	0	0	0	0	0	0	0	0	0	0	0	0	0	0	0	
0	0	0	0	0	0	0	0	0	0	0	0	0	0	0	0	0	0	
0	0	0	0	0	0	0	0	0	0	0	0	0	0	0	0	0	
0	0	0	0	0	0	0	0	0	0	0	0	0	0	0	0	
0	0	0	0	0	0	0	0	0	0	0	0	0	0	0	
0	0	0	0	0	0	0	0	0	0	0	0	0	0	
0	0	0	0	0	0	0	0	0	0	0	0	0	
0	0	0	0	0	0	0	0	0	0	0	0	
0	0	0	0	0	0	0	0	0	0	0	
0	0	0	0	0	0	0	0	0	0	
0	0	0	0	0	0	0	0	0	
0	0	0	0	0	0	0	0	
0	0	0	0	0	0	0	
0	0	0	0	0	0	
0	0	0	0	0	
0	0	0	0	
0	0	0	
0	0	
0	

0	0	0	0	0	0	0	0	0	0	0	0	0	0	0	0	0	0	0	0	0	0	0	0	0	0	0	0	0	0	0	0	0	0	0	0	
0	0	0	0	0	0	0	0	0	0	0	0	0	0	0	0	0	0	0	0	0	0	0	0	0	0	0	0	0	0	0	0	0	0	0	
0	0	0	0	0	0	0	0	0	0	0	0	0	0	0	0	0	0	0	0	0	0	0	0	0	0	0	0	0	0	0	0	0	0	
0	0	0	0	0	0	0	0	0	0	0	0	0	0	0	0	0	0	0	0	0	0	0	0	0	0	0	0	0	0	0	0	0	
0	0	0	0	0	0	0	0	0	0	0	0	0	0	0	0	0	0	0	0	0	0	0	0	0	0	0	0	0	0	0	0	
0	0	0	0	0	0	0	0	0	0	0	0	0	0	0	0	0	0	0	0	0	0	0	0	0	0	0	0	0	0	0	
0	0	0	0	0	0	0	0	0	0	0	0	0	0	0	0	0	0	0	0	0	0	0	0	0	0	0	0	0	0	
0	0	0	0	0	0	0	0	0	0	0	0	0	0	0	0	0	0	0	0	0	0	0	0	0	0	0	0	0	
0	0	0	0	0	0	0	0	0	0	0	0	1.0	0	0	0	0	0	0	0	0	0	0	0	0	0	0	0	
0	0	0	0	0	0	0	0	0	0	0	0	0	0	0	0	0	0	0	0	0	0	0	0	0	0	0	
0	0	0	0	0	0	0	0	0	0	0	0	0	0	0	0	0	0	0	0	0	0	0	0	0	0	
0	0	0	0	0	0	0	0	0	0	0	0	0	0	0	0	0	0	0	0	0	0	0	0	0	
0	0	0	0	0	0	0	0	0	0	0	0	0	0	0	0	0	0	0	0	0	0	0	0	
0	0	0	0	0	0	0	0	0	0	0	0	0	0	0	0	0	0	0	0	0	0	0	
0	0	0	0	0	0	0	0	0	0	0	0	0	0	0	0	0	0	0	0	0	0	
0	0	0	0	0	0	0	0	0	0	0	0	0	0	0	0	0	0	0	0	0	
0	0	0	0	0	0	0	0	0	0	0	0	0	0	0	0	0	0	0	0	
0	0	0	0	0	0	0	0	0	0	0	0	0	0	0	0	0	0	0	
0	0	0	0	0	0	0	0	0	0	0	0	0	0	0	0	0	0	
0	0	0	0	0	0	0	0	0	0	0	0	0	0	0	0	0	
0	0	0	0	0	0	0	0	0	0	0	0	0	0	0	0	
0	0	0	0	0	0	0	0	0	0	0	0	0	0	0	
0	0	0	0	0	0	0	0	0	0	0	0	0	0	
0	0	0	0	0	0	0	0	0	0	0	0	0	
0	0	0	0	0	0	0	0	0	0	0	0	
0	0	0	0	0	0	0	0	0	0	0	
0	0	0	0	0	0	0	0	0	0	
0	0	0	0	0	0	0	0	0	
0	0	0	0	0	0	0	0	
0	0	0	0	0	0	0	
0	0	0	0	0	0	
0	0	0	0	0	
0	0	0	0	
0	0	0	
0	0	
0	

0.10669433080422121	0.03334925949250688	0.16524595148796623	0.03739914505288647	0.07520041567540764	0	0	0.05550941803116855	0	0	0.02234669119255183	0	0	0	0	0	0.05193902184976943	0.012600683130994227	0.03739914505288647	0.16524595148796623	0.10539060273513068	0.010421103554556905	0.1298330179608141	0.11100110218805541	0.030122012357370984	0	0.01420839960979335	0.061236046631541044	0	0.020059319496761742	0.0628898704148544	0	0	0	0	0	
0.020462984753374366	0.12785089359668375	0.022947979854797195	0.05380224378775457	0	0	0.03406037771530443	0	0	0.01917015662006104	0	0	0	0	0	0.03186959555896023	0	0.022947979854797195	0.12785089359668375	0.09040955295379365	0	0.40744840873887184	0.07941589560367601	0.018482757608106113	0	0	0.0375742162688708	0	0.017207929940560248	0.04499464676425737	0	0	0	0	0	
0.05088094694638402	0.00951702579817031	0.12710965313179962	0	0	0.12545267721266826	0	0	0.01997194818869649	0	0	0	0	0	0.15058603328629847	0.011261631015793387	0.00951702579817031	0.05088094694638402	0	0.009313671472312695	0.03207323870442351	0.4739685210365987	0.007665201124050272	0	0.45430844827638234	0.015582843798867985	0	0.017927651402072586	0.03276840242861707	0	0	0	0	0	
0.0162466204144781	0.0668892916833587	0	0	0.024113932094054054	0	0	0.0340943345159112	0	0	0	0	0	0.07924333719550741	0.01922485535309615	0.0162466204144781	0.9999999999999998	0.11686067491651007	0.01589947198681639	0.1589232542990635	0.09873329867589056	0.013085349951138914	0	0.3002792074630303	0.02660164567663407	0	0.03060449277215957	0.05593930363716734	0	0	0	0	0	
0.04394103570616141	0	0	0.11899903527492858	0	0	0	0	0	0	0	0	0.014822068567580953	0.06314613552159597	1.0	0.0162466204144781	0.028861013022781493	0.45492842234913966	0.03596816615649595	0.0648600589619304	0.17505053808315385	0.02967101345583204	0.07120292749034553	0.13127556965400455	0	0	0.036747749552117105	0	0	0	0	0	
0	0	0.21157240007308814	0	0	0.026255593656430303	0	0	0	0	0	0.19796394737977677	0.014804805473442489	0.04394103570616141	0.0668892916833587	0.03383276585648223	0.012243971960879056	0.07232307161636216	0.3010376469729697	0.035390980693942864	0	0.016693745102955328	0.0719475086325011	0	0.023568112934188017	0.07389062069593215	0	0	0	0	0	
0.04581828437648739	0	0.05659622652687442	0.040567148409182394	0	0	0.053544597735028246	0	0.04587062651226506	0.04308933443299414	0	0	0	0	0	0	0	0	0	0	0	0	0	0	0	0	0	0.05424747645898375	0.0516782961412289	0	
0	0.13268740506568116	0.0270800258475401	0	0	0.21532304821935325	0.19323483723058665	0.16787317132482607	0.15769445005527927	0	0	0	0	0	0	0	0	0.05734321363868325	0	0	0	0	0	0	0	0.0637004952763486	0.10756128245136516	0.03449711528021883	0	
0	0	0	0	0	0	0	0	0.1953833291058495	0.09372420756582404	0.11899903527492858	0.024113932094054054	0.042836755610832625	0.07751243821136965	0.05338549766771654	0.31229574184873937	0.09584418055540478	0.04403899305717126	0.10568244438516983	0.19484484104915417	0	0	0.054542588840161735	0	0	0	0	0	
0.03345012363683119	0	0	0.15506241286486425	0	0.037823169443846484	0.2792350806460009	0	0	0	0	0	0	0	0	0	0	0	0	0	0	0	0	0	0.04473040047666657	0.04261195235683865	0	
0	0	0.03164651645937215	0	0.027110961671721733	0.02546713186837654	0	0	0	0	0	0	0	0	0	0	0	0	0	0	0	0	0	0.0320619395654841	0.03054347438594771	0	
0.3668328469831766	0	0	0	0	0.15552421090312998	0	0	0.0340943345159112	0	0	0.02149165444089674	0.038755102725031326	0	0	0	0.4005301903810521	0	0.16989838940248045	0.10978735076712885	0	0	0	0	0	
0	0	0	0	0.18598478268129567	0	0	0	0	0	0	0	0	0	0	0.21927584346834222	0	0.2288622775271195	0.13129001880162383	0	0	0	0	0	
0.22581992688523794	0.12567640040873312	0.11805621285985306	0	0	0	0	0	0	0	0	0	0	0	0	0	0	0	0	0.07444227651711215	0.04231856869313611	0.04031434580833212	0	
0	0	0	0	0	0	0	0	0	0	0	0	0	0	0	0	0	0	0	0	0	0	
0.08553464673547485	0	0	0	0	0	0	0	0	0.05740872168454419	0	0	0	0	0	0	0	0.0637732657874717	0.10768415888218541	0.03453652427853702	0	
0	0	0	0	0	0	0	0	0.0539278356569771	0	0	0	0	0	0	0	0	0.1011549021239004	0.03244245736197202	0	
0.0175391630367312	0.014822068567580953	0.07924333719550741	0	0.014505359143303127	0.04995171320779154	0.29220870862605525	0.011937987671191828	0	0.01977697833177166	0.024269134513550436	0	0.13960500053929426	0.0510343796420543	0	0	0	0	0	
0.06314613552159597	0.01922485535309615	0	0.06179686526722969	0.012118551477581872	0.021852934062561134	0.40460028336921416	0.03511012920322878	0.08425542954761395	0.1033932645768762	0	0	0.012381212116709195	0	0	0	0	0	
0.0162466204144781	0.028861013022781493	0.45492842234913966	0.03596816615649595	0.0648600589619304	0.17505053808315385	0.02967101345583204	0.07120292749034553	0.13127556965400455	0	0	0.036747749552117105	0	0	0	0	0	
0.11686067491651007	0.01589947198681639	0.1589232542990635	0.09873329867589056	0.013085349951138914	0	0.3002792074630303	0.02660164567663407	0	0.03060449277215957	0.05593930363716734	0	0	0	0	0	
0	0.10135811139933718	0.049939541775273294	0.02324523166743814	0	0	0.0472560091092285	0	0.29960167747780636	0.028294235362665694	0	0	0	0	0	
0.010022367721355814	0.018072963701205685	0.04206188255012552	0.02903702032953591	0.0696815043455568	0.08550900818615471	0	0	0.010239595128123877	0	0	0	0	0	
0.1067539400007226	0.028969473604432687	0	0.013664752957861976	0.0588930120433384	0	0.019291802944305003	0.060483556654656684	0	0	0	0	0	
0.05223957646059318	0	0.024641141799971164	0.10619958262416829	0	0.034788192175418495	0.10906775268384905	0	0	0	0	0	
0.023897622063510614	0.05734824843488352	0.10573194456041847	0	0	0.029597365515953517	0	0	0.06789264753752497	0	0	
0.039589817542819886	0.04858227537065534	0	0	0	0	0	0	0	0	
0.1165851727876468	0	0	0.013960926370341898	0	0	0	0	0	
0	0	0.23231929021410166	0	0	0	0	0	
0	0	0	0	0	0	0	
0.019709938502885858	0	0.0976555975906434	0	0	0	
0	0	0	0	0	
0	0	0.12774756671531928	0	
0	0	0	
0.04084355131434947	0	
0	

0	1.0	1.0	1.0	1.0	0	0	1.0	0	0	1.0	1.0	0	0	0	0	1.0	1.0	1.0	1.0	1.0	1.0	1.0	1.0	1.0	0	0	1.0	0	1.0	1.0	0	0	0	0	0	
0	0	0	0	0	0	0	0	0	0	0	0	0	0	0	0	0	0	0	0	0	0	0	0	0	0	0	0	0	0	0	0	0	0	0	
1.0	1.0	1.0	0	0	1.0	0	0	1.0	1.0	0	0	0	0	1.0	1.0	1.0	1.0	1.0	1.0	1.0	1.0	1.0	0	0	1.0	0	1.0	1.0	0	0	0	0	0	
1.0	1.0	0	0	1.0	0	0	1.0	1.0	0	0	0	0	1.0	1.0	1.0	1.0	1.0	1.0	1.0	1.0	1.0	0	0	1.0	0	1.0	1.0	0	0	0	0	0	
1.0	0	0	1.0	0	0	1.0	1.0	0	0	0	0	1.0	1.0	1.0	1.0	1.0	1.0	1.0	1.0	1.0	0	0	1.0	0	1.0	1.0	0	0	0	0	0	
0	0	1.0	0	0	1.0	1.0	0	0	0	0	1.0	1.0	1.0	1.0	1.0	1.0	1.0	1.0	1.0	0	0	1.0	0	1.0	1.0	0	0	0	0	0	
0	0	0	0	0	0	0	0	0	0	0	0	0	0	0	0	0	0	0	0	0	0	0	0	0	0	0	0	0	0	
0	0	0	0	0	0	0	0	0	0	0	0	0	0	0	0	0	0	0	0	0	0	0	0	0	0	0	0	0	
0	0	1.0	1.0	0	0	0	0	1.0	1.0	1.0	1.0	1.0	1.0	1.0	1.0	1.0	0	0	1.0	0	1.0	1.0	0	0	0	0	0	
0	0	0	0	0	0	0	0	0	0	0	0	0	0	0	0	0	0	0	0	0	0	0	0	0	0	0	
0	0	0	0	0	0	0	0	0	0	0	0	0	0	0	0	0	0	0	0	0	0	0	0	0	0	
1.0	0	0	0	0	1.0	1.0	1.0	1.0	1.0	1.0	1.0	1.0	1.0	0	0	1.0	0	1.0	1.0	0	0	0	0	0	
0	0	0	0	1.0	1.0	1.0	1.0	1.0	1.0	1.0	1.0	1.0	0	0	1.0	0	1.0	1.0	0	0	0	0	0	
0	0	0	0	0	0	0	0	0	0	0	0	0	0	0	0	0	0	0	0	0	0	0	
0	0	0	0	0	0	0	0	0	0	0	0	0	0	0	0	0	0	0	0	0	0	
0	0	0	0	0	0	0	0	0	0	0	0	0	0	0	0	0	0	0	0	0	
0	0	0	0	0	0	0	0	0	0	0	0	0	0	0	0	0	0	0	0	
1.0	1.0	1.0	1.0	1.0	1.0	1.0	1.0	0	0	1.0	0	1.0	1.0	0	0	0	0	0	
1.0	1.0	1.0	1.0	1.0	1.0	1.0	0	0	1.0	0	1.0	1.0	0	0	0	0	0	
1.0	1.0	1.0	1.0	1.0	1.0	0	0	1.0	0	1.0	1.0	0	0	0	0	0	
1.0	1.0	1.0	1.0	1.0	0	0	1.0	0	1.0	1.0	0	0	0	0	0	
1.0	1.0	1.0	1.0	0	0	1.0	0	1.0	1.0	0	0	0	0	0	
1.0	1.0	1.0	0	0	1.0	0	1.0	1.0	0	0	0	0	0	
1.0	1.0	0	0	1.0	0	1.0	1.0	0	0	0	0	0	
1.0	0	0	1.0	0	1.0	1.0	0	0	0	0	0	
0	0	1.0	0	1.0	1.0	0	0	0	0	0	
0	0	0	0	0	0	0	0	0	0	
0	0	0	0	0	0	0	0	0	
0	1.0	1.0	0	0	0	0	0	
0	0	0	0	0	0	0	
1.0	0	0	0	0	0	
0	0	0	0	0	
0	0	0	0	
0	0	0	
0	0	
0	

