0 1 0.24869558978372877
0 2 0.2433812716941564
0 3 0.37187405709382054
0 4 0.18556843008360052
0 5 0.3896798943618298
0 6 0.0
0 7 0.0
0 8 0.23973103394298345
0 9 0.0
0 10 0.0
0 11 0.12448471793035887
0 12 0.0
0 13 0.0
0 14 0.0
0 15 0.0
0 16 0.0
0 17 0.2949250245834983
0 18 0.13627513434308147
0 19 0.18556843008360052
0 20 0.37187405709382054
0 21 0.1360431815559089
0 22 0.11571154666738881
0 23 0.3671792135390586
0 24 0.45869368440750996
0 25 0.1697841735172855
0 26 0.11577072123014048
0 27 0.145854555654464
0 28 0.27134052371050627
0 29 0.0
0 30 0.14072647044842393
0 31 0.36361527529716486
0 32 0.0
0 33 0.0
0 34 0.0
0 35 0.0
0 36 0.0
1 2 0.12323280562319243
1 3 0.20991608599974296
1 4 0.06721799771014883
1 5 0.23674430180890713
1 6 0.0
1 7 0.0
1 8 0.08683718498546028
1 9 0.0
1 10 0.0
1 11 0.11964754012545861
1 12 0.0
1 13 0.0
1 14 0.0
1 15 0.0
1 16 0.0
1 17 0.14933128574324123
1 18 0.0
1 19 0.06721799771014883
1 20 0.20991608599974296
1 21 0.13075686955495788
1 22 0.0
1 23 0.5446387529944602
1 24 0.2786726172697508
1 25 0.061500505132057945
1 26 0.0
1 27 0.0
1 28 0.09828701300768967
1 29 0.0
1 30 0.13525817706484664
1 31 0.22090912495821335
1 32 0.0
1 33 0.0
1 34 0.0
1 35 0.0
1 36 0.0
2 3 0.2927377393334447
2 4 0.10436892442985522
2 5 0.3574472481111935
2 6 0.0
2 7 0.0
2 8 0.2223455591639007
2 9 0.0
2 10 0.0
2 11 0.11235846805964593
2 12 0.0
2 13 0.0
2 14 0.0
2 15 0.0
2 16 0.0
2 17 0.3479531652751694
2 18 0.12300036168276464
2 19 0.10436892442985522
2 20 0.2927377393334447
2 21 0.0
2 22 0.10443990504628325
2 23 0.2313072501032406
2 24 0.5903263198751896
2 25 0.09549141288325749
2 26 0.10449331532289725
2 27 0.4786980499922798
2 28 0.15260957158036487
2 29 0.0
2 30 0.12701808621899782
2 31 0.25516827687027266
2 32 0.0
2 33 0.0
2 34 0.0
2 35 0.0
2 36 0.0
3 4 0.13908266281379095
3 5 0.36441340928934557
3 6 0.0
3 7 0.0
3 8 0.17967727886080798
3 9 0.0
3 10 0.0
3 11 0.14972957719724883
3 12 0.0
3 13 0.0
3 14 0.0
3 15 0.0
3 16 0.0
3 17 0.3547342996790941
3 18 0.1639110292968075
3 19 0.13908266281379095
3 20 1.0
3 21 0.05542414356540914
3 22 0.13917725201450282
3 23 0.35342557351413656
3 24 0.42895240881795166
3 25 0.1272524369893329
3 26 0.13924842687362565
3 27 0.3707431569841646
3 28 0.2033684423042437
3 29 0.0
3 30 0.16926507342444605
3 31 0.34003879609371795
3 32 0.0
3 33 0.0
3 34 0.0
3 35 0.0
3 36 0.0
4 5 0.20850165082786629
4 6 0.0
4 7 0.0
4 8 0.3862492672443203
4 9 0.0
4 10 0.0
4 11 0.0
4 12 0.0
4 13 0.0
4 14 0.0
4 15 0.0
4 16 0.0
4 17 0.1264723755815899
4 18 0.27766403643767024
4 19 1.0000000000000002
4 20 0.13908266281379095
4 21 0.08152917072120157
4 22 0.6639597585535314
4 23 0.17636247427679
4 24 0.2454280854800246
4 25 0.3777718076205908
4 26 0.2358857755893533
4 27 0.29718234989138625
4 28 0.4371777684894961
4 29 0.0
4 30 0.0
4 31 0.1945555474188564
4 32 0.0
4 33 0.0
4 34 0.0
4 35 0.0
4 36 0.0
5 6 0.0
5 7 0.0
5 8 0.3782993915801621
5 9 0.0
5 10 0.0
5 11 0.13986899161472663
5 12 0.0
5 13 0.0
5 14 0.0
5 15 0.0
5 16 0.0
5 17 0.4331481124355909
5 18 0.1531165105213269
5 19 0.20850165082786629
5 20 0.36441340928934557
5 21 0.10108175898065305
5 22 0.13001159997488373
5 23 0.3703480722157814
5 24 0.638449473595441
5 25 0.1907667184922065
5 26 0.1300780875450765
5 27 0.16387979151960388
5 28 0.30487377138800353
5 29 0.0
5 30 0.15811795891389815
5 31 0.40855217200217064
5 32 0.0
5 33 0.0
5 34 0.0
5 35 0.0
5 36 0.0
6 7 0.24991270292708867
6 8 0.0
6 9 0.25055045688797944
6 10 0.19519040719569739
6 11 0.0
6 12 0.0
6 13 0.25525900043929856
6 14 0.0
6 15 0.2186439649650246
6 16 0.23453985821097595
6 17 0.0
6 18 0.0
6 19 0.0
6 20 0.0
6 21 0.0
6 22 0.0
6 23 0.0
6 24 0.0
6 25 0.0
6 26 0.0
6 27 0.0
6 28 0.0
6 29 0.0
6 30 0.0
6 31 0.0
6 32 0.0
6 33 0.0
6 34 0.25154756687976904
6 35 0.19731019886571902
6 36 0.0
7 8 0.0
7 9 0.30423522746637066
7 10 0.15937775284671485
7 11 0.0
7 12 0.0
7 13 0.3568968860019097
7 14 0.10243458225136365
7 15 0.24552535491777572
7 16 0.31352831302640644
7 17 0.0
7 18 0.0
7 19 0.0
7 20 0.0
7 21 0.0
7 22 0.0
7 23 0.0
7 24 0.0
7 25 0.021747777281977344
7 26 0.0
7 27 0.0
7 28 0.0
7 29 0.0
7 30 0.0
7 31 0.0
7 32 0.0
7 33 0.03433477740941721
7 34 0.23621265650004822
7 35 0.1611086147150059
7 36 0.0
8 9 0.0
8 10 0.0
8 11 0.0
8 12 0.0
8 13 0.0
8 14 0.0
8 15 0.0
8 16 0.0
8 17 0.26943432847556925
8 18 0.3587069552401604
8 19 0.3862492672443203
8 20 0.17967727886080798
8 21 0.10532541760849304
8 22 0.3045789445834878
8 23 0.22783809879767972
8 24 0.44529765133815685
8 25 0.3533953085726383
8 26 0.3047347054076076
8 27 0.3839221573247745
8 28 0.5647786016708627
8 29 0.0
8 30 0.0
8 31 0.2513412573520902
8 32 0.0
8 33 0.0
8 34 0.0
8 35 0.0
8 36 0.0
9 10 0.15978447004022028
9 11 0.0
9 12 0.0
9 13 0.3107436282826533
9 14 0.0
9 15 0.17898374500752126
9 16 0.40686082596814854
9 17 0.0
9 18 0.0
9 19 0.0
9 20 0.0
9 21 0.0
9 22 0.0
9 23 0.0
9 24 0.0
9 25 0.0
9 26 0.0
9 27 0.0
9 28 0.0
9 29 0.0
9 30 0.0
9 31 0.0
9 32 0.0
9 33 0.0
9 34 0.20591890370664054
9 35 0.16151974890692444
9 36 0.0
10 11 0.0
10 12 0.0
10 13 0.16278726694330156
10 14 0.0
10 15 0.1394366248753189
10 16 0.1495739716982618
10 17 0.0
10 18 0.0
10 19 0.0
10 20 0.0
10 21 0.0
10 22 0.0
10 23 0.0
10 24 0.0
10 25 0.0
10 26 0.0
10 27 0.0
10 28 0.0
10 29 0.0
10 30 0.0
10 31 0.0
10 32 0.0
10 33 0.0
10 34 0.160420360685118
10 35 0.12583136327460415
10 36 0.0
11 12 0.36736805109773635
11 13 0.0
11 14 0.0
11 15 0.0
11 16 0.0
11 17 0.3285763155160777
11 18 0.0
11 19 0.0
11 20 0.14972957719724883
11 21 0.0
11 22 0.0
11 23 0.11830909413824148
11 24 0.16464032152131075
11 25 0.0
11 26 0.0
11 27 0.0
11 28 0.23857287784065379
11 29 0.0
11 30 0.32296891717873094
11 31 0.2200873849672887
11 32 0.0
11 33 0.0
11 34 0.0
11 35 0.0
11 36 0.0
12 13 0.0
12 14 0.0
12 15 0.0
12 16 0.0
12 17 0.281101351906667
12 18 0.0
12 19 0.0
12 20 0.0
12 21 0.0
12 22 0.0
12 23 0.0
12 24 0.0
12 25 0.0
12 26 0.0
12 27 0.0
12 28 0.1653885008972385
12 29 0.0
12 30 0.2916543825779548
12 31 0.1308544908177075
12 32 0.0
12 33 0.0
12 34 0.0
12 35 0.0
12 36 0.0
13 14 0.3724948658541441
13 15 0.22341797996526888
13 16 0.29088658397443273
13 17 0.0
13 18 0.0
13 19 0.0
13 20 0.0
13 21 0.0
13 22 0.0
13 23 0.0
13 24 0.0
13 25 0.0
13 26 0.0
13 27 0.0
13 28 0.0
13 29 0.0
13 30 0.0
13 31 0.0
13 32 0.0
13 33 0.035069289632670635
13 34 0.20978869559680702
13 35 0.16455515655124744
13 36 0.0
14 15 0.0
14 16 0.0
14 17 0.0
14 18 0.0
14 19 0.0
14 20 0.0
14 21 0.0
14 22 0.0
14 23 0.0
14 24 0.0
14 25 0.0
14 26 0.0
14 27 0.0
14 28 0.0
14 29 0.0
14 30 0.0
14 31 0.0
14 32 0.0
14 33 0.0
14 34 0.0
14 35 0.0
14 36 0.0
15 16 0.1926854244122958
15 17 0.0
15 18 0.0
15 19 0.0
15 20 0.0
15 21 0.0
15 22 0.0
15 23 0.0
15 24 0.0
15 25 0.019026724926003765
15 26 0.0
15 27 0.0
15 28 0.0
15 29 0.0
15 30 0.0
15 31 0.0
15 32 0.0
15 33 0.03003885669299775
15 34 0.2066580497397111
15 35 0.14095092365748338
15 36 0.0
16 17 0.0
16 18 0.0
16 19 0.0
16 20 0.0
16 21 0.0
16 22 0.0
16 23 0.0
16 24 0.0
16 25 0.020410009336768172
16 26 0.0
16 27 0.0
16 28 0.0
16 29 0.0
16 30 0.0
16 31 0.0
16 32 0.0
16 33 0.0
16 34 0.2216825408003468
16 35 0.15119836330547914
16 36 0.0
17 18 0.14904961437893385
17 19 0.1264723755815899
17 20 0.3547342996790941
17 21 0.0
17 22 0.12655838860921226
17 23 0.2802939435239936
17 24 0.5098602890780833
17 25 0.1157147675992848
17 26 0.12662311021672848
17 27 0.15952701408444658
17 28 0.18492951958347786
17 29 0.0
17 30 0.37144627809972036
17 31 0.30920830434094965
17 32 0.0
17 33 0.0
17 34 0.0
17 35 0.0
17 36 0.0
18 19 0.27766403643767024
18 20 0.1639110292968075
18 21 0.0
18 22 0.2778528739156256
18 23 0.12951459396579645
18 24 0.18023402636584238
18 25 0.5259940631816648
18 26 0.27799496710162813
18 27 0.3502339103527075
18 28 0.40600389316560154
18 29 0.0
18 30 0.0
18 31 0.14287496720078943
18 32 0.0
18 33 0.0
18 34 0.0
18 35 0.0
18 36 0.0
19 20 0.13908266281379095
19 21 0.08152917072120157
19 22 0.6639597585535314
19 23 0.17636247427679
19 24 0.2454280854800246
19 25 0.3777718076205908
19 26 0.2358857755893533
19 27 0.29718234989138625
19 28 0.4371777684894961
19 29 0.0
19 30 0.0
19 31 0.1945555474188564
19 32 0.0
19 33 0.0
19 34 0.0
19 35 0.0
19 36 0.0
20 21 0.05542414356540914
20 22 0.13917725201450282
20 23 0.35342557351413656
20 24 0.42895240881795166
20 25 0.1272524369893329
20 26 0.13924842687362565
20 27 0.3707431569841646
20 28 0.2033684423042437
20 29 0.0
20 30 0.16926507342444605
20 31 0.34003879609371795
20 32 0.0
20 33 0.0
20 34 0.0
20 35 0.0
20 36 0.0
21 22 0.0
21 23 0.12929414823888738
21 24 0.11898372259918495
21 25 0.07459438473566195
21 26 0.0
21 27 0.0
21 28 0.11921299259366393
21 29 0.0
21 30 0.222702327254295
21 31 0.09432067743567953
21 32 0.0
21 33 0.0
21 34 0.0
21 35 0.0
21 36 0.0
22 23 0.10997115545710713
22 24 0.15303714836470714
22 25 0.21571126410431157
22 26 0.23604619994793902
22 27 0.29738446164545534
22 28 0.3447388891424573
22 29 0.0
22 30 0.0
22 31 0.12131548073351886
22 32 0.0
22 33 0.0
22 34 0.0
22 35 0.0
22 36 0.0
23 24 0.43593812309993063
23 25 0.1613612666823685
23 26 0.11002739439977871
23 27 0.13861878503889075
23 28 0.2578794577913174
23 29 0.0
23 30 0.13374510154201583
23 31 0.34557650569848425
23 32 0.0
23 33 0.0
23 34 0.0
23 35 0.0
23 36 0.0
24 25 0.22455222923631457
24 26 0.15311541113622876
24 27 0.19290352532856997
24 28 0.35886807479814975
24 29 0.0
24 30 0.18612125027386453
24 31 0.4809083141311864
24 32 0.0
24 33 0.0
24 34 0.0
24 35 0.0
24 36 0.0
25 26 0.2158215782440981
25 27 0.2719043300495803
25 28 0.3999918847709212
25 29 0.0
25 30 0.0
25 31 0.1780068560521427
25 32 0.0
25 33 0.0
25 34 0.0218900455889213
25 35 0.0
25 36 0.0
26 27 0.2975365432310346
26 28 0.3449151876503939
26 29 0.0
26 30 0.0
26 31 0.12137752113254704
26 32 0.0
26 33 0.0
26 34 0.0
26 35 0.0
26 36 0.0
27 28 0.43454381987668683
27 29 0.0
27 30 0.0
27 31 0.15291832186166715
27 32 0.0
27 33 0.0
27 34 0.0
27 35 0.0
27 36 0.0
28 29 0.0
28 30 0.0
28 31 0.419928859990954
28 32 0.0
28 33 0.0
28 34 0.0
28 35 0.0
28 36 0.0
29 30 0.0
29 31 0.0
29 32 0.0
29 33 0.0
29 34 0.0
29 35 0.0
29 36 0.0
30 31 0.14754188243162944
30 32 0.0
30 33 0.09326110806080953
30 34 0.0
30 35 0.0
30 36 0.0
31 32 0.0
31 33 0.0
31 34 0.0
31 35 0.0
31 36 0.0
32 33 0.0
32 34 0.0
32 35 0.15402432581601916
32 36 0.0
33 34 0.0
33 35 0.0
33 36 0.0
34 35 0.1621625454019173
34 36 0.0
35 36 0.0
