0 1 0.5248060547463557
0 2 0.0
0 3 0.0
0 4 0.0
0 5 0.14096589807516222
0 6 0.0
0 7 0.0
0 8 0.0
0 9 0.0
0 10 0.0
0 11 0.0
0 12 0.0
0 13 0.0
0 14 0.0
0 15 0.0
0 16 0.0
0 17 0.0
0 18 0.0
0 19 0.0
0 20 0.0
0 21 0.0
0 22 0.0
0 23 0.0
0 24 0.0
0 25 0.0
0 26 0.0
0 27 0.13415778623253166
0 28 0.0
0 29 0.0
0 30 0.0
0 31 0.0
0 32 0.0
0 33 0.0
0 34 0.0
0 35 0.0
0 36 0.0
0 37 0.0
0 38 0.0
0 39 0.0
0 40 0.0
0 41 0.0
0 42 0.0
0 43 0.0
0 44 0.11012196509410704
0 45 0.0
0 46 0.0
0 47 0.0
0 48 0.0
0 49 0.0
0 50 0.0
0 51 0.0
0 52 0.0
0 53 0.0
0 54 0.0
0 55 0.0
0 56 0.0
0 57 0.0
0 58 0.05912181385314521
0 59 0.0
0 60 0.0
0 61 0.0
0 62 0.0
0 63 0.0
0 64 0.0
0 65 0.0
0 66 0.0
0 67 0.02635056090073833
0 68 0.0
0 69 0.0
0 70 0.0
0 71 0.0
0 72 0.06255439165440979
1 2 0.0
1 3 0.0
1 4 0.0
1 5 0.0
1 6 0.0
1 7 0.0
1 8 0.0
1 9 0.0
1 10 0.0
1 11 0.0
1 12 0.0
1 13 0.0
1 14 0.0
1 15 0.0
1 16 0.0
1 17 0.0
1 18 0.0
1 19 0.0
1 20 0.0
1 21 0.0
1 22 0.0
1 23 0.0
1 24 0.0
1 25 0.0
1 26 0.0
1 27 0.0
1 28 0.0
1 29 0.0
1 30 0.0
1 31 0.0
1 32 0.0
1 33 0.0
1 34 0.0
1 35 0.0
1 36 0.0
1 37 0.0
1 38 0.0
1 39 0.0
1 40 0.0
1 41 0.0
1 42 0.0
1 43 0.0
1 44 0.0
1 45 0.0
1 46 0.0
1 47 0.0
1 48 0.0
1 49 0.0
1 50 0.0
1 51 0.0
1 52 0.0
1 53 0.0
1 54 0.0
1 55 0.0
1 56 0.0
1 57 0.0
1 58 0.0
1 59 0.0
1 60 0.0
1 61 0.0
1 62 0.0
1 63 0.0
1 64 0.0
1 65 0.0
1 66 0.0
1 67 0.025929747512665836
1 68 0.0
1 69 0.0
1 70 0.0
1 71 0.0
1 72 0.0
2 3 0.02872380491794754
2 4 0.0
2 5 0.0
2 6 0.0
2 7 0.0
2 8 0.0312669271279675
2 9 0.0
2 10 0.03849423159718637
2 11 0.037285539069572854
2 12 0.0
2 13 0.0
2 14 0.0
2 15 0.0
2 16 0.05790955527866896
2 17 0.0
2 18 0.0
2 19 0.0
2 20 0.0
2 21 0.0
2 22 0.0
2 23 0.0
2 24 0.0
2 25 0.0
2 26 0.0
2 27 0.0
2 28 0.0
2 29 0.0
2 30 0.0
2 31 0.0
2 32 0.0
2 33 0.0
2 34 0.0
2 35 0.0
2 36 0.0
2 37 0.0
2 38 0.0
2 39 0.0
2 40 0.0
2 41 0.0
2 42 0.0
2 43 0.0
2 44 0.0
2 45 0.0
2 46 0.0
2 47 0.0
2 48 0.0
2 49 0.0
2 50 0.0
2 51 0.0
2 52 0.0
2 53 0.0
2 54 0.0
2 55 0.0
2 56 0.0
2 57 0.0
2 58 0.0
2 59 0.0
2 60 0.03201549821855871
2 61 0.0
2 62 0.0
2 63 0.0
2 64 0.0
2 65 0.0
2 66 0.0
2 67 0.0
2 68 0.0
2 69 0.0
2 70 0.0
2 71 0.0
2 72 0.0
3 4 0.0
3 5 0.0
3 6 0.0
3 7 0.0
3 8 0.37013520192042026
3 9 0.0
3 10 0.034139165474662794
3 11 0.15450115531494585
3 12 0.0
3 13 0.0
3 14 0.0
3 15 0.0
3 16 0.0
3 17 0.0
3 18 0.0
3 19 0.0
3 20 0.0
3 21 0.0
3 22 0.0
3 23 0.0
3 24 0.0
3 25 0.0
3 26 0.0
3 27 0.0
3 28 0.0
3 29 0.0
3 30 0.0
3 31 0.0
3 32 0.0
3 33 0.0
3 34 0.0
3 35 0.09298228396137012
3 36 0.0
3 37 0.0
3 38 0.0
3 39 0.0
3 40 0.0
3 41 0.09439393298109264
3 42 0.0
3 43 0.0
3 44 0.0
3 45 0.0
3 46 0.0
3 47 0.0
3 48 0.0
3 49 0.0
3 50 0.0
3 51 0.0
3 52 0.0
3 53 0.0
3 54 0.0
3 55 0.0
3 56 0.0
3 57 0.0
3 58 0.0
3 59 0.0
3 60 0.11305036959574305
3 61 0.0
3 62 0.0
3 63 0.0
3 64 0.0
3 65 0.0
3 66 0.0
3 67 0.0
3 68 0.0
3 69 0.0
3 70 0.0
3 71 0.0
3 72 0.0
4 5 0.0
4 6 0.0
4 7 0.0
4 8 0.0
4 9 0.0
4 10 0.0
4 11 0.0
4 12 0.0
4 13 0.0
4 14 0.0
4 15 0.0
4 16 0.0
4 17 0.0
4 18 0.0
4 19 0.0
4 20 0.0
4 21 0.0
4 22 0.0
4 23 0.0
4 24 0.0
4 25 0.0
4 26 0.0
4 27 0.0
4 28 0.0
4 29 0.0
4 30 0.0
4 31 0.0
4 32 0.0
4 33 0.0
4 34 0.0
4 35 0.0
4 36 0.0
4 37 0.0
4 38 0.0
4 39 0.0
4 40 0.0
4 41 0.0
4 42 0.0
4 43 0.0
4 44 0.0
4 45 0.0
4 46 0.0
4 47 1.0000000000000002
4 48 0.0
4 49 0.0
4 50 0.0
4 51 0.0
4 52 0.0
4 53 0.0
4 54 0.0
4 55 0.0
4 56 0.0
4 57 0.0
4 58 0.0
4 59 0.0
4 60 0.0
4 61 0.0
4 62 0.0
4 63 0.0
4 64 0.0
4 65 0.0
4 66 0.0
4 67 0.0
4 68 0.0
4 69 0.0
4 70 0.08902572050448411
4 71 0.0
4 72 0.0
5 6 0.0
5 7 0.0
5 8 0.0
5 9 0.0
5 10 0.0
5 11 0.0
5 12 0.0
5 13 0.0
5 14 0.0
5 15 0.0
5 16 0.0
5 17 0.0
5 18 0.0
5 19 0.0
5 20 0.0
5 21 0.0
5 22 0.0
5 23 0.0
5 24 0.0
5 25 0.0
5 26 0.0
5 27 0.5250758239084694
5 28 0.0
5 29 0.0
5 30 0.0
5 31 0.0
5 32 0.0
5 33 0.0
5 34 0.0
5 35 0.0
5 36 0.0
5 37 0.0
5 38 0.0
5 39 0.0
5 40 0.0
5 41 0.0
5 42 0.0
5 43 0.0
5 44 0.13372162808688506
5 45 0.0
5 46 0.0
5 47 0.0
5 48 0.0
5 49 0.0
5 50 0.0
5 51 0.0
5 52 0.0
5 53 0.0
5 54 0.0
5 55 0.0
5 56 0.0
5 57 0.0
5 58 0.0
5 59 0.0
5 60 0.0
5 61 0.0
5 62 0.0
5 63 0.0
5 64 0.0
5 65 0.0
5 66 0.0
5 67 0.0
5 68 0.0
5 69 0.0
5 70 0.0
5 71 0.0
5 72 0.0
6 7 0.0
6 8 0.0
6 9 0.0
6 10 0.0
6 11 0.0
6 12 0.0
6 13 0.0
6 14 0.0
6 15 0.28050352097204495
6 16 0.0
6 17 0.13163955884617332
6 18 0.20197632545160615
6 19 0.20130477052432702
6 20 0.20846575640543824
6 21 0.10736528376681571
6 22 0.28115608749351867
6 23 0.0
6 24 0.09179341096417237
6 25 0.0
6 26 0.0
6 27 0.0
6 28 0.09967692044173966
6 29 0.0
6 30 0.21781575501111197
6 31 0.0
6 32 0.045170222761770365
6 33 0.2568106152784272
6 34 0.0
6 35 0.0
6 36 0.15416717782035852
6 37 0.1043299590998843
6 38 0.0
6 39 0.0
6 40 0.0
6 41 0.0
6 42 0.0
6 43 0.0
6 44 0.0
6 45 0.0615200533672575
6 46 0.0
6 47 0.0
6 48 0.0
6 49 0.0
6 50 0.14412258242272902
6 51 0.0
6 52 0.28751731754439114
6 53 0.12642959142157595
6 54 0.13754655936128948
6 55 0.0
6 56 0.10456566441671881
6 57 0.28050352097204495
6 58 0.0
6 59 0.0
6 60 0.0
6 61 0.15318156519657206
6 62 0.0
6 63 0.0
6 64 0.0
6 65 0.0
6 66 0.0
6 67 0.0
6 68 0.0
6 69 0.0
6 70 0.05576178464427258
6 71 0.25993557366926884
6 72 0.0
7 8 0.0
7 9 0.0
7 10 0.0
7 11 0.0
7 12 0.0
7 13 0.0
7 14 0.0
7 15 0.0
7 16 0.0
7 17 0.0
7 18 0.0
7 19 0.0
7 20 0.0
7 21 0.0
7 22 0.0
7 23 0.0
7 24 0.0
7 25 0.0
7 26 0.0
7 27 0.0
7 28 0.0
7 29 0.0
7 30 0.0
7 31 0.0
7 32 0.0
7 33 0.0
7 34 0.0
7 35 0.0
7 36 0.0
7 37 0.0
7 38 0.0
7 39 0.0
7 40 0.0
7 41 0.0
7 42 0.0
7 43 0.0
7 44 0.0
7 45 0.0
7 46 0.0
7 47 0.0
7 48 0.0
7 49 0.0
7 50 0.0
7 51 0.0
7 52 0.0
7 53 0.0
7 54 0.0
7 55 0.0
7 56 0.0
7 57 0.0
7 58 0.0
7 59 0.0
7 60 0.0
7 61 0.0
7 62 0.0
7 63 0.0
7 64 0.0
7 65 0.0
7 66 0.0
7 67 0.0
7 68 0.0
7 69 0.0
7 70 0.0
7 71 0.0
7 72 0.0
8 9 0.0
8 10 0.037161747970198174
8 11 0.16818023859369613
8 12 0.0
8 13 0.0
8 14 0.0
8 15 0.0
8 16 0.0
8 17 0.0
8 18 0.0
8 19 0.0
8 20 0.0
8 21 0.0
8 22 0.0
8 23 0.0
8 24 0.0
8 25 0.0
8 26 0.0
8 27 0.0
8 28 0.0
8 29 0.0
8 30 0.0
8 31 0.0
8 32 0.0
8 33 0.0
8 34 0.0
8 35 0.10121466515724685
8 36 0.0
8 37 0.0
8 38 0.0
8 39 0.0
8 40 0.0
8 41 0.10275129747862681
8 42 0.0
8 43 0.0
8 44 0.0
8 45 0.0
8 46 0.0
8 47 0.0
8 48 0.0
8 49 0.13366783320071615
8 50 0.0
8 51 0.0
8 52 0.0
8 53 0.0
8 54 0.0
8 55 0.0
8 56 0.0
8 57 0.0
8 58 0.0
8 59 0.0
8 60 0.3317702860647053
8 61 0.0
8 62 0.0
8 63 0.0
8 64 0.0
8 65 0.0
8 66 0.0
8 67 0.0
8 68 0.0
8 69 0.0
8 70 0.0
8 71 0.0
8 72 0.0
9 10 0.0
9 11 0.0
9 12 0.0
9 13 0.0
9 14 0.0
9 15 0.0
9 16 0.0
9 17 0.07912677728550861
9 18 0.0
9 19 0.0
9 20 0.0
9 21 0.06453583536191879
9 22 0.0
9 23 0.0
9 24 0.0
9 25 0.0
9 26 0.0
9 27 0.0
9 28 0.0
9 29 0.0
9 30 0.0
9 31 0.0
9 32 0.0
9 33 0.0
9 34 0.09416781480811638
9 35 0.13930767783481532
9 36 0.09266782759718678
9 37 0.06271134232187336
9 38 0.0
9 39 0.0
9 40 0.08754459216162089
9 41 0.14142263499092303
9 42 0.6397656244502465
9 43 0.0
9 44 0.0
9 45 0.0
9 46 0.0
9 47 0.0
9 48 0.0
9 49 0.0
9 50 0.0
9 51 0.0
9 52 0.0
9 53 0.0759951355838481
9 54 0.0826773962505202
9 55 0.0
9 56 0.0
9 57 0.0
9 58 0.0
9 59 0.0
9 60 0.0
9 61 0.0
9 62 0.0
9 63 0.0
9 64 0.0
9 65 0.0
9 66 0.0
9 67 0.0
9 68 0.0
9 69 0.0
9 70 0.0
9 71 0.0
9 72 0.0
10 11 0.04431506173169997
10 12 0.0
10 13 0.0
10 14 0.0
10 15 0.0
10 16 0.0
10 17 0.0
10 18 0.0
10 19 0.0
10 20 0.0
10 21 0.0
10 22 0.0
10 23 0.0
10 24 0.0
10 25 0.0
10 26 0.0
10 27 0.0
10 28 0.0
10 29 0.0
10 30 0.0
10 31 0.0
10 32 0.0
10 33 0.0
10 34 0.0
10 35 0.3225622841468725
10 36 0.0
10 37 0.0
10 38 0.0
10 39 0.0
10 40 0.0
10 41 0.15163490669173796
10 42 0.0
10 43 0.18457062567108565
10 44 0.0
10 45 0.0
10 46 0.0
10 47 0.0
10 48 0.0
10 49 0.0
10 50 0.0
10 51 0.0
10 52 0.0
10 53 0.0
10 54 0.0
10 55 0.0
10 56 0.0
10 57 0.0
10 58 0.0
10 59 0.0
10 60 0.11380501664032132
10 61 0.0
10 62 0.0
10 63 0.0
10 64 0.0
10 65 0.0
10 66 0.0
10 67 0.0
10 68 0.0
10 69 0.0
10 70 0.0
10 71 0.0
10 72 0.0
11 12 0.0
11 13 0.0
11 14 0.0
11 15 0.0
11 16 0.11918813187493721
11 17 0.0
11 18 0.0
11 19 0.0
11 20 0.0
11 21 0.0
11 22 0.0
11 23 0.0
11 24 0.0
11 25 0.0
11 26 0.0
11 27 0.0
11 28 0.0
11 29 0.0
11 30 0.0
11 31 0.0
11 32 0.0
11 33 0.0
11 34 0.0
11 35 0.12069760922424168
11 36 0.0
11 37 0.0
11 38 0.0
11 39 0.0
11 40 0.0
11 41 0.12253002992295284
11 42 0.0
11 43 0.0
11 44 0.0
11 45 0.0
11 46 0.0
11 47 0.0
11 48 0.0
11 49 0.0
11 50 0.0
11 51 0.0
11 52 0.0
11 53 0.0
11 54 0.0
11 55 0.0
11 56 0.0
11 57 0.0
11 58 0.0
11 59 0.0
11 60 0.03685665932425732
11 61 0.0
11 62 0.0
11 63 0.0
11 64 0.0
11 65 0.0
11 66 0.0
11 67 0.0
11 68 0.0
11 69 0.0
11 70 0.0
11 71 0.0
11 72 0.0
12 13 0.0
12 14 0.0
12 15 0.0
12 16 0.0
12 17 0.0
12 18 0.0
12 19 0.0
12 20 0.0
12 21 0.0
12 22 0.0
12 23 0.0
12 24 0.0
12 25 0.0
12 26 0.0
12 27 0.0
12 28 0.0
12 29 0.0
12 30 0.0
12 31 0.0
12 32 0.0
12 33 0.0
12 34 0.0
12 35 0.0
12 36 0.0
12 37 0.0
12 38 0.0
12 39 0.0
12 40 0.0
12 41 0.0
12 42 0.0
12 43 0.0
12 44 0.0
12 45 0.0
12 46 0.0
12 47 0.0
12 48 0.0
12 49 0.0
12 50 0.0
12 51 0.0
12 52 0.0
12 53 0.0
12 54 0.0
12 55 0.0
12 56 0.0
12 57 0.0
12 58 0.0
12 59 0.0
12 60 0.0
12 61 0.0
12 62 0.0
12 63 0.0
12 64 0.11097205277937017
12 65 0.0
12 66 0.0
12 67 0.0
12 68 0.0
12 69 0.0
12 70 0.0
12 71 0.0
12 72 0.0
13 14 0.0
13 15 0.0
13 16 0.0
13 17 0.0
13 18 0.0
13 19 0.0
13 20 0.0
13 21 0.0
13 22 0.0
13 23 0.0
13 24 0.0
13 25 0.0
13 26 0.0
13 27 0.0
13 28 0.0
13 29 0.0
13 30 0.0
13 31 0.0
13 32 0.0
13 33 0.0
13 34 0.0
13 35 0.0
13 36 0.0
13 37 0.0
13 38 0.0
13 39 0.0
13 40 0.10702620999215363
13 41 0.0
13 42 0.0
13 43 0.0
13 44 0.0
13 45 0.0
13 46 0.0
13 47 0.0
13 48 0.0
13 49 0.0
13 50 0.0
13 51 0.0
13 52 0.0
13 53 0.0
13 54 0.0
13 55 0.0
13 56 0.0
13 57 0.0
13 58 0.0
13 59 0.0
13 60 0.0
13 61 0.0
13 62 0.04176507156639508
13 63 0.0
13 64 0.0
13 65 0.0
13 66 0.0
13 67 0.0
13 68 0.0
13 69 0.0
13 70 0.0
13 71 0.0
13 72 0.0
14 15 0.10746064887864702
14 16 0.0
14 17 0.04568495019361921
14 18 0.029477936985624155
14 19 0.0
14 20 0.059188317902537466
14 21 0.06208241691270953
14 22 0.0
14 23 0.0
14 24 0.0
14 25 0.0
14 26 0.0
14 27 0.0
14 28 0.0
14 29 0.0
14 30 0.061843001815153745
14 31 0.03620540342243685
14 32 0.05818134016219266
14 33 0.2129421941202626
14 34 0.05436910331666747
14 35 0.0
14 36 0.0
14 37 0.06032728448231296
14 38 0.0
14 39 0.041555612303849826
14 40 0.05455699840978988
14 41 0.0
14 42 0.0
14 43 0.0
14 44 0.0
14 45 0.0
14 46 0.0
14 47 0.0
14 48 0.0
14 49 0.09223789664107965
14 50 0.0
14 51 0.0
14 52 0.08842118776522964
14 53 0.043876853111029915
14 54 0.0
14 55 0.0
14 56 0.08090626357931081
14 57 0.10746064887864702
14 58 0.028602514859905847
14 59 0.0
14 60 0.0
14 61 0.0
14 62 0.0
14 63 0.0
14 64 0.0
14 65 0.0
14 66 0.0
14 67 0.0
14 68 0.0
14 69 0.0
14 70 0.0
14 71 0.09570246257954437
14 72 0.0302631600798297
15 16 0.0
15 17 0.0
15 18 0.10418342839482574
15 19 0.15516487524888964
15 20 0.2519916925031212
15 21 0.20633833858915482
15 22 0.16123393216792722
15 23 0.0
15 24 0.26829443735056024
15 25 0.0
15 26 0.0
15 27 0.0
15 28 0.0
15 29 0.0
15 30 0.2632938939494019
15 31 0.0
15 32 0.08975373995831838
15 33 0.76376192267369
15 34 0.3010797078415665
15 35 0.0
15 36 0.0
15 37 0.20050494601680746
15 38 0.0
15 39 0.0
15 40 0.0
15 41 0.0
15 42 0.0
15 43 0.0
15 44 0.0
15 45 0.0
15 46 0.0
15 47 0.0
15 48 0.0
15 49 0.14229125981538263
15 50 0.0
15 51 0.0
15 52 0.317501403482777
15 53 0.0
15 54 0.0
15 55 0.0
15 56 0.08751753152132269
15 57 1.0
15 58 0.0
15 59 0.0
15 60 0.0
15 61 0.0
15 62 0.0
15 63 0.0
15 64 0.0
15 65 0.0
15 66 0.0
15 67 0.0
15 68 0.0
15 69 0.0
15 70 0.09016657778768979
15 71 0.3363986635508888
15 72 0.0
16 17 0.0
16 18 0.0
16 19 0.0
16 20 0.0
16 21 0.0
16 22 0.0
16 23 0.0
16 24 0.0
16 25 0.0
16 26 0.0
16 27 0.0
16 28 0.0
16 29 0.0
16 30 0.0
16 31 0.0
16 32 0.0
16 33 0.0
16 34 0.0
16 35 0.0
16 36 0.0
16 37 0.0
16 38 0.0
16 39 0.0
16 40 0.0
16 41 0.0
16 42 0.0
16 43 0.0
16 44 0.0
16 45 0.0
16 46 0.0
16 47 0.0
16 48 0.0
16 49 0.0
16 50 0.0
16 51 0.0
16 52 0.0
16 53 0.0
16 54 0.0
16 55 0.0
16 56 0.0
16 57 0.0
16 58 0.0
16 59 0.0
16 60 0.0
16 61 0.0
16 62 0.0
16 63 0.0
16 64 0.0
16 65 0.0
16 66 0.0
16 67 0.0
16 68 0.0
16 69 0.0
16 70 0.0
16 71 0.0
16 72 0.0
17 18 0.05771878661609162
17 19 0.11321428293397957
17 20 0.11724163846817134
17 21 0.6710797235339716
17 22 0.2146225375858208
17 23 0.0
17 24 0.0
17 25 0.0
17 26 0.0
17 27 0.0
17 28 0.0
17 29 0.0
17 30 0.1225000999781391
17 31 0.03712071295890837
17 32 0.04854396415375971
17 33 0.06452331080693882
17 34 0.5143112723707726
17 35 0.0
17 36 0.476327125844738
17 37 0.21903375047024326
17 38 0.0
17 39 0.04260618057930385
17 40 0.0
17 41 0.0
17 42 0.06236809057061759
17 43 0.0
17 44 0.0
17 45 0.06611495544638055
17 46 0.11520204079676871
17 47 0.0
17 48 0.0
17 49 0.0
17 50 0.0
17 51 0.0
17 52 0.0
17 53 0.7211136256319095
17 54 0.5468318442708273
17 55 0.0
17 56 0.11237562169950917
17 57 0.0
17 58 0.0
17 59 0.0
17 60 0.0
17 61 0.16462261984266022
17 62 0.0
17 63 0.0
17 64 0.0
17 65 0.0
17 66 0.0
17 67 0.0
17 68 0.0
17 69 0.0
17 70 0.0
17 71 0.15389432150270896
17 72 0.0
18 19 0.046190109155184636
18 20 0.04783322331808168
18 21 0.07172549904792398
18 22 0.1229209981667867
18 23 0.0
18 24 0.0955513101444622
18 25 0.0
18 26 0.0
18 27 0.0
18 28 0.0
18 29 0.0
18 30 0.04997861438393675
18 31 0.0
18 32 0.047019431123318446
18 33 0.09538350982252951
18 34 0.0
18 35 0.0
18 36 0.06759626451055216
18 37 0.0696977469769569
18 38 0.0
18 39 0.0
18 40 0.0
18 41 0.0
18 42 0.0
18 43 0.0
18 44 0.0
18 45 0.06403860187408265
18 46 0.0
18 47 0.0
18 48 0.0
18 49 0.0
18 50 0.0
18 51 0.0
18 52 0.16782530743515478
18 53 0.05543442011795926
18 54 0.06030877480248127
18 55 0.0
18 56 0.06985521018000605
18 57 0.10418342839482574
18 58 0.028404638716266428
18 59 0.0
18 60 0.0
18 61 0.06716411200854527
18 62 0.0
18 63 0.0
18 64 0.0
18 65 0.0
18 66 0.0
18 67 0.0
18 68 0.0
18 69 0.0
18 70 0.05804459734951129
18 71 0.10375688232298341
18 72 0.030053795363465773
19 20 0.17928730037230312
19 21 0.09233762039469663
19 22 0.1799003043281669
19 23 0.0
19 24 0.22262489130776072
19 25 0.0
19 26 0.0
19 27 0.0
19 28 0.0
19 29 0.0
19 30 0.18732860191458517
19 31 0.0
19 32 0.03884785413112628
19 33 0.1420587768174183
19 34 0.10072003054987132
19 35 0.0
19 36 0.21133157871231742
19 37 0.08972714290107311
19 38 0.0
19 39 0.14359986894079224
19 40 0.0
19 41 0.0
19 42 0.0
19 43 0.0
19 44 0.0
19 45 0.052909237839159476
19 46 0.0
19 47 0.0
19 48 0.0
19 49 0.0
19 50 0.0
19 51 0.0
19 52 0.10861550534138786
19 53 0.10873354225651771
19 54 0.11829449463835788
19 55 0.0
19 56 0.08992985710539775
19 57 0.15516487524888964
19 58 0.0
19 59 0.0
19 60 0.0
19 61 0.13174110589887228
19 62 0.05636556112298738
19 63 0.0
19 64 0.0
19 65 0.0
19 66 0.0
19 67 0.0
19 68 0.0
19 69 0.0
19 70 0.0
19 71 0.1768001697124347
19 72 0.0
20 21 0.09562233339091408
20 22 0.18629987218712096
20 23 0.0
20 24 0.19440118969578019
20 25 0.0
20 26 0.0
20 27 0.0
20 28 0.0
20 29 0.0
20 30 0.6753420361909566
20 31 0.0
20 32 0.08966530178435213
20 33 0.14711221341719588
20 34 0.0
20 35 0.0
20 36 0.13730532587695757
20 37 0.09291899375385448
20 38 0.0
20 39 0.0
20 40 0.0
20 41 0.0
20 42 0.0
20 43 0.0
20 44 0.0
20 45 0.05479137060809348
20 46 0.0
20 47 0.0
20 48 0.0
20 49 0.07837269185128576
20 50 0.0
20 51 0.0
20 52 0.11247926921639967
20 53 0.11260150504187076
20 54 0.12250256781870059
20 55 0.0
20 56 0.3126983083159954
20 57 0.2519916925031212
20 58 0.0
20 59 0.0
20 60 0.0
20 61 0.13642751346311724
20 62 0.0
20 63 0.0
20 64 0.0
20 65 0.0
20 66 0.0
20 67 0.0
20 68 0.0
20 69 0.0
20 70 0.0
20 71 0.2326829296359475
20 72 0.0
21 22 0.17504623877980713
21 23 0.0
21 24 0.14543308299753516
21 25 0.0
21 26 0.0
21 27 0.0
21 28 0.0
21 29 0.0
21 30 0.09991113697809638
21 31 0.030275670287811564
21 32 0.03959247913178532
21 33 0.24153508299903909
21 34 0.5826773443242758
21 35 0.0
21 36 0.2192399029444897
21 37 0.307500414340234
21 38 0.0
21 39 0.034749620161387586
21 40 0.0
21 41 0.0
21 42 0.0508674428933144
21 43 0.0
21 44 0.0
21 45 0.05392338758158467
21 46 0.09395883660712304
21 47 0.0
21 48 0.0
21 49 0.0
21 50 0.0
21 51 0.0
21 52 0.0
21 53 0.4493396426016967
21 54 0.29499055939091695
21 55 0.0
21 56 0.11186880655507417
21 57 0.20633833858915482
21 58 0.0239179853680099
21 59 0.0
21 60 0.0
21 61 0.13426628324163242
21 62 0.0
21 63 0.0
21 64 0.0
21 65 0.0
21 66 0.0
21 67 0.0
21 68 0.0
21 69 0.0
21 70 0.0
21 71 0.12551627826060763
21 72 0.025306649555971623
22 23 0.0
22 24 0.0820331407187366
22 25 0.0
22 26 0.0
22 27 0.0
22 28 0.0
22 29 0.0
22 30 0.1946556979842318
22 31 0.0
22 32 0.04036733357211504
22 33 0.14761520704024306
22 34 0.11541476127801442
22 35 0.0
22 36 0.1377747886205482
22 37 0.09323669450916573
22 38 0.0
22 39 0.0
22 40 0.0
22 41 0.0
22 42 0.0
22 43 0.0
22 44 0.0
22 45 0.05497870862288991
22 46 0.0
22 47 0.0
22 48 0.0
22 49 0.0
22 50 0.0
22 51 0.0
22 52 0.19433511545811794
22 53 0.20612830956494765
22 54 0.22425319459490756
22 55 0.0
22 56 0.2206740724005792
22 57 0.16123393216792722
22 58 0.0
22 59 0.0
22 60 0.0
22 61 0.13689397486483326
22 62 0.0
22 63 0.0
22 64 0.0
22 65 0.0
22 66 0.0
22 67 0.0
22 68 0.0
22 69 0.0
22 70 0.0
22 71 0.18371546089260107
22 72 0.0
23 24 0.0
23 25 0.0
23 26 0.0
23 27 0.0
23 28 0.0
23 29 0.0
23 30 0.0
23 31 0.5634650132348787
23 32 0.20015624931726886
23 33 0.0
23 34 0.0
23 35 0.0
23 36 0.0
23 37 0.0
23 38 0.0
23 39 0.0
23 40 0.0
23 41 0.0
23 42 0.0
23 43 0.0
23 44 0.0
23 45 0.0
23 46 0.038647962070929985
23 47 0.0
23 48 0.0
23 49 0.07826552457807515
23 50 0.0
23 51 0.0
23 52 0.0
23 53 0.0
23 54 0.0
23 55 0.0
23 56 0.0
23 57 0.0
23 58 0.0
23 59 0.0
23 60 0.0
23 61 0.0
23 62 0.0
23 63 0.0
23 64 0.0
23 65 0.0
23 66 0.0
23 67 0.0
23 68 0.0
23 69 0.0
23 70 0.0
23 71 0.0
23 72 0.0
24 25 0.0
24 26 0.0
24 27 0.0
24 28 0.0
24 29 0.0
24 30 0.20312037160814078
24 31 0.0
24 32 0.0
24 33 0.24563277955660137
24 34 0.21220947323115466
24 35 0.0
24 36 0.0
24 37 0.14132154331987687
24 38 0.0
24 39 0.0
24 40 0.0
24 41 0.0
24 42 0.0
24 43 0.0
24 44 0.0
24 45 0.0
24 46 0.0
24 47 0.0
24 48 0.0
24 49 0.0
24 50 0.0
24 51 0.0
24 52 0.10390078780686894
24 53 0.0
24 54 0.0
24 55 0.0
24 56 0.0
24 57 0.26829443735056024
24 58 0.0
24 59 0.0
24 60 0.0
24 61 0.0
24 62 0.0
24 63 0.0
24 64 0.0
24 65 0.0
24 66 0.0
24 67 0.0
24 68 0.0
24 69 0.0
24 70 0.0
24 71 0.0
24 72 0.0
25 26 0.45125806124862405
25 27 0.0
25 28 0.0
25 29 0.0
25 30 0.0
25 31 0.0
25 32 0.0
25 33 0.0
25 34 0.0
25 35 0.0
25 36 0.0
25 37 0.0
25 38 0.0
25 39 0.0
25 40 0.043075927026068245
25 41 0.0
25 42 0.0
25 43 0.0
25 44 0.0
25 45 0.07354291353728971
25 46 0.0
25 47 0.0
25 48 0.0
25 49 0.0
25 50 0.0
25 51 0.0
25 52 0.0
25 53 0.0
25 54 0.0
25 55 0.08068379197912172
25 56 0.0
25 57 0.0
25 58 0.0
25 59 0.0
25 60 0.0
25 61 0.0
25 62 0.0
25 63 0.0
25 64 0.0
25 65 0.0
25 66 0.0
25 67 0.04530595895639457
25 68 0.0
25 69 0.0
25 70 0.0
25 71 0.0
25 72 0.0
26 27 0.0
26 28 0.0
26 29 0.0
26 30 0.0
26 31 0.0
26 32 0.0
26 33 0.0
26 34 0.0
26 35 0.0
26 36 0.0
26 37 0.0
26 38 0.0
26 39 0.0
26 40 0.0
26 41 0.0
26 42 0.0
26 43 0.0
26 44 0.0
26 45 0.0
26 46 0.0
26 47 0.0
26 48 0.0
26 49 0.0
26 50 0.0
26 51 0.0
26 52 0.0
26 53 0.0
26 54 0.0
26 55 0.0
26 56 0.0
26 57 0.0
26 58 0.0
26 59 0.0
26 60 0.0
26 61 0.0
26 62 0.0
26 63 0.0
26 64 0.0
26 65 0.04819382583428261
26 66 0.0
26 67 0.0
26 68 0.0
26 69 0.0
26 70 0.0
26 71 0.0
26 72 0.0
27 28 0.0
27 29 0.0
27 30 0.0
27 31 0.0
27 32 0.0
27 33 0.0
27 34 0.0
27 35 0.0
27 36 0.0
27 37 0.0
27 38 0.08369601351681456
27 39 0.0
27 40 0.0
27 41 0.0
27 42 0.0
27 43 0.0
27 44 0.12726338668080583
27 45 0.0
27 46 0.0
27 47 0.0
27 48 0.0
27 49 0.0
27 50 0.37372672653923106
27 51 0.0
27 52 0.0
27 53 0.0
27 54 0.0
27 55 0.0
27 56 0.0
27 57 0.0
27 58 0.0
27 59 0.0
27 60 0.0
27 61 0.0
27 62 0.0
27 63 0.0
27 64 0.0
27 65 0.0
27 66 0.0
27 67 0.0
27 68 0.0
27 69 0.0
27 70 0.0
27 71 0.0
27 72 0.0
28 29 0.5682088334147739
28 30 0.0
28 31 0.0
28 32 0.0
28 33 0.0
28 34 0.0
28 35 0.0
28 36 0.0
28 37 0.0
28 38 0.0
28 39 0.0
28 40 0.0
28 41 0.0
28 42 0.0
28 43 0.0
28 44 0.0
28 45 0.0
28 46 0.0
28 47 0.0
28 48 0.0
28 49 0.0
28 50 0.0
28 51 0.0
28 52 0.0
28 53 0.0
28 54 0.0
28 55 0.41273466991476015
28 56 0.0
28 57 0.0
28 58 0.0
28 59 0.0
28 60 0.0
28 61 0.0
28 62 0.0
28 63 0.0
28 64 0.0
28 65 0.0
28 66 0.0
28 67 0.0
28 68 0.0
28 69 0.0
28 70 0.0
28 71 0.0
28 72 0.0
29 30 0.0
29 31 0.0
29 32 0.0
29 33 0.0
29 34 0.0
29 35 0.0
29 36 0.0
29 37 0.0
29 38 0.07694135161850768
29 39 0.0
29 40 0.0
29 41 0.0
29 42 0.0
29 43 0.0
29 44 0.0
29 45 0.0
29 46 0.0
29 47 0.0
29 48 0.0
29 49 0.0
29 50 0.0
29 51 0.0
29 52 0.0
29 53 0.0
29 54 0.0
29 55 0.7972174203009386
29 56 0.0
29 57 0.0
29 58 0.0
29 59 0.0
29 60 0.0
29 61 0.0
29 62 0.0
29 63 0.0
29 64 0.0
29 65 0.0
29 66 0.0
29 67 0.0
29 68 0.0
29 69 0.0
29 70 0.0
29 71 0.0
29 72 0.0
30 31 0.0
30 32 0.09368692366181045
30 33 0.15371041455126222
30 34 0.0
30 35 0.0
30 36 0.14346367354823797
30 37 0.09708654854568065
30 38 0.0
30 39 0.0
30 40 0.0
30 41 0.0
30 42 0.0
30 43 0.0
30 44 0.0
30 45 0.05724884490805607
30 46 0.0
30 47 0.0
30 48 0.0
30 49 0.0818878234113452
30 50 0.0
30 51 0.0
30 52 0.11752413139652272
30 53 0.11765184968020385
30 54 0.1279969898189674
30 55 0.0
30 56 0.2425887649567208
30 57 0.2632938939494019
30 58 0.0
30 59 0.0
30 60 0.0
30 61 0.14254648994467814
30 62 0.0
30 63 0.0
30 64 0.0
30 65 0.0
30 66 0.0
30 67 0.0
30 68 0.0
30 69 0.0
30 70 0.0
30 71 0.2431191044071601
30 72 0.0
31 32 0.17999124440138878
31 33 0.051134837359257536
31 34 0.04417690879595464
31 35 0.0
31 36 0.0
31 37 0.029419746607378092
31 38 0.0
31 39 0.03376547308523367
31 40 0.0
31 41 0.0
31 42 0.0
31 43 0.0
31 44 0.0
31 45 0.0
31 46 0.0
31 47 0.0
31 48 0.0
31 49 0.0
31 50 0.0
31 51 0.0
31 52 0.0
31 53 0.03565156715662157
31 54 0.0
31 55 0.0
31 56 0.0
31 57 0.0
31 58 0.0
31 59 0.0
31 60 0.0
31 61 0.0
31 62 0.0
31 63 0.0
31 64 0.0
31 65 0.0
31 66 0.06342112752388265
31 67 0.0
31 68 0.0
31 69 0.0
31 70 0.0
31 71 0.030336251311885533
31 72 0.0
32 33 0.0
32 34 0.0
32 35 0.0
32 36 0.05685134483429132
32 37 0.03847315988521505
32 38 0.0
32 39 0.0
32 40 0.0
32 41 0.0
32 42 0.0
32 43 0.0
32 44 0.0
32 45 0.05385919864375104
32 46 0.0
32 47 0.0
32 48 0.0
32 49 0.07703932812442499
32 50 0.0
32 51 0.0
32 52 0.0
32 53 0.04662271438569076
32 54 0.050722254811791455
32 55 0.0
32 56 0.0859438179518973
32 57 0.08975373995831838
32 58 0.0
32 59 0.0
32 60 0.0
32 61 0.056487886127061133
32 62 0.0
32 63 0.0
32 64 0.0
32 65 0.0
32 66 0.0
32 67 0.0
32 68 0.0
32 69 0.0
32 70 0.0
32 71 0.0884214360965364
32 72 0.0
33 34 0.3524372286802035
33 35 0.0
33 36 0.0
33 37 0.23470664302631386
33 38 0.0
33 39 0.058691224945856435
33 40 0.0
33 41 0.0
33 42 0.0
33 43 0.0
33 44 0.0
33 45 0.0
33 46 0.0
33 47 0.0
33 48 0.0
33 49 0.0
33 50 0.0
33 51 0.0
33 52 0.29068344845590083
33 53 0.06196963810871788
33 54 0.0
33 55 0.0
33 56 0.0
33 57 0.76376192267369
33 58 0.0
33 59 0.0
33 60 0.0
33 61 0.0
33 62 0.0
33 63 0.0
33 64 0.0
33 65 0.0
33 66 0.0
33 67 0.0
33 68 0.0
33 69 0.0
33 70 0.08255060128644334
33 71 0.27827989467270914
33 72 0.0
34 35 0.0
34 36 0.12272914506813187
34 37 0.2858248751381005
34 38 0.0
34 39 0.050705097062102106
34 40 0.0
34 41 0.0
34 42 0.07422350567366463
34 43 0.0
34 44 0.0
34 45 0.0
34 46 0.1371005469377806
34 47 0.0
34 48 0.0
34 49 0.0
34 50 0.0
34 51 0.0
34 52 0.0
34 53 0.49395610711010723
34 54 0.25451848079011063
34 55 0.0
34 56 0.0
34 57 0.3010797078415665
34 58 0.0
34 59 0.0
34 60 0.0
34 61 0.0
34 62 0.0
34 63 0.0
34 64 0.0
34 65 0.0
34 66 0.0
34 67 0.0
34 68 0.0
34 69 0.0
34 70 0.0
34 71 0.0455554869137067
34 72 0.0
35 36 0.0
35 37 0.0
35 38 0.0
35 39 0.0
35 40 0.0
35 41 0.22049703707195276
35 42 0.10980295377169842
35 43 0.13688866650488093
35 44 0.0
35 45 0.0
35 46 0.0
35 47 0.0
35 48 0.0
35 49 0.0
35 50 0.0
35 51 0.0
35 52 0.0
35 53 0.0
35 54 0.0
35 55 0.0
35 56 0.0
35 57 0.0
35 58 0.0
35 59 0.0
35 60 0.0
35 61 0.0
35 62 0.0
35 63 0.0
35 64 0.0
35 65 0.0
35 66 0.0
35 67 0.0
35 68 0.0
35 69 0.0
35 70 0.0
35 71 0.0
35 72 0.0
36 37 0.21304177015858503
36 38 0.0
36 39 0.0
36 40 0.0
36 41 0.0
36 42 0.07304120884021129
36 43 0.0
36 44 0.0
36 45 0.07742927872310724
36 46 0.0
36 47 0.0
36 48 0.0
36 49 0.0
36 50 0.0
36 51 0.0
36 52 0.0
36 53 0.4574752789466252
36 54 0.49770113075929845
36 55 0.0
36 56 0.131606582436714
36 57 0.0
36 58 0.0
36 59 0.0
36 60 0.0
36 61 0.19279466544090781
36 62 0.08248738633966797
36 63 0.0
36 64 0.0
36 65 0.0
36 66 0.0
36 67 0.0
36 68 0.0
36 69 0.0
36 70 0.0
36 71 0.13540058256807475
36 72 0.0
37 38 0.0
37 39 0.27247261655237454
37 40 0.0
37 41 0.0
37 42 0.04942936906962723
37 43 0.0
37 44 0.0
37 45 0.05239891912484991
37 46 0.0
37 47 0.0
37 48 0.0
37 49 0.0
37 50 0.0
37 51 0.0
37 52 0.0
37 53 0.21036493757813346
37 54 0.19007393726631727
37 55 0.0
37 56 0.1087061627647939
37 57 0.20050494601680746
37 58 0.02324179984114536
37 59 0.0
37 60 0.0
37 61 0.13047044023575297
37 62 0.0
37 63 0.0
37 64 0.0
37 65 0.0
37 66 0.0
37 67 0.0
37 68 0.0
37 69 0.0
37 70 0.0
37 71 0.12196780670500405
37 72 0.024591205094413076
38 39 0.0
38 40 0.0
38 41 0.0
38 42 0.0
38 43 0.0
38 44 0.0
38 45 0.0
38 46 0.0
38 47 0.0
38 48 0.0
38 49 0.0
38 50 0.1284922993860367
38 51 0.0
38 52 0.0
38 53 0.0
38 54 0.0
38 55 0.07546097108706303
38 56 0.0
38 57 0.0
38 58 0.0
38 59 0.0
38 60 0.0
38 61 0.0
38 62 0.0
38 63 0.0
38 64 0.0
38 65 0.0
38 66 0.0
38 67 0.0
38 68 0.0
38 69 0.0
38 70 0.0
38 71 0.0
38 72 0.0
39 40 0.0
39 41 0.0
39 42 0.0
39 43 0.0
39 44 0.0
39 45 0.0
39 46 0.0
39 47 0.0
39 48 0.0
39 49 0.0
39 50 0.0
39 51 0.0
39 52 0.0
39 53 0.040919933566245445
39 54 0.0
39 55 0.0
39 56 0.0
39 57 0.0
39 58 0.0
39 59 0.0
39 60 0.0
39 61 0.0
39 62 0.0
39 63 0.0
39 64 0.0
39 65 0.0
39 66 0.0
39 67 0.0
39 68 0.0
39 69 0.0
39 70 0.0
39 71 0.0348191534716511
39 72 0.0
40 41 0.0
40 42 0.0
40 43 0.0
40 44 0.0
40 45 0.048902135219719846
40 46 0.0
40 47 0.0
40 48 0.0
40 49 0.0
40 50 0.0
40 51 0.0
40 52 0.05891389178318976
40 53 0.0
40 54 0.0
40 55 0.0
40 56 0.0
40 57 0.0
40 58 0.0
40 59 0.0
40 60 0.0
40 61 0.0
40 62 0.0
40 63 0.0
40 64 0.0
40 65 0.0
40 66 0.0
40 67 0.0301260587129349
40 68 0.11498663640955922
40 69 0.0
40 70 0.0
40 71 0.0
40 72 0.0
41 42 0.11146997275048423
41 43 0.0
41 44 0.0
41 45 0.0
41 46 0.0
41 47 0.0
41 48 0.0
41 49 0.0
41 50 0.0
41 51 0.0
41 52 0.0
41 53 0.0
41 54 0.0
41 55 0.0
41 56 0.0
41 57 0.0
41 58 0.0
41 59 0.0
41 60 0.0
41 61 0.0
41 62 0.0
41 63 0.0
41 64 0.0
41 65 0.0
41 66 0.0
41 67 0.0
41 68 0.0
41 69 0.0
41 70 0.0
41 71 0.0
41 72 0.0
42 43 0.0
42 44 0.0
42 45 0.0
42 46 0.0
42 47 0.0
42 48 0.0
42 49 0.0
42 50 0.0
42 51 0.0
42 52 0.0
42 53 0.059899716146885607
42 54 0.06516670480448897
42 55 0.0
42 56 0.0
42 57 0.0
42 58 0.0
42 59 0.0
42 60 0.0
42 61 0.0
42 62 0.0
42 63 0.0
42 64 0.0
42 65 0.0
42 66 0.0
42 67 0.0
42 68 0.0
42 69 0.0
42 70 0.0
42 71 0.0
42 72 0.0
43 44 0.0
43 45 0.0
43 46 0.0
43 47 0.0
43 48 0.0
43 49 0.11803002353420403
43 50 0.0
43 51 0.0
43 52 0.0
43 53 0.0
43 54 0.0
43 55 0.0
43 56 0.0
43 57 0.0
43 58 0.0
43 59 0.0
43 60 0.0
43 61 0.0
43 62 0.0
43 63 0.0
43 64 0.0
43 65 0.0
43 66 0.0
43 67 0.0
43 68 0.0
43 69 0.0
43 70 0.0
43 71 0.0
43 72 0.0
44 45 0.0
44 46 0.0
44 47 0.0
44 48 0.0
44 49 0.0
44 50 0.0
44 51 0.0
44 52 0.0
44 53 0.0
44 54 0.0
44 55 0.0
44 56 0.0
44 57 0.0
44 58 0.0
44 59 0.0
44 60 0.0
44 61 0.0
44 62 0.0
44 63 0.0
44 64 0.0
44 65 0.0
44 66 0.0
44 67 0.0
44 68 0.0
44 69 0.0
44 70 0.0
44 71 0.0
44 72 0.0
45 46 0.0
45 47 0.0
45 48 0.0
45 49 0.19567881651055047
45 50 0.0
45 51 0.0
45 52 0.0
45 53 0.06349828939877657
45 54 0.06908170099993423
45 55 0.0
45 56 0.052517300306445934
45 57 0.0
45 58 0.0
45 59 0.0
45 60 0.0
45 61 0.0769342623672322
45 62 0.0
45 63 0.0
45 64 0.0
45 65 0.0
45 66 0.0
45 67 0.05143378875639511
45 68 0.0
45 69 0.0
45 70 0.0
45 71 0.05403128722542989
45 72 0.0
46 47 0.0
46 48 0.0
46 49 0.056636242980622926
46 50 0.0
46 51 0.0
46 52 0.0
46 53 0.11064262959044845
46 54 0.0
46 55 0.0
46 56 0.0
46 57 0.0
46 58 0.0
46 59 0.0
46 60 0.0
46 61 0.0
46 62 0.0
46 63 0.0
46 64 0.0
46 65 0.0
46 66 0.0
46 67 0.0
46 68 0.0
46 69 0.0
46 70 0.0
46 71 0.0
46 72 0.0
47 48 0.0
47 49 0.0
47 50 0.0
47 51 0.0
47 52 0.0
47 53 0.0
47 54 0.0
47 55 0.0
47 56 0.0
47 57 0.0
47 58 0.0
47 59 0.0
47 60 0.0
47 61 0.0
47 62 0.0
47 63 0.0
47 64 0.0
47 65 0.0
47 66 0.0
47 67 0.0
47 68 0.0
47 69 0.0
47 70 0.08902572050448411
47 71 0.0
47 72 0.0
48 49 0.0
48 50 0.0
48 51 0.0
48 52 0.0
48 53 0.0
48 54 0.0
48 55 0.0
48 56 0.0
48 57 0.0
48 58 0.0
48 59 0.0
48 60 0.0
48 61 0.0
48 62 0.0
48 63 0.0
48 64 0.0
48 65 0.0
48 66 0.0
48 67 0.0
48 68 0.0
48 69 0.0
48 70 0.0
48 71 0.0
48 72 0.0
49 50 0.0
49 51 0.0
49 52 0.0
49 53 0.0
49 54 0.0
49 55 0.0
49 56 0.07511989840915828
49 57 0.14229125981538263
49 58 0.0
49 59 0.08437252035461201
49 60 0.0
49 61 0.0
49 62 0.0
49 63 0.0
49 64 0.0
49 65 0.0
49 66 0.0
49 67 0.0
49 68 0.0
49 69 0.0
49 70 0.0
49 71 0.07728548085310027
49 72 0.0
50 51 0.0
50 52 0.0
50 53 0.0
50 54 0.0
50 55 0.0
50 56 0.0
50 57 0.0
50 58 0.0
50 59 0.0
50 60 0.0
50 61 0.0
50 62 0.0
50 63 0.0
50 64 0.0
50 65 0.0
50 66 0.0
50 67 0.0
50 68 0.0
50 69 0.0
50 70 0.0
50 71 0.0
50 72 0.0
51 52 0.0
51 53 0.0
51 54 0.0
51 55 0.0
51 56 0.0
51 57 0.0
51 58 0.0
51 59 0.0
51 60 0.0
51 61 0.0
51 62 0.0
51 63 0.0
51 64 0.0
51 65 0.0
51 66 0.0
51 67 0.0
51 68 0.0
51 69 0.0
51 70 0.0
51 71 0.0
51 72 0.0
52 53 0.0
52 54 0.0
52 55 0.0
52 56 0.0
52 57 0.317501403482777
52 58 0.0
52 59 0.0
52 60 0.0
52 61 0.0
52 62 0.0
52 63 0.0
52 64 0.0
52 65 0.0
52 66 0.0
52 67 0.0
52 68 0.0
52 69 0.0
52 70 0.06311665830043302
52 71 0.17245084955701462
52 72 0.0
53 54 0.5251895953879314
53 55 0.0
53 56 0.10792807315479346
53 57 0.0
53 58 0.0
53 59 0.0
53 60 0.0
53 61 0.158107264623836
53 62 0.0
53 63 0.0
53 64 0.0
53 65 0.0
53 66 0.0
53 67 0.0
53 68 0.0
53 69 0.0
53 70 0.0
53 71 0.14780356573835285
53 72 0.0
54 55 0.0
54 56 0.11741820054954304
54 57 0.0
54 58 0.0
54 59 0.0
54 60 0.0
54 61 0.17200965386749079
54 62 0.0
54 63 0.0
54 64 0.0
54 65 0.0
54 66 0.0
54 67 0.0
54 68 0.0
54 69 0.0
54 70 0.0
54 71 0.12080317309469163
54 72 0.0
55 56 0.0
55 57 0.0
55 58 0.0
55 59 0.0
55 60 0.0
55 61 0.0
55 62 0.0
55 63 0.0
55 64 0.0
55 65 0.0
55 66 0.0
55 67 0.0
55 68 0.0
55 69 0.0
55 70 0.0
55 71 0.0
55 72 0.0
56 57 0.08751753152132269
56 58 0.0232943083999776
56 59 0.0
56 60 0.0
56 61 0.13076520289758692
56 62 0.0
56 63 0.0
56 64 0.0
56 65 0.0
56 66 0.0
56 67 0.0
56 68 0.0
56 69 0.0
56 70 0.0
56 71 0.1393721418307835
56 72 0.024646762269342783
57 58 0.0
57 59 0.0
57 60 0.0
57 61 0.0
57 62 0.0
57 63 0.0
57 64 0.0
57 65 0.0
57 66 0.0
57 67 0.0
57 68 0.0
57 69 0.0
57 70 0.09016657778768979
57 71 0.3363986635508888
57 72 0.0
58 59 0.0
58 60 0.0
58 61 0.0
58 62 0.0
58 63 0.0
58 64 0.0
58 65 0.0
58 66 0.0
58 67 0.0
58 68 0.0
58 69 0.0
58 70 0.0
58 71 0.0
58 72 0.21129737280837121
59 60 0.0
59 61 0.11690764576676536
59 62 0.0
59 63 0.0
59 64 0.0
59 65 0.0
59 66 0.0
59 67 0.0
59 68 0.0
59 69 0.0
59 70 0.0
59 71 0.08210477871512424
59 72 0.0
60 61 0.0
60 62 0.0
60 63 0.0
60 64 0.0
60 65 0.0
60 66 0.0
60 67 0.0
60 68 0.0
60 69 0.0
60 70 0.0
60 71 0.0
60 72 0.0
61 62 0.0
61 63 0.0
61 64 0.0
61 65 0.0
61 66 0.0
61 67 0.06512453050710174
61 68 0.0
61 69 0.0
61 70 0.0
61 71 0.2364491647240786
61 72 0.0
62 63 0.0
62 64 0.0
62 65 0.0
62 66 0.0
62 67 0.2139071611514287
62 68 0.0
62 69 0.0
62 70 0.0
62 71 0.0
62 72 0.0
63 64 0.0
63 65 0.0
63 66 0.0
63 67 0.0
63 68 0.0
63 69 0.04586132610155139
63 70 0.0
63 71 0.0
63 72 0.0
64 65 0.0
64 66 0.0
64 67 0.0
64 68 0.0
64 69 0.0
64 70 0.0
64 71 0.0
64 72 0.0
65 66 0.0
65 67 0.0
65 68 0.0
65 69 0.0
65 70 0.0
65 71 0.0
65 72 0.0
66 67 0.0
66 68 0.0
66 69 0.0
66 70 0.0
66 71 0.0
66 72 0.0
67 68 0.0
67 69 0.10630364704756448
67 70 0.0
67 71 0.0
67 72 0.0
68 69 0.0
68 70 0.0
68 71 0.0
68 72 0.0
69 70 0.0
69 71 0.0
69 72 0.0
70 71 0.0489739660063557
70 72 0.0
71 72 0.0
