0:0 1 
1:2. 3 8 9 10 22 29 61 66 77 122 121 137 136 139 141 148 
2:70. 
3:5. 
4:143 142 145. 146 147 
5:4 7 11 20 42 43 40. 41 46 44 45 51 50 53 58 69 71 72 102 103 117 114 125 124 
6:131. 
7:78. 
8:79. 
9:12. 
10:132. 
11:6. 13 21 95 118 126 120 
12:73. 
13:74. 
14:14 31 30 35 32 130. 
15:135. 134 
17:19. 
16:87. 
19:80. 
18:86 138. 140 133 
21:23. 
20:83. 
23:25 89. 88 107 
22:144. 
25:27. 60 
24:24. 
27:49 93 92. 94 91 
26:28. 
29:100. 99 
28:38. 76 
31:26 36 37 81 82 90 101 108 129. 
30:39. 
34:109. 
35:106. 
32:97. 
33:110. 111 
38:119. 
39:116. 
36:47. 
37:105. 
42:113. 
43:15 34 33 59 63 62 68 64 65. 67 75 85 84 96 104 115 112 127 123 128 
40:48. 98 
41:17 16 18 55. 54 52 57 56 
