0 1 0.0
0 2 0.0
0 3 0.0
0 4 0.0
0 5 0.05742855523646498
0 6 0.067968667150159
0 7 0.0
0 8 0.0
0 9 0.0
0 10 0.0
0 11 0.0
0 12 0.0
0 13 0.05820054151089585
0 14 0.0
0 15 0.0
0 16 0.05649977687161811
0 17 0.0
0 18 0.17995898702311142
0 19 0.0
0 20 0.0
0 21 0.0
0 22 0.0
0 23 0.0
0 24 0.06024507411120347
0 25 0.0
0 26 0.0
0 27 0.0
0 28 0.0
0 29 0.0
0 30 0.0
0 31 0.0
0 32 0.0
0 33 0.0
0 34 0.0
0 35 0.0
0 36 0.0
0 37 0.0
0 38 0.0
0 39 0.0
0 40 0.0
0 41 0.0
0 42 0.0
0 43 0.0
0 44 0.0
0 45 0.0
0 46 0.0
0 47 0.0
0 48 0.0
0 49 0.0
0 50 0.0
0 51 0.0
0 52 0.0
0 53 0.0
0 54 0.0
0 55 0.0
0 56 0.0
0 57 0.0
0 58 0.0
0 59 0.0
0 60 0.0
0 61 0.0
0 62 0.1269520731761962
0 63 0.16049821011402504
0 64 0.0
0 65 0.0
0 66 0.0
0 67 0.0
0 68 0.0
0 69 0.0
0 70 0.0
0 71 0.08424529906134229
0 72 0.0
0 73 0.0
0 74 0.0
0 75 0.0
0 76 0.0
0 77 0.0
0 78 0.0
0 79 0.0
0 80 0.0
0 81 0.0
0 82 0.0
0 83 0.0
0 84 0.0
0 85 0.0
0 86 0.0
0 87 0.0
0 88 0.0
0 89 0.0
0 90 0.0
0 91 0.0
0 92 0.0
0 93 0.0
0 94 0.0
0 95 0.0
0 96 0.0
0 97 0.0
0 98 0.0
0 99 0.0
0 100 0.0
1 2 0.03782502167593389
1 3 0.0
1 4 0.0
1 5 0.0
1 6 0.0
1 7 0.0
1 8 0.21340180782761806
1 9 0.23301562956596328
1 10 0.0
1 11 0.0
1 12 0.0
1 13 0.0
1 14 0.0
1 15 0.04581421991958791
1 16 0.0
1 17 0.0
1 18 0.0
1 19 0.0
1 20 0.0
1 21 0.0
1 22 0.0
1 23 0.0
1 24 0.0
1 25 0.2581339244485914
1 26 0.0
1 27 0.7769477839931079
1 28 0.0
1 29 0.04952981190856793
1 30 0.0634568263553215
1 31 0.0
1 32 0.0
1 33 0.0
1 34 0.08742376113619595
1 35 0.0
1 36 0.0
1 37 0.0
1 38 0.0
1 39 0.03397267630186381
1 40 0.1958571159449263
1 41 0.37409589194449383
1 42 0.22993030663963795
1 43 0.032069337976350955
1 44 0.0
1 45 0.0
1 46 0.0
1 47 0.0
1 48 0.03264953255231845
1 49 0.0
1 50 0.5193257081827172
1 51 0.029130276933536016
1 52 0.0
1 53 0.31064750043872924
1 54 0.0
1 55 0.0
1 56 0.5179256950481913
1 57 0.0
1 58 0.0
1 59 0.0
1 60 0.0
1 61 0.0
1 62 0.0
1 63 0.0
1 64 0.0
1 65 0.0
1 66 0.02458362219747756
1 67 0.022489628349053947
1 68 0.0
1 69 0.02718239445520607
1 70 0.07006338047043438
1 71 0.0
1 72 0.0
1 73 0.1958571159449263
1 74 0.03674830562102902
1 75 0.0
1 76 0.0
1 77 0.0
1 78 0.0
1 79 0.0
1 80 0.03701430322220214
1 81 0.5038574946366571
1 82 0.31064750043872924
1 83 0.0
1 84 0.0
1 85 0.0
1 86 0.0
1 87 0.20146800762518163
1 88 0.2255249335220593
1 89 0.0
1 90 0.0
1 91 0.0
1 92 0.0
1 93 0.0
1 94 0.0
1 95 0.0
1 96 0.0
1 97 0.2777954586262054
1 98 0.0
1 99 0.029304254805365557
1 100 0.7206719883452866
2 3 0.0
2 4 0.0
2 5 0.0
2 6 0.0
2 7 0.0
2 8 0.0
2 9 0.0
2 10 0.031028201882269145
2 11 0.0
2 12 0.0
2 13 0.03463799976744001
2 14 0.0
2 15 0.04772275703812699
2 16 0.03362579122692766
2 17 0.0
2 18 0.0
2 19 0.0
2 20 0.0
2 21 0.0
2 22 0.027298971374383228
2 23 0.0
2 24 0.0
2 25 0.0
2 26 0.13650956168413328
2 27 0.0
2 28 0.0
2 29 0.0515931338349846
2 30 0.0661003223863876
2 31 0.0
2 32 0.0
2 33 0.0
2 34 0.0
2 35 0.0
2 36 0.0
2 37 0.03168105819474648
2 38 0.032985436926830286
2 39 0.360536425593477
2 40 0.04094061356374471
2 41 0.0
2 42 0.0
2 43 0.03340528829924781
2 44 0.0
2 45 0.14102021186943134
2 46 0.0
2 47 0.0
2 48 0.03400965272654428
2 49 0.0
2 50 0.0
2 51 0.03034379131615691
2 52 0.0
2 53 0.04672818890797967
2 54 0.0
2 55 0.0
2 56 0.039531986331002585
2 57 0.0
2 58 0.0
2 59 0.0
2 60 0.0
2 61 0.0
2 62 0.0
2 63 0.0
2 64 0.0
2 65 0.0
2 66 0.025607731208923748
2 67 0.023426505383338386
2 68 0.8392631965380368
2 69 0.028314763594734983
2 70 0.10336490122089763
2 71 0.05013851372411005
2 72 0.0
2 73 0.04094061356374471
2 74 0.03827917323034886
2 75 0.0
2 76 0.0
2 77 0.0260762973357226
2 78 0.022468995202448237
2 79 0.0
2 80 0.0385562518080435
2 81 0.0
2 82 0.04672818890797967
2 83 0.0
2 84 0.08723312230437161
2 85 0.0
2 86 0.0
2 87 0.0
2 88 0.0
2 89 0.0
2 90 0.0
2 91 0.0
2 92 0.0
2 93 0.0
2 94 0.0
2 95 0.0
2 96 0.0
2 97 0.038664869730148196
2 98 0.16665679606078712
2 99 0.030525016789861456
2 100 0.0
3 4 0.0
3 5 0.0
3 6 0.0
3 7 0.0
3 8 0.0
3 9 0.0
3 10 0.0
3 11 0.0
3 12 0.0
3 13 0.0
3 14 0.0
3 15 0.0
3 16 0.0
3 17 0.0
3 18 0.07982623636763059
3 19 0.0
3 20 0.0
3 21 0.0
3 22 0.0
3 23 0.0
3 24 0.0
3 25 0.0
3 26 0.0
3 27 0.0
3 28 0.0
3 29 0.0
3 30 0.0
3 31 0.0
3 32 0.0
3 33 0.0
3 34 0.0
3 35 0.0
3 36 0.0
3 37 0.0
3 38 0.0
3 39 0.0
3 40 0.0
3 41 0.0
3 42 0.0
3 43 0.0
3 44 0.0
3 45 0.0
3 46 0.0
3 47 0.0
3 48 0.0
3 49 0.0
3 50 0.0
3 51 0.0
3 52 0.0
3 53 0.0
3 54 0.0
3 55 0.0
3 56 0.0
3 57 0.08704831368208706
3 58 0.0
3 59 0.0
3 60 0.0
3 61 0.0
3 62 0.0
3 63 0.0
3 64 0.0
3 65 0.0
3 66 0.0
3 67 0.0
3 68 0.0
3 69 0.0
3 70 0.0
3 71 0.0
3 72 0.0
3 73 0.0
3 74 0.0
3 75 0.0
3 76 0.0
3 77 0.0
3 78 0.0
3 79 0.0
3 80 0.0
3 81 0.0
3 82 0.0
3 83 0.0
3 84 0.0
3 85 0.0
3 86 0.0
3 87 0.6497388793128676
3 88 0.0
3 89 0.0
3 90 0.0
3 91 0.0
3 92 0.0
3 93 0.0
3 94 0.0
3 95 0.07451504124310528
3 96 0.0
3 97 0.0
3 98 0.0
3 99 0.0
3 100 0.0
4 5 0.0
4 6 0.0
4 7 0.0
4 8 0.0
4 9 0.0
4 10 0.0
4 11 0.0
4 12 0.0
4 13 0.0
4 14 0.0
4 15 0.0
4 16 0.0
4 17 0.0
4 18 0.0
4 19 0.0
4 20 0.0
4 21 0.0
4 22 0.0
4 23 0.0
4 24 0.0
4 25 0.0
4 26 0.0
4 27 0.0
4 28 0.0
4 29 0.0
4 30 0.0
4 31 0.0
4 32 0.0
4 33 0.0
4 34 0.0
4 35 0.0
4 36 0.0
4 37 0.0
4 38 0.0
4 39 0.0
4 40 0.0
4 41 0.0
4 42 0.0
4 43 0.0
4 44 0.0
4 45 0.0
4 46 0.0
4 47 0.0
4 48 0.0
4 49 0.0
4 50 0.0
4 51 0.0
4 52 0.0
4 53 0.0
4 54 0.0
4 55 0.0
4 56 0.0
4 57 0.0
4 58 0.0
4 59 0.0
4 60 0.0
4 61 0.0
4 62 0.0
4 63 0.0
4 64 0.0
4 65 0.0
4 66 0.0
4 67 0.0
4 68 0.0
4 69 0.0
4 70 0.0
4 71 0.0
4 72 0.0
4 73 0.0
4 74 0.0
4 75 0.0
4 76 0.0
4 77 0.0
4 78 0.0
4 79 0.0
4 80 0.0
4 81 0.0
4 82 0.0
4 83 0.0
4 84 0.0
4 85 0.0
4 86 0.9499834664946648
4 87 0.0
4 88 0.0
4 89 0.0
4 90 0.0
4 91 0.0
4 92 0.0
4 93 0.0
4 94 0.0
4 95 0.0
4 96 0.0
4 97 0.0
4 98 0.0
4 99 0.0
4 100 0.0
5 6 0.07324266111926979
5 7 0.0
5 8 0.0
5 9 0.0
5 10 0.0
5 11 0.0
5 12 0.0
5 13 0.06271658276633671
5 14 0.25932452046491894
5 15 0.0
5 16 0.668189223257737
5 17 0.0
5 18 0.10956117044301102
5 19 0.0
5 20 0.0
5 21 0.0
5 22 0.0
5 23 0.0
5 24 0.06491975982821441
5 25 0.0
5 26 0.0
5 27 0.0
5 28 0.0
5 29 0.0
5 30 0.0
5 31 0.0
5 32 0.0
5 33 0.0
5 34 0.0
5 35 0.0
5 36 0.0
5 37 0.0
5 38 0.0
5 39 0.0
5 40 0.0
5 41 0.0
5 42 0.0
5 43 0.0
5 44 0.0
5 45 0.0
5 46 0.0
5 47 0.0
5 48 0.0
5 49 0.0
5 50 0.0
5 51 0.0
5 52 0.0
5 53 0.0
5 54 0.0
5 55 0.0
5 56 0.0
5 57 0.0
5 58 0.0
5 59 0.0
5 60 0.0
5 61 0.0
5 62 0.0
5 63 0.0
5 64 0.0
5 65 0.0
5 66 0.0
5 67 0.0
5 68 0.0
5 69 0.0
5 70 0.0
5 71 0.0907822699599163
5 72 0.0
5 73 0.0
5 74 0.0
5 75 0.0
5 76 0.0
5 77 0.0
5 78 0.0
5 79 0.0
5 80 0.0
5 81 0.0
5 82 0.0
5 83 0.0
5 84 0.0
5 85 0.0
5 86 0.0
5 87 0.0
5 88 0.0
5 89 0.0
5 90 0.0
5 91 0.0
5 92 0.0
5 93 0.0
5 94 0.0
5 95 0.0
5 96 0.0
5 97 0.0
5 98 0.0
5 99 0.0
5 100 0.0
6 7 0.0
6 8 0.0
6 9 0.0
6 10 0.09285449474027317
6 11 0.0
6 12 0.0
6 13 0.2988709798510433
6 14 0.0
6 15 0.0
6 16 0.07205812498125817
6 17 0.0
6 18 0.12966940741867145
6 19 0.0
6 20 0.08259929485520938
6 21 0.0
6 22 0.0
6 23 0.0
6 24 0.8863653891889292
6 25 0.0
6 26 0.0
6 27 0.0
6 28 0.0
6 29 0.0
6 30 0.0
6 31 0.0
6 32 0.0
6 33 0.0
6 34 0.0
6 35 0.0
6 36 0.0
6 37 0.0
6 38 0.0
6 39 0.0
6 40 0.0
6 41 0.0
6 42 0.0
6 43 0.0
6 44 0.0
6 45 0.0
6 46 0.0
6 47 0.0
6 48 0.0
6 49 0.0
6 50 0.0
6 51 0.0
6 52 0.0
6 53 0.0
6 54 0.0
6 55 0.0
6 56 0.0
6 57 0.0
6 58 0.0
6 59 0.07796210238898323
6 60 0.0
6 61 0.0
6 62 0.0
6 63 0.0
6 64 0.0
6 65 0.0
6 66 0.0
6 67 0.0
6 68 0.0
6 69 0.0
6 70 0.0
6 71 0.7492442872656752
6 72 0.0
6 73 0.0
6 74 0.0
6 75 0.0
6 76 0.0
6 77 0.0
6 78 0.0
6 79 0.0
6 80 0.0
6 81 0.0
6 82 0.0
6 83 0.0
6 84 0.0
6 85 0.0
6 86 0.0
6 87 0.0
6 88 0.0
6 89 0.0
6 90 0.0
6 91 0.0
6 92 0.0
6 93 0.0
6 94 0.09090399857896016
6 95 0.0
6 96 0.0
6 97 0.0
6 98 0.0
6 99 0.0
6 100 0.0
7 8 0.0
7 9 0.0
7 10 0.0
7 11 0.0
7 12 0.0
7 13 0.0
7 14 0.0
7 15 0.0
7 16 0.0
7 17 0.03493104888161535
7 18 0.0
7 19 0.0
7 20 0.0
7 21 0.15195397294415178
7 22 0.0
7 23 0.0
7 24 0.0
7 25 0.0
7 26 0.0
7 27 0.0
7 28 0.0
7 29 0.0
7 30 0.0
7 31 0.0
7 32 0.0
7 33 0.0
7 34 0.0
7 35 0.0
7 36 0.0
7 37 0.0
7 38 0.0
7 39 0.0
7 40 0.0
7 41 0.023729847492897298
7 42 0.029170120431920066
7 43 0.027234435574956164
7 44 0.0
7 45 0.0
7 46 0.0
7 47 0.0
7 48 0.0
7 49 0.0
7 50 0.0
7 51 0.0
7 52 0.0
7 53 0.0
7 54 0.0
7 55 0.0
7 56 0.24958407188111295
7 57 0.030072005222094633
7 58 0.0
7 59 0.0
7 60 0.15671960933896012
7 61 0.0
7 62 0.0
7 63 0.0
7 64 0.0
7 65 0.0
7 66 0.0
7 67 0.0
7 68 0.0
7 69 0.0230842673181865
7 70 0.0
7 71 0.0
7 72 0.0
7 73 0.0
7 74 0.03120798323503758
7 75 0.0
7 76 0.0
7 77 0.0
7 78 0.0
7 79 0.0
7 80 0.0
7 81 0.0
7 82 0.0
7 83 0.0
7 84 0.0
7 85 0.0
7 86 0.0
7 87 0.0
7 88 0.0
7 89 0.0
7 90 0.32444335255766155
7 91 0.0
7 92 0.0
7 93 0.0
7 94 0.0
7 95 0.0
7 96 0.0
7 97 0.03524253545343612
7 98 0.0
7 99 0.02488622746616608
7 100 0.0
8 9 0.2386413429710859
8 10 0.0
8 11 0.0
8 12 0.0
8 13 0.0
8 14 0.0
8 15 0.0
8 16 0.0
8 17 0.0
8 18 0.07620442810680923
8 19 0.0
8 20 0.0
8 21 0.0
8 22 0.0
8 23 0.0
8 24 0.0
8 25 0.11331120182182663
8 26 0.0
8 27 0.12751935690825184
8 28 0.0
8 29 0.0
8 30 0.0
8 31 0.0
8 32 0.0
8 33 0.0
8 34 0.0
8 35 0.0
8 36 0.0
8 37 0.0
8 38 0.03762076533955591
8 39 0.0
8 40 0.0
8 41 0.1642141969653462
8 42 0.10093086151404795
8 43 0.0
8 44 0.0
8 45 0.0
8 46 0.0
8 47 0.0
8 48 0.20451407832685195
8 49 0.0
8 50 0.12769898606175548
8 51 0.0
8 52 0.0
8 53 0.0
8 54 0.0
8 55 0.0
8 56 0.11151609405977095
8 57 0.0
8 58 0.0
8 59 0.0
8 60 0.0
8 61 0.0
8 62 0.0
8 63 0.0
8 64 0.0
8 65 0.0
8 66 0.0
8 67 0.0
8 68 0.0
8 69 0.0
8 70 0.0
8 71 0.0
8 72 0.0
8 73 0.0
8 74 0.0
8 75 0.0
8 76 0.0
8 77 0.0
8 78 0.0
8 79 0.0
8 80 0.4706687519678828
8 81 0.12389544782959153
8 82 0.0
8 83 0.0
8 84 0.0
8 85 0.0
8 86 0.0
8 87 0.08843696976839896
8 88 0.23096979850415392
8 89 0.0
8 90 0.0
8 91 0.0
8 92 0.0
8 93 0.0
8 94 0.0
8 95 0.0
8 96 0.0
8 97 0.12194188479805843
8 98 0.17009462379351073
8 99 0.0
8 100 0.1674390936557378
9 10 0.0
9 11 0.0
9 12 0.0
9 13 0.0
9 14 0.0
9 15 0.0
9 16 0.0
9 17 0.0
9 18 0.0
9 19 0.0
9 20 0.0
9 21 0.0
9 22 0.0
9 23 0.0
9 24 0.0
9 25 0.12372566707924482
9 26 0.0
9 27 0.13923969779968065
9 28 0.0
9 29 0.0
9 30 0.0
9 31 0.0
9 32 0.0
9 33 0.0
9 34 0.0
9 35 0.0
9 36 0.0
9 37 0.0
9 38 0.0
9 39 0.0
9 40 0.0
9 41 0.17930717119537504
9 42 0.11020744612120958
9 43 0.0
9 44 0.0
9 45 0.0
9 46 0.0
9 47 0.0
9 48 0.0
9 49 0.0
9 50 0.13943583672051807
9 51 0.0
9 52 0.0
9 53 0.0
9 54 0.0
9 55 0.0
9 56 0.12176557044476816
9 57 0.0
9 58 0.0
9 59 0.0
9 60 0.0
9 61 0.0
9 62 0.0
9 63 0.0
9 64 0.0
9 65 0.0
9 66 0.0
9 67 0.0
9 68 0.0
9 69 0.0
9 70 0.0
9 71 0.0
9 72 0.0
9 73 0.0
9 74 0.0
9 75 0.0
9 76 0.0
9 77 0.0
9 78 0.0
9 79 0.0
9 80 0.0
9 81 0.1352827141918569
9 82 0.0
9 83 0.0
9 84 0.0
9 85 0.0
9 86 0.0
9 87 0.09656523717988204
9 88 0.7536219670941072
9 89 0.0
9 90 0.0
9 91 0.0
9 92 0.0
9 93 0.0
9 94 0.0
9 95 0.0
9 96 0.0
9 97 0.13314959861836004
9 98 0.0
9 99 0.0
9 100 0.18282846907118216
10 11 0.26861469440486785
10 12 0.0
10 13 0.030496671202332147
10 14 0.0
10 15 0.0
10 16 0.02960548258706993
10 17 0.0
10 18 0.0
10 19 0.0
10 20 0.0633575558600262
10 21 0.08431134755337365
10 22 0.02403509901715009
10 23 0.0
10 24 0.08230301036840361
10 25 0.0
10 26 0.029176421799525253
10 27 0.0
10 28 0.0
10 29 0.0
10 30 0.0
10 31 0.0
10 32 0.0
10 33 0.0
10 34 0.0
10 35 0.0
10 36 0.0
10 37 0.02789326235908512
10 38 0.02904168921926045
10 39 0.0
10 40 0.0
10 41 0.0
10 42 0.1230845872102622
10 43 0.0
10 44 0.0
10 45 0.0
10 46 0.0
10 47 0.11346567440472283
10 48 0.0
10 49 0.0
10 50 0.0
10 51 0.0
10 52 0.0
10 53 0.0
10 54 0.0
10 55 0.0
10 56 0.0
10 57 0.0
10 58 0.0
10 59 0.05980061047414089
10 60 0.0
10 61 0.1798828972215355
10 62 0.0
10 63 0.0
10 64 0.0
10 65 0.0
10 66 0.0
10 67 0.0
10 68 0.0
10 69 0.0
10 70 0.0
10 71 0.15923453947030866
10 72 0.0
10 73 0.0
10 74 0.0
10 75 0.1212646534577431
10 76 0.0
10 77 0.022958608215284813
10 78 0.019782596094938584
10 79 0.0
10 80 0.0
10 81 0.0
10 82 0.0
10 83 0.0
10 84 0.0
10 85 0.0
10 86 0.0
10 87 0.0
10 88 0.0
10 89 0.12961550964226576
10 90 0.0
10 91 0.0
10 92 0.11584393999005262
10 93 0.0
10 94 0.0697276553990215
10 95 0.0
10 96 0.0
10 97 0.03404208750961839
10 98 0.035619841699280425
10 99 0.0
10 100 0.0
11 12 0.0
11 13 0.0
11 14 0.0
11 15 0.0
11 16 0.0
11 17 0.0
11 18 0.0
11 19 0.0
11 20 0.0
11 21 0.21171805504172186
11 22 0.0
11 23 0.0
11 24 0.0
11 25 0.0
11 26 0.0
11 27 0.0
11 28 0.0
11 29 0.0
11 30 0.0
11 31 0.0
11 32 0.0
11 33 0.0
11 34 0.0
11 35 0.0
11 36 0.0
11 37 0.0
11 38 0.0
11 39 0.0
11 40 0.0
11 41 0.0
11 42 0.0
11 43 0.0
11 44 0.0
11 45 0.0
11 46 0.0
11 47 0.0
11 48 0.0
11 49 0.0
11 50 0.0
11 51 0.0
11 52 0.0
11 53 0.0
11 54 0.0
11 55 0.0
11 56 0.0
11 57 0.0
11 58 0.0
11 59 0.0
11 60 0.0
11 61 0.3150071552456543
11 62 0.0
11 63 0.0
11 64 0.0
11 65 0.0
11 66 0.0
11 67 0.0
11 68 0.0
11 69 0.0
11 70 0.0
11 71 0.0
11 72 0.0
11 73 0.0
11 74 0.0
11 75 0.0
11 76 0.0
11 77 0.0
11 78 0.0
11 79 0.0
11 80 0.0
11 81 0.0
11 82 0.0
11 83 0.0
11 84 0.0
11 85 0.0
11 86 0.0
11 87 0.0
11 88 0.0
11 89 0.0
11 90 0.0
11 91 0.0
11 92 0.0
11 93 0.0
11 94 0.0
11 95 0.0
11 96 0.0
11 97 0.0
11 98 0.0
11 99 0.0
11 100 0.0
12 13 0.0
12 14 0.0
12 15 0.0
12 16 0.0
12 17 0.0
12 18 0.0
12 19 0.22693053223404883
12 20 0.2857006490407967
12 21 0.0
12 22 0.0
12 23 0.0
12 24 0.0
12 25 0.0
12 26 0.0
12 27 0.0
12 28 0.0
12 29 0.0
12 30 0.0
12 31 0.0
12 32 0.0
12 33 0.0
12 34 0.0
12 35 0.0
12 36 0.0
12 37 0.0
12 38 0.0
12 39 0.0
12 40 0.0
12 41 0.0
12 42 0.0
12 43 0.0
12 44 0.0
12 45 0.0
12 46 0.0
12 47 0.08682866230192568
12 48 0.0
12 49 0.0
12 50 0.0
12 51 0.0
12 52 0.0
12 53 0.0
12 54 0.0
12 55 0.0
12 56 0.0
12 57 0.0
12 58 0.0
12 59 0.269661179216626
12 60 0.0
12 61 0.0
12 62 0.0
12 63 0.0
12 64 0.0
12 65 0.0
12 66 0.06741217201080997
12 67 0.06167011039085902
12 68 0.0
12 69 0.0
12 70 0.0
12 71 0.0
12 72 0.22693053223404883
12 73 0.0
12 74 0.0
12 75 0.0
12 76 0.0
12 77 0.0
12 78 0.0
12 79 0.0
12 80 0.0
12 81 0.0
12 82 0.0
12 83 0.0
12 84 0.0
12 85 0.0
12 86 0.0
12 87 0.0
12 88 0.0
12 89 0.0
12 90 0.0
12 91 0.0
12 92 0.0
12 93 0.1749134767537082
12 94 0.3144255824452067
12 95 0.0
12 96 0.0
12 97 0.0
12 98 0.0
12 99 0.0
12 100 0.0
13 14 0.0
13 15 0.0
13 16 0.09475204475959996
13 17 0.0
13 18 0.11103395204868306
13 19 0.0
13 20 0.0
13 21 0.0
13 22 0.026831324526162277
13 23 0.0
13 24 0.26490889237294657
13 25 0.0
13 26 0.03257078496979212
13 27 0.0
13 28 0.0
13 29 0.0
13 30 0.0
13 31 0.0
13 32 0.0
13 33 0.0
13 34 0.0
13 35 0.0
13 36 0.0
13 37 0.031138343716244906
13 38 0.03242037770154028
13 39 0.0
13 40 0.0
13 41 0.0
13 42 0.0
13 43 0.0
13 44 0.0
13 45 0.0
13 46 0.0
13 47 0.0
13 48 0.0
13 49 0.0
13 50 0.0
13 51 0.0
13 52 0.0
13 53 0.0
13 54 0.0
13 55 0.0
13 56 0.0
13 57 0.0
13 58 0.0
13 59 0.0
13 60 0.0
13 61 0.0
13 62 0.0
13 63 0.0
13 64 0.0
13 65 0.0
13 66 0.0
13 67 0.0
13 68 0.0
13 69 0.0
13 70 0.0
13 71 0.41972199630743634
13 72 0.0
13 73 0.0
13 74 0.0
13 75 0.0
13 76 0.0
13 77 0.025629595586594934
13 78 0.022084088582890526
13 79 0.0
13 80 0.0
13 81 0.0
13 82 0.0
13 83 0.0
13 84 0.0
13 85 0.0
13 86 0.0
13 87 0.0
13 88 0.0
13 89 0.0
13 90 0.0
13 91 0.0
13 92 0.0
13 93 0.0
13 94 0.0
13 95 0.0
13 96 0.0
13 97 0.03800251860276672
13 98 0.039763827539132136
13 99 0.0
13 100 0.0
14 15 0.0
14 16 0.25513052667401875
14 17 0.0
14 18 0.0
14 19 0.0
14 20 0.0
14 21 0.0
14 22 0.0
14 23 0.0
14 24 0.0
14 25 0.0
14 26 0.0
14 27 0.0
14 28 0.0
14 29 0.0
14 30 0.0
14 31 0.0
14 32 0.0
14 33 0.0
14 34 0.0
14 35 0.0
14 36 0.0
14 37 0.0
14 38 0.0
14 39 0.0
14 40 0.0
14 41 0.0
14 42 0.0
14 43 0.0
14 44 0.0
14 45 0.0
14 46 0.0
14 47 0.0
14 48 0.0
14 49 0.0
14 50 0.0
14 51 0.0
14 52 0.0
14 53 0.0
14 54 0.0
14 55 0.0
14 56 0.0
14 57 0.0
14 58 0.0
14 59 0.0
14 60 0.0
14 61 0.0
14 62 0.0
14 63 0.0
14 64 0.0
14 65 0.0
14 66 0.0
14 67 0.0
14 68 0.0
14 69 0.0
14 70 0.0
14 71 0.0
14 72 0.0
14 73 0.0
14 74 0.0
14 75 0.0
14 76 0.0
14 77 0.0
14 78 0.0
14 79 0.0
14 80 0.0
14 81 0.0
14 82 0.0
14 83 0.0
14 84 0.0
14 85 0.0
14 86 0.0
14 87 0.0
14 88 0.0
14 89 0.0
14 90 0.0
14 91 0.0
14 92 0.0
14 93 0.0
14 94 0.0
14 95 0.0
14 96 0.0
14 97 0.0
14 98 0.0
14 99 0.0
14 100 0.0
15 16 0.0
15 17 0.0
15 18 0.0
15 19 0.0
15 20 0.0
15 21 0.0
15 22 0.0
15 23 0.0
15 24 0.0
15 25 0.0
15 26 0.0
15 27 0.0
15 28 0.0
15 29 0.29811556548784923
15 30 0.38194103599469714
15 31 0.0
15 32 0.0
15 33 0.0
15 34 0.0
15 35 0.0
15 36 0.0
15 37 0.0
15 38 0.0
15 39 0.2044785396229988
15 40 0.23656314817029386
15 41 0.0
15 42 0.0
15 43 0.1930225142645256
15 44 0.0
15 45 0.0
15 46 0.0
15 47 0.0
15 48 0.1965146541988913
15 49 0.0
15 50 0.0
15 51 0.1753325653020803
15 52 0.0
15 53 0.27000492943654814
15 54 0.0
15 55 0.0
15 56 0.04788172049558988
15 57 0.0
15 58 0.0
15 59 0.0
15 60 0.0
15 61 0.0
15 62 0.0
15 63 0.0
15 64 0.0
15 65 0.0
15 66 0.03101645887472875
15 67 0.028374526226974752
15 68 0.0
15 69 0.03429525612474885
15 70 0.0
15 71 0.0
15 72 0.0
15 73 0.23656314817029386
15 74 0.2211848074682125
15 75 0.0
15 76 0.0
15 77 0.0
15 78 0.0
15 79 0.0
15 80 0.04669989655901766
15 81 0.0
15 82 0.27000492943654814
15 83 0.0
15 84 0.0
15 85 0.0
15 86 0.0
15 87 0.0
15 88 0.0
15 89 0.0
15 90 0.0
15 91 0.0
15 92 0.0
15 93 0.1360986856099122
15 94 0.0
15 95 0.0
15 96 0.0
15 97 0.0
15 98 0.0
15 99 0.03697234714738066
15 100 0.0
16 17 0.0
16 18 0.10778926369181772
16 19 0.0
16 20 0.0
16 21 0.0
16 22 0.026047246461003048
16 23 0.0
16 24 0.0638698279932374
16 25 0.0
16 26 0.03161898558937277
16 27 0.0
16 28 0.0
16 29 0.0
16 30 0.0
16 31 0.0
16 32 0.0
16 33 0.0
16 34 0.0
16 35 0.0
16 36 0.0
16 37 0.030228403833497407
16 38 0.03147297359574711
16 39 0.0
16 40 0.0
16 41 0.0
16 42 0.0
16 43 0.0
16 44 0.0
16 45 0.0
16 46 0.0
16 47 0.0
16 48 0.0
16 49 0.0
16 50 0.0
16 51 0.0
16 52 0.0
16 53 0.0
16 54 0.0
16 55 0.0
16 56 0.0
16 57 0.0
16 58 0.0
16 59 0.0
16 60 0.0
16 61 0.0
16 62 0.0
16 63 0.0
16 64 0.0
16 65 0.0
16 66 0.0
16 67 0.0
16 68 0.0
16 69 0.0
16 70 0.0
16 71 0.13715360957512368
16 72 0.0
16 73 0.0
16 74 0.0
16 75 0.0
16 76 0.0
16 77 0.02488063503122778
16 78 0.021438736564208263
16 79 0.0
16 80 0.0
16 81 0.0
16 82 0.0
16 83 0.0
16 84 0.0
16 85 0.0
16 86 0.0
16 87 0.0
16 88 0.0
16 89 0.0
16 90 0.0
16 91 0.0
16 92 0.0
16 93 0.0
16 94 0.0
16 95 0.0
16 96 0.0
16 97 0.03689199045018964
16 98 0.03860182955689286
16 99 0.0
16 100 0.0
17 18 0.0
17 19 0.0
17 20 0.0
17 21 0.0
17 22 0.0
17 23 0.0
17 24 0.0
17 25 0.0
17 26 0.0
17 27 0.0
17 28 0.0
17 29 0.0
17 30 0.0
17 31 0.0
17 32 0.0
17 33 0.0
17 34 0.0
17 35 0.0
17 36 0.0
17 37 0.0
17 38 0.0
17 39 0.0
17 40 0.0
17 41 0.0271119501378208
17 42 0.03332759938306221
17 43 0.031116030541743358
17 44 0.0
17 45 0.0
17 46 0.0
17 47 0.0
17 48 0.0
17 49 0.0
17 50 0.0
17 51 0.0
17 52 0.0
17 53 0.0
17 54 0.0
17 55 0.0
17 56 0.0
17 57 0.03435802553597325
17 58 0.0
17 59 0.0
17 60 0.03266689355888489
17 61 0.0
17 62 0.0
17 63 0.0
17 64 0.0
17 65 0.0
17 66 0.0
17 67 0.0
17 68 0.0
17 69 0.02637435848191303
17 70 0.0
17 71 0.0
17 72 0.0
17 73 0.0
17 74 0.03565590910870959
17 75 0.0
17 76 0.0
17 77 0.051189415312104344
17 78 0.0
17 79 0.0
17 80 0.0
17 81 0.0
17 82 0.0
17 83 0.0
17 84 0.0
17 85 0.0
17 86 0.0
17 87 0.0
17 88 0.0
17 89 0.0
17 90 0.031141773663317652
17 91 0.0
17 92 0.0
17 93 0.0
17 94 0.0
17 95 0.0
17 96 0.0
17 97 0.040265486924428634
17 98 0.0
17 99 0.028433143465549586
17 100 0.0
18 19 0.0
18 20 0.0
18 21 0.0
18 22 0.0
18 23 0.0
18 24 0.11493447477254855
18 25 0.0
18 26 0.0
18 27 0.0
18 28 0.0
18 29 0.0
18 30 0.0
18 31 0.0
18 32 0.06256031950464026
18 33 0.0
18 34 0.0
18 35 0.0
18 36 0.0
18 37 0.0
18 38 0.0
18 39 0.0
18 40 0.0
18 41 0.0
18 42 0.0
18 43 0.0
18 44 0.0
18 45 0.0
18 46 0.0
18 47 0.0
18 48 0.07804506785286722
18 49 0.0
18 50 0.0
18 51 0.0
18 52 0.05366311568819513
18 53 0.0
18 54 0.0
18 55 0.0
18 56 0.0
18 57 0.08143350896282045
18 58 0.0
18 59 0.04514674378507094
18 60 0.0
18 61 0.0
18 62 0.0
18 63 0.0
18 64 0.05334316785701599
18 65 0.0
18 66 0.03969290422236167
18 67 0.036311925756290823
18 68 0.0
18 69 0.04388890176467391
18 70 0.0
18 71 0.16072167463515513
18 72 0.0
18 73 0.0
18 74 0.0
18 75 0.0
18 76 0.0
18 77 0.0
18 78 0.0
18 79 0.0
18 80 0.08847856556213494
18 81 0.0
18 82 0.0
18 83 0.0
18 84 0.0
18 85 0.05312697141320267
18 86 0.0
18 87 0.06921318839411782
18 88 0.0
18 89 0.0
18 90 0.0
18 91 0.0
18 92 0.0
18 93 0.0
18 94 0.0
18 95 0.06970865973460019
18 96 0.0
18 97 0.0
18 98 0.0
18 99 0.0
18 100 0.0
19 20 0.06539856206584156
19 21 0.0
19 22 0.0
19 23 0.0
19 24 0.0
19 25 0.0
19 26 0.0
19 27 0.0
19 28 0.0
19 29 0.0
19 30 0.0
19 31 0.0
19 32 0.0
19 33 0.0
19 34 0.0
19 35 0.0
19 36 0.0
19 37 0.0
19 38 0.0
19 39 0.0
19 40 0.0
19 41 0.0
19 42 0.0
19 43 0.0
19 44 0.0
19 45 0.09171422011080424
19 46 0.0
19 47 0.0
19 48 0.0
19 49 0.16856018341234227
19 50 0.0
19 51 0.0
19 52 0.0
19 53 0.0
19 54 0.0
19 55 0.0
19 56 0.0
19 57 0.0
19 58 0.07388716142082533
19 59 0.06172703290998924
19 60 0.0
19 61 0.0
19 62 0.0
19 63 0.0
19 64 0.0
19 65 0.0
19 66 0.0
19 67 0.0
19 68 0.0
19 69 0.0
19 70 0.0
19 71 0.0
19 72 0.9999999999999999
19 73 0.0
19 74 0.0
19 75 0.0
19 76 0.0
19 77 0.0
19 78 0.0
19 79 0.0
19 80 0.0
19 81 0.0
19 82 0.0
19 83 0.0
19 84 0.0
19 85 0.0
19 86 0.0
19 87 0.0
19 88 0.0
19 89 0.0
19 90 0.0
19 91 0.0
19 92 0.0
19 93 0.0
19 94 0.07197386858471903
19 95 0.0
19 96 0.0
19 97 0.0
19 98 0.0
19 99 0.0
19 100 0.10770665827077305
20 21 0.0
20 22 0.0
20 23 0.0
20 24 0.07321315613106877
20 25 0.0
20 26 0.0
20 27 0.0
20 28 0.0
20 29 0.0
20 30 0.0
20 31 0.0
20 32 0.0
20 33 0.0
20 34 0.0
20 35 0.0
20 36 0.0
20 37 0.0
20 38 0.0
20 39 0.0
20 40 0.0
20 41 0.0
20 42 0.0
20 43 0.0
20 44 0.0
20 45 0.0
20 46 0.0
20 47 0.0
20 48 0.0
20 49 0.0
20 50 0.0
20 51 0.0
20 52 0.0
20 53 0.0
20 54 0.0
20 55 0.0
20 56 0.0
20 57 0.0
20 58 0.0
20 59 0.5488925930820028
20 60 0.0
20 61 0.0
20 62 0.0
20 63 0.0
20 64 0.0
20 65 0.0
20 66 0.0
20 67 0.0
20 68 0.0
20 69 0.0
20 70 0.0
20 71 0.1023795608932553
20 72 0.06539856206584156
20 73 0.0
20 74 0.0
20 75 0.0
20 76 0.0
20 77 0.0
20 78 0.0
20 79 0.0
20 80 0.0
20 81 0.0
20 82 0.0
20 83 0.0
20 84 0.0
20 85 0.0
20 86 0.0
20 87 0.0
20 88 0.0
20 89 0.0
20 90 0.0
20 91 0.0
20 92 0.0
20 93 0.0
20 94 0.5102770103542981
20 95 0.0
20 96 0.0
20 97 0.0
20 98 0.0
20 99 0.0
20 100 0.0
21 22 0.0
21 23 0.0
21 24 0.0
21 25 0.0
21 26 0.0
21 27 0.0
21 28 0.0
21 29 0.0
21 30 0.0
21 31 0.0
21 32 0.0
21 33 0.0
21 34 0.0
21 35 0.0
21 36 0.0
21 37 0.0
21 38 0.0
21 39 0.0
21 40 0.0
21 41 0.0
21 42 0.0
21 43 0.0
21 44 0.0
21 45 0.0
21 46 0.0
21 47 0.0
21 48 0.0
21 49 0.0
21 50 0.0
21 51 0.0
21 52 0.0
21 53 0.0
21 54 0.0
21 55 0.0
21 56 0.0
21 57 0.0
21 58 0.0
21 59 0.0
21 60 0.0
21 61 0.0
21 62 0.0
21 63 0.0
21 64 0.0
21 65 0.0
21 66 0.0
21 67 0.0
21 68 0.0
21 69 0.0
21 70 0.0
21 71 0.0
21 72 0.0
21 73 0.0
21 74 0.0
21 75 0.0
21 76 0.0
21 77 0.0
21 78 0.0
21 79 0.0
21 80 0.0
21 81 0.0
21 82 0.0
21 83 0.0
21 84 0.0
21 85 0.0
21 86 0.0
21 87 0.0
21 88 0.0
21 89 0.0
21 90 0.1354702015592564
21 91 0.0
21 92 0.0
21 93 0.0
21 94 0.0
21 95 0.0
21 96 0.0
21 97 0.0
21 98 0.0
21 99 0.0
21 100 0.0
22 23 0.0
22 24 0.0
22 25 0.0
22 26 0.08139456697298666
22 27 0.0
22 28 0.0
22 29 0.0
22 30 0.0
22 31 0.0
22 32 0.0
22 33 0.0
22 34 0.0695282010952744
22 35 0.0
22 36 0.0
22 37 0.02454081527405414
22 38 0.02555121452633612
22 39 0.0
22 40 0.0
22 41 0.0
22 42 0.05381506296820304
22 43 0.0
22 44 0.0
22 45 0.0
22 46 0.0
22 47 0.0
22 48 0.0
22 49 0.40025124959119335
22 50 0.0
22 51 0.04563926360517363
22 52 0.05207183664758443
22 53 0.0
22 54 0.0
22 55 0.0
22 56 0.0
22 57 0.0
22 58 0.0
22 59 0.0
22 60 0.0
22 61 0.0
22 62 0.0
22 63 0.0
22 64 0.0
22 65 0.0
22 66 0.0
22 67 0.0
22 68 0.0
22 69 0.0
22 70 0.0
22 71 0.03883834927026052
22 72 0.0
22 73 0.0
22 74 0.0
22 75 0.05301935124092994
22 76 0.0
22 77 0.02019924940680787
22 78 0.0551882562506422
22 79 0.0
22 80 0.0
22 81 0.0
22 82 0.0
22 83 0.0
22 84 0.0
22 85 0.0
22 86 0.0
22 87 0.0
22 88 0.0
22 89 0.05667051392176823
22 90 0.0
22 91 0.0
22 92 0.0
22 93 0.0
22 94 0.0
22 95 0.0
22 96 0.0
22 97 0.09496849856163625
22 98 0.03133874926424213
22 99 0.0
22 100 0.0
23 24 0.0
23 25 0.0
23 26 0.0
23 27 0.0
23 28 0.0
23 29 0.0
23 30 0.0
23 31 0.0
23 32 0.0
23 33 0.0
23 34 0.0
23 35 0.0
23 36 0.0
23 37 0.0
23 38 0.0
23 39 0.0
23 40 0.0
23 41 0.0
23 42 0.0
23 43 0.0
23 44 0.0
23 45 0.0
23 46 0.0
23 47 0.0
23 48 0.0
23 49 0.0
23 50 0.0
23 51 0.0
23 52 0.0
23 53 0.0
23 54 0.0
23 55 0.0
23 56 0.0
23 57 0.0
23 58 0.0
23 59 0.0
23 60 0.0
23 61 0.0
23 62 0.0
23 63 0.0
23 64 0.0
23 65 0.0
23 66 0.0
23 67 0.0
23 68 0.0
23 69 0.0
23 70 0.0
23 71 0.0
23 72 0.0
23 73 0.0
23 74 0.0
23 75 0.0
23 76 0.0
23 77 0.0
23 78 0.0
23 79 0.0
23 80 0.0
23 81 0.0
23 82 0.0
23 83 0.0
23 84 0.0
23 85 0.0
23 86 0.0
23 87 0.0
23 88 0.0
23 89 0.0
23 90 0.0
23 91 0.0
23 92 0.0
23 93 0.0
23 94 0.0
23 95 0.0
23 96 0.0
23 97 0.0
23 98 0.0
23 99 0.0
23 100 0.0
24 25 0.0
24 26 0.0
24 27 0.0
24 28 0.0
24 29 0.0
24 30 0.0
24 31 0.0
24 32 0.0
24 33 0.0
24 34 0.0
24 35 0.0
24 36 0.0
24 37 0.0
24 38 0.0
24 39 0.0
24 40 0.0
24 41 0.0
24 42 0.0
24 43 0.0
24 44 0.0
24 45 0.0
24 46 0.0
24 47 0.0
24 48 0.0
24 49 0.0
24 50 0.0
24 51 0.0
24 52 0.0
24 53 0.0
24 54 0.0
24 55 0.0
24 56 0.0
24 57 0.0
24 58 0.0
24 59 0.06910290922599827
24 60 0.0
24 61 0.0
24 62 0.0
24 63 0.0
24 64 0.0
24 65 0.0
24 66 0.0
24 67 0.0
24 68 0.0
24 69 0.0
24 70 0.0
24 71 0.6641042042798221
24 72 0.0
24 73 0.0
24 74 0.0
24 75 0.0
24 76 0.0
24 77 0.0
24 78 0.0
24 79 0.0
24 80 0.0
24 81 0.0
24 82 0.0
24 83 0.0
24 84 0.0
24 85 0.1832799560381168
24 86 0.0
24 87 0.0
24 88 0.0
24 89 0.0
24 90 0.0
24 91 0.0
24 92 0.0
24 93 0.0
24 94 0.08057415807926988
24 95 0.0
24 96 0.0
24 97 0.0
24 98 0.0
24 99 0.0
24 100 0.0
25 26 0.0
25 27 0.1542492651631022
25 28 0.0
25 29 0.0
25 30 0.0
25 31 0.0
25 32 0.0
25 33 0.0
25 34 0.0
25 35 0.0
25 36 0.0
25 37 0.0
25 38 0.0
25 39 0.0
25 40 0.0
25 41 0.19863587635152563
25 42 0.1220874351806999
25 43 0.0
25 44 0.0
25 45 0.0
25 46 0.0
25 47 0.0
25 48 0.0
25 49 0.0
25 50 0.1544665471946431
25 51 0.0
25 52 0.0
25 53 0.0
25 54 0.0
25 55 0.0
25 56 0.13489148612124122
25 57 0.0
25 58 0.0
25 59 0.0
25 60 0.0
25 61 0.0
25 62 0.0
25 63 0.0
25 64 0.0
25 65 0.0
25 66 0.0
25 67 0.0
25 68 0.0
25 69 0.0
25 70 0.0
25 71 0.0
25 72 0.0
25 73 0.0
25 74 0.0
25 75 0.0
25 76 0.0
25 77 0.06286138654957024
25 78 0.0
25 79 0.0
25 80 0.0
25 81 0.1498657321375755
25 82 0.0
25 83 0.0
25 84 0.0
25 85 0.0
25 86 0.0
25 87 0.10697464236619193
25 88 0.11974828853752979
25 89 0.0
25 90 0.0
25 91 0.0
25 92 0.0
25 93 0.0
25 94 0.0
25 95 0.0
25 96 0.0
25 97 0.14750267393708139
25 98 0.0
25 99 0.0
25 100 0.20253675820021413
26 27 0.0
26 28 0.320737228735242
26 29 0.0
26 30 0.0
26 31 0.3454515907764576
26 32 0.0
26 33 0.0
26 34 0.08440090555360127
26 35 0.0
26 36 0.0
26 37 0.029790315289698988
26 38 0.03101684798463271
26 39 0.0
26 40 0.11857184269892099
26 41 0.0
26 42 0.06532658655610056
26 43 0.0
26 44 0.0
26 45 0.13260404838709428
26 46 0.41625804545844286
26 47 0.0
26 48 0.0
26 49 0.05195057340364839
26 50 0.0
26 51 0.05540191053983674
26 52 0.06321046852446228
26 53 0.0
26 54 0.0
26 55 0.0
26 56 0.0
26 57 0.0
26 58 0.0
26 59 0.0
26 60 0.08242673151062901
26 61 0.0
26 62 0.0
26 63 0.0
26 64 0.0
26 65 0.0
26 66 0.0
26 67 0.0
26 68 0.0
26 69 0.0
26 70 0.09719602730219894
26 71 0.04714621976376476
26 72 0.0
26 73 0.11857184269892099
26 74 0.0
26 75 0.44027185591758156
26 76 0.0
26 77 0.02452004962851684
26 78 0.06699351817107464
26 79 0.0
26 80 0.0
26 81 0.0
26 82 0.0
26 83 0.0
26 84 0.41543941348583735
26 85 0.0
26 86 0.0
26 87 0.0
26 88 0.0
26 89 0.06879284402354965
26 90 0.0
26 91 0.0
26 92 0.0
26 93 0.0
26 94 0.0
26 95 0.0
26 96 0.0
26 97 0.11528311032647674
26 98 0.15671062719253473
26 99 0.0
26 100 0.0
27 28 0.0
27 29 0.0
27 30 0.0
27 31 0.0
27 32 0.0
27 33 0.0
27 34 0.10448104364320708
27 35 0.0
27 36 0.0
27 37 0.0
27 38 0.0
27 39 0.0
27 40 0.18709907818500773
27 41 0.22354294018594015
27 42 0.137396047085451
27 43 0.0
27 44 0.0
27 45 0.0
27 46 0.0
27 47 0.0
27 48 0.0
27 49 0.0
27 50 0.4468163459015913
27 51 0.0
27 52 0.0
27 53 0.21354836454332368
27 54 0.0
27 55 0.0
27 56 0.4218171118134076
27 57 0.0
27 58 0.0
27 59 0.0
27 60 0.0
27 61 0.0
27 62 0.0
27 63 0.0
27 64 0.0
27 65 0.0
27 66 0.0
27 67 0.0
27 68 0.0
27 69 0.0
27 70 0.0837334726575984
27 71 0.0
27 72 0.0
27 73 0.18709907818500773
27 74 0.0
27 75 0.0
27 76 0.0
27 77 0.0
27 78 0.0
27 79 0.0
27 80 0.0
27 81 0.4335078373001946
27 82 0.21354836454332368
27 83 0.0
27 84 0.0
27 85 0.0
27 86 0.0
27 87 0.12038825271200465
27 88 0.13476359353403441
27 89 0.0
27 90 0.0
27 91 0.0
27 92 0.0
27 93 0.0
27 94 0.0
27 95 0.0
27 96 0.0
27 97 0.1659981168700392
27 98 0.0
27 99 0.0
27 100 0.6333496118745163
28 29 0.0
28 30 0.0
28 31 0.5157436660839884
28 32 0.0
28 33 0.0
28 34 0.0
28 35 0.0
28 36 0.0
28 37 0.0
28 38 0.0
28 39 0.0
28 40 0.0
28 41 0.0
28 42 0.0
28 43 0.0
28 44 0.0
28 45 0.0
28 46 0.6214545138413162
28 47 0.0
28 48 0.0
28 49 0.0
28 50 0.0
28 51 0.2204115630103658
28 52 0.0
28 53 0.0
28 54 0.0
28 55 0.0
28 56 0.0
28 57 0.0
28 58 0.0
28 59 0.0
28 60 0.06691415295952532
28 61 0.0
28 62 0.0
28 63 0.0
28 64 0.0
28 65 0.0
28 66 0.0
28 67 0.0
28 68 0.0
28 69 0.0
28 70 0.0
28 71 0.0
28 72 0.0
28 73 0.0
28 74 0.0
28 75 0.5612184772575299
28 76 0.0
28 77 0.0
28 78 0.0
28 79 0.0
28 80 0.0
28 81 0.0
28 82 0.0
28 83 0.0
28 84 0.2706647310423615
28 85 0.0
28 86 0.0
28 87 0.0
28 88 0.0
28 89 0.0
28 90 0.0
28 91 0.0
28 92 0.0
28 93 0.0
28 94 0.0
28 95 0.0
28 96 0.0
28 97 0.0
28 98 0.0
28 99 0.0
28 100 0.0
29 30 0.7805277186607104
29 31 0.0
29 32 0.0
29 33 0.0
29 34 0.0
29 35 0.0
29 36 0.0
29 37 0.0
29 38 0.0
29 39 0.22106201141570986
29 40 0.25574872286243505
29 41 0.0
29 42 0.0
29 43 0.20867688770912102
29 44 0.0
29 45 0.0
29 46 0.0
29 47 0.0
29 48 0.21245224467058668
29 49 0.0
29 50 0.0
29 51 0.35830642508929783
29 52 0.0
29 53 0.2919026754761052
29 54 0.0
29 55 0.0
29 56 0.05176498943270714
29 57 0.0
29 58 0.0
29 59 0.0
29 60 0.0
29 61 0.0
29 62 0.0
29 63 0.0
29 64 0.0
29 65 0.0
29 66 0.033531933465887245
29 67 0.030675736692308355
29 68 0.0
29 69 0.037076645377709876
29 70 0.0
29 71 0.0
29 72 0.0
29 73 0.25574872286243505
29 74 0.23912317900777902
29 75 0.0
29 76 0.0
29 77 0.0
29 78 0.0
29 79 0.0
29 80 0.05048731805927318
29 81 0.0
29 82 0.2919026754761052
29 83 0.0
29 84 0.0
29 85 0.0
29 86 0.0
29 87 0.0
29 88 0.0
29 89 0.0
29 90 0.0
29 91 0.0
29 92 0.0
29 93 0.14713646354982848
29 94 0.0
29 95 0.0
29 96 0.0
29 97 0.0
29 98 0.0
29 99 0.039970851915457295
29 100 0.0
30 31 0.0
30 32 0.0
30 33 0.0
30 34 0.0
30 35 0.0
30 36 0.0
30 37 0.0
30 38 0.0
30 39 0.2832212183252443
30 40 0.3276612947215615
30 41 0.0
30 42 0.0
30 43 0.2673535900392941
30 44 0.0
30 45 0.0
30 46 0.0
30 47 0.0
30 48 0.2721905187878896
30 49 0.0
30 50 0.0
30 51 0.4590566312034473
30 52 0.0
30 53 0.37398117773059275
30 54 0.0
30 55 0.0
30 56 0.0663205011111322
30 57 0.0
30 58 0.0
30 59 0.0
30 60 0.0
30 61 0.0
30 62 0.0
30 63 0.0
30 64 0.0
30 65 0.0
30 66 0.04296059276847197
30 67 0.03930127778798701
30 68 0.0
30 69 0.04750202265888627
30 70 0.0
30 71 0.0
30 72 0.0
30 73 0.3276612947215615
30 74 0.3063609059497401
30 75 0.0
30 76 0.0
30 77 0.0
30 78 0.0
30 79 0.0
30 80 0.06468356837589728
30 81 0.0
30 82 0.37398117773059275
30 83 0.0
30 84 0.0
30 85 0.0
30 86 0.0
30 87 0.0
30 88 0.0
30 89 0.0
30 90 0.0
30 91 0.0
30 92 0.0
30 93 0.18850895366316595
30 94 0.0
30 95 0.0
30 96 0.0
30 97 0.0
30 98 0.0
30 99 0.051210035159343685
30 100 0.0
31 32 0.0
31 33 0.0
31 34 0.0
31 35 0.0
31 36 0.0
31 37 0.0
31 38 0.0
31 39 0.0
31 40 0.0
31 41 0.0
31 42 0.0
31 43 0.0
31 44 0.0
31 45 0.0
31 46 0.8298976909767519
31 47 0.0
31 48 0.0
31 49 0.0
31 50 0.0
31 51 0.36220733667746485
31 52 0.0
31 53 0.0
31 54 0.0
31 55 0.0
31 56 0.0
31 57 0.09896352481263827
31 58 0.0
31 59 0.0
31 60 0.07207021360282563
31 61 0.0
31 62 0.0
31 63 0.0
31 64 0.0
31 65 0.0
31 66 0.0
31 67 0.0
31 68 0.0
31 69 0.0
31 70 0.0
31 71 0.0
31 72 0.0
31 73 0.0
31 74 0.0
31 75 0.7494577769346441
31 76 0.0
31 77 0.0
31 78 0.0
31 79 0.0
31 80 0.0
31 81 0.0
31 82 0.0
31 83 0.0
31 84 0.5053143282299649
31 85 0.0
31 86 0.0
31 87 0.04484042617080715
31 88 0.0
31 89 0.0
31 90 0.0
31 91 0.0
31 92 0.0
31 93 0.0
31 94 0.0
31 95 0.08471469257760365
31 96 0.0
31 97 0.0
31 98 0.12135445207934924
31 99 0.0
31 100 0.0
32 33 0.0
32 34 0.0
32 35 0.0
32 36 0.0
32 37 0.0
32 38 0.0
32 39 0.0
32 40 0.0
32 41 0.0
32 42 0.0
32 43 0.0
32 44 0.0
32 45 0.0
32 46 0.0
32 47 0.0
32 48 0.0
32 49 0.0
32 50 0.0
32 51 0.0
32 52 0.0
32 53 0.0
32 54 0.0
32 55 0.0
32 56 0.0
32 57 0.0
32 58 0.0
32 59 0.0
32 60 0.0
32 61 0.0
32 62 0.0
32 63 0.0
32 64 0.0
32 65 0.0
32 66 0.0
32 67 0.0
32 68 0.0
32 69 0.0
32 70 0.0
32 71 0.0
32 72 0.0
32 73 0.0
32 74 0.0
32 75 0.0
32 76 0.0
32 77 0.0
32 78 0.0
32 79 0.0
32 80 0.0
32 81 0.0
32 82 0.0
32 83 0.0
32 84 0.0
32 85 0.0
32 86 0.0
32 87 0.0
32 88 0.0
32 89 0.0
32 90 0.0
32 91 0.0
32 92 0.0
32 93 0.0
32 94 0.0
32 95 0.0
32 96 0.0
32 97 0.0
32 98 0.0
32 99 0.0
32 100 0.0
33 34 0.0
33 35 0.0
33 36 0.0
33 37 0.0
33 38 0.0
33 39 0.0
33 40 0.0
33 41 0.0
33 42 0.0
33 43 0.0
33 44 0.0
33 45 0.0
33 46 0.0
33 47 0.0
33 48 0.0
33 49 0.0
33 50 0.0
33 51 0.0
33 52 0.0
33 53 0.0
33 54 0.0
33 55 0.0
33 56 0.0
33 57 0.0
33 58 0.0
33 59 0.0
33 60 0.0
33 61 0.0
33 62 0.05536502178071878
33 63 0.0
33 64 0.0
33 65 0.12553849638071535
33 66 0.0
33 67 0.0
33 68 0.0
33 69 0.0
33 70 0.0
33 71 0.0
33 72 0.0
33 73 0.0
33 74 0.0
33 75 0.0
33 76 0.0
33 77 0.0
33 78 0.0
33 79 0.0
33 80 0.0
33 81 0.0
33 82 0.0
33 83 0.0
33 84 0.0
33 85 0.0
33 86 0.0
33 87 0.0
33 88 0.0
33 89 0.0
33 90 0.0
33 91 0.0
33 92 0.0
33 93 0.0
33 94 0.0
33 95 0.0
33 96 0.0
33 97 0.0
33 98 0.0
33 99 0.0
33 100 0.0
34 35 0.0
34 36 0.0
34 37 0.15151942529323875
34 38 0.0
34 39 0.0
34 40 0.0
34 41 0.0
34 42 0.08150839436154692
34 43 0.0
34 44 0.0
34 45 0.0
34 46 0.0
34 47 0.0
34 48 0.0
34 49 0.0648190583271434
34 50 0.0
34 51 0.0691253134554365
34 52 0.07886810053737424
34 53 0.0
34 54 0.0
34 55 0.0
34 56 0.09136901387262998
34 57 0.0
34 58 0.0
34 59 0.0
34 60 0.0
34 61 0.0
34 62 0.0
34 63 0.0
34 64 0.0
34 65 0.0
34 66 0.0
34 67 0.0
34 68 0.0
34 69 0.0
34 70 0.08562569501035741
34 71 0.0
34 72 0.0
34 73 0.0
34 74 0.0
34 75 0.08030320790096422
34 76 0.0
34 77 0.0
34 78 0.057226655005416766
34 79 0.0
34 80 0.0
34 81 0.0
34 82 0.0
34 83 0.0
34 84 0.0
34 85 0.0
34 86 0.0
34 87 0.0
34 88 0.0
34 89 0.08583326568132525
34 90 0.0
34 91 0.0
34 92 0.0
34 93 0.0
34 94 0.0
34 95 0.0
34 96 0.0
34 97 0.09847619535009199
34 98 0.0
34 99 0.0
34 100 0.1371886721826161
35 36 0.4864127204491608
35 37 0.0
35 38 0.0
35 39 0.0
35 40 0.0
35 41 0.0
35 42 0.0
35 43 0.0
35 44 0.0
35 45 0.0
35 46 0.0
35 47 0.0
35 48 0.0
35 49 0.0
35 50 0.0
35 51 0.0
35 52 0.0
35 53 0.0
35 54 0.0
35 55 0.1723142514293233
35 56 0.0
35 57 0.0
35 58 0.0
35 59 0.0
35 60 0.0
35 61 0.0
35 62 0.0
35 63 0.0
35 64 0.0
35 65 0.0
35 66 0.0
35 67 0.0
35 68 0.0
35 69 0.0
35 70 0.0
35 71 0.0
35 72 0.0
35 73 0.0
35 74 0.0
35 75 0.0
35 76 0.0
35 77 0.0
35 78 0.0
35 79 0.0
35 80 0.0
35 81 0.0
35 82 0.0
35 83 0.0
35 84 0.0
35 85 0.0
35 86 0.0
35 87 0.0
35 88 0.0
35 89 0.0
35 90 0.1378526120515003
35 91 0.0
35 92 0.0
35 93 0.0
35 94 0.0
35 95 0.0
35 96 0.0
35 97 0.0
35 98 0.0
35 99 0.0
35 100 0.0
36 37 0.0
36 38 0.0
36 39 0.0
36 40 0.0
36 41 0.0
36 42 0.0
36 43 0.0
36 44 0.0
36 45 0.0
36 46 0.0
36 47 0.0
36 48 0.0
36 49 0.0
36 50 0.0
36 51 0.0
36 52 0.0
36 53 0.0
36 54 0.0
36 55 0.18690253209130792
36 56 0.0
36 57 0.0
36 58 0.0
36 59 0.0
36 60 0.0
36 61 0.0
36 62 0.0
36 63 0.0
36 64 0.0
36 65 0.0
36 66 0.0
36 67 0.0
36 68 0.0
36 69 0.0
36 70 0.0
36 71 0.0
36 72 0.0
36 73 0.0
36 74 0.0
36 75 0.0
36 76 0.0
36 77 0.0
36 78 0.0
36 79 0.0
36 80 0.0
36 81 0.0
36 82 0.0
36 83 0.0
36 84 0.0
36 85 0.0
36 86 0.0
36 87 0.0
36 88 0.0
36 89 0.0
36 90 0.14952333909766002
36 91 0.0
36 92 0.0
36 93 0.0
36 94 0.0
36 95 0.0
36 96 0.0
36 97 0.0
36 98 0.0
36 99 0.0
36 100 0.0
37 38 0.029652747836312755
37 39 0.0
37 40 0.0
37 41 0.0
37 42 0.0
37 43 0.0
37 44 0.0
37 45 0.0
37 46 0.0
37 47 0.0
37 48 0.0
37 49 0.0
37 50 0.0
37 51 0.0
37 52 0.0
37 53 0.0
37 54 0.0
37 55 0.0
37 56 0.0
37 57 0.0
37 58 0.0
37 59 0.0
37 60 0.0
37 61 0.0
37 62 0.0
37 63 0.0
37 64 0.0
37 65 0.0
37 66 0.0
37 67 0.0
37 68 0.0
37 69 0.0
37 70 0.0
37 71 0.04507276067455171
37 72 0.0
37 73 0.0
37 74 0.0
37 75 0.0
37 76 0.0
37 77 0.023441674309669355
37 78 0.020198836545699296
37 79 0.0
37 80 0.0
37 81 0.0
37 82 0.0
37 83 0.0
37 84 0.0
37 85 0.0
37 86 0.0
37 87 0.0
37 88 0.0
37 89 0.0
37 90 0.0
37 91 0.0
37 92 0.0
37 93 0.0
37 94 0.0
37 95 0.0
37 96 0.0
37 97 0.03475835820441686
37 98 0.03636930950895416
37 99 0.0
37 100 0.0
38 39 0.0
38 40 0.0
38 41 0.0
38 42 0.0
38 43 0.0
38 44 0.0
38 45 0.0
38 46 0.0
38 47 0.0
38 48 0.0
38 49 0.0
38 50 0.0
38 51 0.0
38 52 0.0
38 53 0.0
38 54 0.0
38 55 0.0
38 56 0.0
38 57 0.0
38 58 0.0
38 59 0.0
38 60 0.0
38 61 0.0
38 62 0.0
38 63 0.0
38 64 0.0
38 65 0.0
38 66 0.0
38 67 0.0
38 68 0.0
38 69 0.0
38 70 0.0
38 71 0.04692850520362611
38 72 0.0
38 73 0.0
38 74 0.0
38 75 0.0
38 76 0.0
38 77 0.07816210064955732
38 78 0.021030466999489388
38 79 0.0
38 80 0.0
38 81 0.0
38 82 0.0
38 83 0.0
38 84 0.0
38 85 0.0
38 86 0.0
38 87 0.0
38 88 0.0
38 89 0.0
38 90 0.0
38 91 0.0
38 92 0.0
38 93 0.0
38 94 0.20089091510900395
38 95 0.0
38 96 0.0
38 97 0.036189436135125326
38 98 0.03786671384224502
38 99 0.0
38 100 0.0
39 40 0.175418969740073
39 41 0.0
39 42 0.0
39 43 0.14313222854367447
39 44 0.0
39 45 0.0
39 46 0.0
39 47 0.0
39 48 0.255406672593168
39 49 0.0
39 50 0.0
39 51 0.13001457836972272
39 52 0.0
39 53 0.20021709599672996
39 54 0.0
39 55 0.0
39 56 0.03550579261260125
39 57 0.0
39 58 0.0
39 59 0.0
39 60 0.0
39 61 0.0
39 62 0.0
39 63 0.0
39 64 0.0
39 65 0.0
39 66 0.022999673883582063
39 67 0.02104059823390373
39 68 0.33465365684731624
39 69 0.025431004545325996
39 70 0.0
39 71 0.0
39 72 0.0
39 73 0.175418969740073
39 74 0.16401544935604007
39 75 0.0
39 76 0.0
39 77 0.0
39 78 0.0
39 79 0.0
39 80 0.034629433217779455
39 81 0.0
39 82 0.20021709599672996
39 83 0.0
39 84 0.0
39 85 0.0
39 86 0.0
39 87 0.0
39 88 0.0
39 89 0.0
39 90 0.0
39 91 0.0
39 92 0.0
39 93 0.1009214300592694
39 94 0.0
39 95 0.0
39 96 0.0
39 97 0.0
39 98 0.0
39 99 0.02741615122908763
39 100 0.0
40 41 0.0
40 42 0.0
40 43 0.165591023152599
40 44 0.0
40 45 0.0
40 46 0.0
40 47 0.0
40 48 0.16858687587437626
40 49 0.0
40 50 0.0
40 51 0.15041509013063997
40 52 0.0
40 53 0.4250361282662229
40 54 0.0
40 55 0.0
40 56 0.20469574073742422
40 57 0.0
40 58 0.0
40 59 0.0
40 60 0.0
40 61 0.0
40 62 0.0
40 63 0.0
40 64 0.0
40 65 0.0
40 66 0.026608539315772273
40 67 0.024342066247028078
40 68 0.0
40 69 0.029421368655445517
40 70 0.0
40 71 0.0
40 72 0.0
40 73 1.0
40 74 0.18975101797854485
40 75 0.0
40 76 0.0
40 77 0.0
40 78 0.0
40 79 0.0
40 80 0.040063117412979875
40 81 0.0
40 82 0.4250361282662229
40 83 0.0
40 84 0.0
40 85 0.0
40 86 0.0
40 87 0.0
40 88 0.0
40 89 0.0
40 90 0.0
40 91 0.0
40 92 0.0
40 93 0.11675695286501171
40 94 0.0
40 95 0.0
40 96 0.0
40 97 0.0
40 98 0.0
40 99 0.03171800354904513
40 100 0.24567015419989538
41 42 0.5024837455235097
41 43 0.021138176006175485
41 44 0.1446827193609839
41 45 0.0
41 46 0.0
41 47 0.2204516029905077
41 48 0.0
41 49 0.0
41 50 0.5264208926949302
41 51 0.0
41 52 0.0
41 53 0.0
41 54 0.0
41 55 0.0
41 56 0.29583017392874367
41 57 0.02334057327877219
41 58 0.0
41 59 0.0
41 60 0.022191729909004677
41 61 0.0
41 62 0.0
41 63 0.0
41 64 0.0
41 65 0.0
41 66 0.08674789256067321
41 67 0.07935884500996686
41 68 0.0
41 69 0.01791699718550955
41 70 0.0
41 71 0.0
41 72 0.0
41 73 0.0
41 74 0.02422226965579623
41 75 0.0
41 76 0.1298806862108072
41 77 0.0
41 78 0.0
41 79 0.0
41 80 0.0
41 81 0.36195802032481766
41 82 0.0
41 83 0.0
41 84 0.0
41 85 0.11610772500819176
41 86 0.0
41 87 0.15503105350026836
41 88 0.17354302773247232
41 89 0.0
41 90 0.021155664182697737
41 91 0.09854474840855758
41 92 0.2250723172582694
41 93 0.0
41 94 0.0
41 95 0.0
41 96 0.0
41 97 0.6896439328071078
41 98 0.0
41 99 0.019315599725271113
41 100 0.2935227106328869
42 43 0.025984285823826746
42 44 0.0
42 45 0.0
42 46 0.0
42 47 0.2506721135061275
42 48 0.0
42 49 0.05017017052742259
42 50 0.3210099126686515
42 51 0.05350322657138216
42 52 0.06104417674758211
42 53 0.0
42 54 0.16968465253720394
42 55 0.0
42 56 0.12015329187431298
42 57 0.02869160173471945
42 58 0.0
42 59 0.0
42 60 0.027279376078251923
42 61 0.0
42 62 0.0
42 63 0.0
42 64 0.0
42 65 0.0
42 66 0.0
42 67 0.0
42 68 0.0
42 69 0.02202462387658078
42 70 0.0
42 71 0.0
42 72 0.0
42 73 0.0
42 74 0.029775434637980925
42 75 0.18722843931054348
42 76 0.0
42 77 0.0
42 78 0.04429362465966991
42 79 0.0
42 80 0.0
42 81 0.3114485722587255
42 82 0.0
42 83 0.0
42 84 0.0
42 85 0.0
42 86 0.0
42 87 0.09528663221800847
42 88 0.10666463449863038
42 89 0.20012187301733927
42 90 0.02600578331619122
42 91 0.0
42 92 0.25592625634607596
42 93 0.0
42 94 0.0
42 95 0.0
42 96 0.0
42 97 0.41638339862574564
42 98 0.0
42 99 0.023743868154633783
42 100 0.18040766636253558
43 44 0.0
43 45 0.0
43 46 0.0
43 47 0.0
43 48 0.1375576158203998
43 49 0.0
43 50 0.0
43 51 0.1227304383835859
43 52 0.0
43 53 0.1889998204177507
43 54 0.0
43 55 0.0
43 56 0.03351656058222489
43 57 0.026787670651213808
43 58 0.0
43 59 0.0
43 60 0.02546915814290486
43 61 0.0
43 62 0.0
43 63 0.0
43 64 0.0
43 65 0.0
43 66 0.021711104199287942
43 67 0.01986178686636628
43 68 0.0
43 69 0.044569321501995426
43 70 0.0
43 71 0.0
43 72 0.0
43 73 0.165591023152599
43 74 0.5237832934179103
43 75 0.0
43 76 0.0
43 77 0.0
43 78 0.0
43 79 0.0
43 80 0.032689299716122666
43 81 0.0
43 82 0.1889998204177507
43 83 0.0
43 84 0.0
43 85 0.0
43 86 0.0
43 87 0.0
43 88 0.0
43 89 0.0
43 90 0.024280079060834393
43 91 0.0
43 92 0.0
43 93 0.09526725009444764
43 94 0.0
43 95 0.0
43 96 0.0
43 97 0.03139349789507037
43 98 0.0
43 99 0.04804840706542645
43 100 0.0
44 45 0.2879637595538406
44 46 0.0
44 47 0.16395352680875655
44 48 0.0
44 49 0.0
44 50 0.2250211845806984
44 51 0.0
44 52 0.0
44 53 0.0
44 54 0.0
44 55 0.2944855194007963
44 56 0.0
44 57 0.0
44 58 0.0
44 59 0.0
44 60 0.15142507764059326
44 61 0.0
44 62 0.0
44 63 0.0
44 64 0.0
44 65 0.0
44 66 0.2731876618000566
44 67 0.3833878498503282
44 68 0.0
44 69 0.0
44 70 0.0
44 71 0.0
44 72 0.0
44 73 0.0
44 74 0.0
44 75 0.0
44 76 0.5221103835271765
44 77 0.0
44 78 0.0
44 79 0.30530464934884277
44 80 0.0
44 81 0.0
44 82 0.0
44 83 0.0
44 84 0.0
44 85 0.17037197425424436
44 86 0.0
44 87 0.0
44 88 0.0
44 89 0.0
44 90 0.09861328663577815
44 91 0.14460074329739236
44 92 0.16739002892667354
44 93 0.0
44 94 0.0
44 95 0.0
44 96 0.0
44 97 0.0
44 98 0.0
44 99 0.0
44 100 0.0
45 46 0.0
45 47 0.0
45 48 0.0
45 49 0.0
45 50 0.0
45 51 0.0
45 52 0.0
45 53 0.0
45 54 0.0
45 55 0.34849551162520137
45 56 0.0
45 57 0.0
45 58 0.09835905572028307
45 59 0.0
45 60 0.0
45 61 0.0
45 62 0.0
45 63 0.0
45 64 0.0
45 65 0.0
45 66 0.1726553757454495
45 67 0.3158977307566856
45 68 0.0
45 69 0.0
45 70 0.1325961017223018
45 71 0.0
45 72 0.09171422011080424
45 73 0.0
45 74 0.0
45 75 0.0
45 76 0.25850309463275467
45 77 0.0
45 78 0.0
45 79 0.23805554173722532
45 80 0.0
45 81 0.0
45 82 0.0
45 83 0.0
45 84 0.11190231715024322
45 85 0.0
45 86 0.0
45 87 0.0
45 88 0.0
45 89 0.0
45 90 0.0
45 91 0.0
45 92 0.0
45 93 0.0
45 94 0.0
45 95 0.0
45 96 0.0
45 97 0.0
45 98 0.1618887759673421
45 99 0.0
45 100 0.14337978342357222
46 47 0.0
46 48 0.0
46 49 0.0
46 50 0.0
46 51 0.4364481798366775
46 52 0.0
46 53 0.0
46 54 0.0
46 55 0.0
46 56 0.0
46 57 0.1192478613793499
46 58 0.0
46 59 0.0
46 60 0.0868422871715696
46 61 0.0
46 62 0.0
46 63 0.0
46 64 0.0
46 65 0.0
46 66 0.0
46 67 0.0
46 68 0.0
46 69 0.0
46 70 0.0
46 71 0.0
46 72 0.0
46 73 0.0
46 74 0.0
46 75 0.90307249325223
46 76 0.0
46 77 0.0
46 78 0.0
46 79 0.0
46 80 0.0
46 81 0.0
46 82 0.0
46 83 0.0
46 84 0.4523504038359257
46 85 0.0
46 86 0.0
46 87 0.054031269948506544
46 88 0.0
46 89 0.0
46 90 0.0
46 91 0.0
46 92 0.0
46 93 0.0
46 94 0.0
46 95 0.10207847726133362
46 96 0.0
46 97 0.0
46 98 0.1462282078849027
46 99 0.0
46 100 0.0
47 48 0.0
47 49 0.0
47 50 0.34286251369018045
47 51 0.0
47 52 0.0
47 53 0.0
47 54 0.0
47 55 0.0
47 56 0.0
47 57 0.0
47 58 0.0
47 59 0.0
47 60 0.0
47 61 0.0
47 62 0.0
47 63 0.0
47 64 0.0
47 65 0.0
47 66 0.14519689795102
47 67 0.1328292570607844
47 68 0.0
47 69 0.0
47 70 0.0
47 71 0.0
47 72 0.0
47 73 0.0
47 74 0.0
47 75 0.11529914185573877
47 76 0.14717995806723594
47 77 0.0
47 78 0.0
47 79 0.0
47 80 0.0
47 81 0.1640499799780203
47 82 0.0
47 83 0.0
47 84 0.0
47 85 0.13157252703647862
47 86 0.0
47 87 0.0
47 88 0.0
47 89 0.12323918476504106
47 90 0.0
47 91 0.1116702749397006
47 92 0.5282547600415692
47 93 0.0
47 94 0.0
47 95 0.0
47 96 0.0
47 97 0.16146326689192209
47 98 0.0
47 99 0.0
47 100 0.0
48 49 0.0
48 50 0.0
48 51 0.12495086260028725
48 52 0.0
48 53 0.19241918226257815
48 54 0.0
48 55 0.0
48 56 0.03412293813417913
48 57 0.0
48 58 0.0
48 59 0.0
48 60 0.0
48 61 0.0
48 62 0.0
48 63 0.0
48 64 0.0
48 65 0.0
48 66 0.02210389886514544
48 67 0.020221123907167876
48 68 0.0
48 69 0.02444053578125745
48 70 0.0
48 71 0.0
48 72 0.0
48 73 0.16858687587437626
48 74 0.15762749173044635
48 75 0.0
48 76 0.0
48 77 0.0
48 78 0.0
48 79 0.0
48 80 0.2707355768654262
48 81 0.0
48 82 0.19241918226257815
48 83 0.0
48 84 0.0
48 85 0.0
48 86 0.0
48 87 0.0
48 88 0.0
48 89 0.0
48 90 0.0
48 91 0.0
48 92 0.0
48 93 0.267619424854837
48 94 0.0
48 95 0.0
48 96 0.0
48 97 0.0
48 98 0.35323812053042475
48 99 0.02634836637713684
48 100 0.0
49 50 0.0
49 51 0.0425481177857295
49 52 0.04854501286803265
49 53 0.0
49 54 0.0
49 55 0.0
49 56 0.0
49 57 0.0
49 58 0.0
49 59 0.0
49 60 0.0
49 61 0.0
49 62 0.0
49 63 0.0
49 64 0.0
49 65 0.0
49 66 0.0
49 67 0.0
49 68 0.0
49 69 0.0
49 70 0.0
49 71 0.0
49 72 0.16856018341234227
49 73 0.0
49 74 0.0
49 75 0.049428352329206435
49 76 0.0
49 77 0.0
49 78 0.03522423748896986
49 79 0.0
49 80 0.0
49 81 0.0
49 82 0.0
49 83 0.0
49 84 0.0
49 85 0.0
49 86 0.0
49 87 0.0
49 88 0.0
49 89 0.15542767799175025
49 90 0.0
49 91 0.0
49 92 0.0
49 93 0.0811453899984851
49 94 0.0
49 95 0.0
49 96 0.0
49 97 0.060614217128250755
49 98 0.0
49 99 0.0
49 100 0.0
50 51 0.0
50 52 0.0
50 53 0.0
50 54 0.0
50 55 0.0
50 56 0.1520194449365358
50 57 0.0
50 58 0.07374547686542675
50 59 0.0
50 60 0.06351552301793692
50 61 0.0
50 62 0.0
50 63 0.0
50 64 0.0
50 65 0.0
50 66 0.13491668963712997
50 67 0.12342470054453743
50 68 0.0
50 69 0.0
50 70 0.0
50 71 0.0
50 72 0.0
50 73 0.0
50 74 0.0
50 75 0.0
50 76 0.20199997618506932
50 77 0.0
50 78 0.0
50 79 0.0
50 80 0.0
50 81 0.7388160613716649
50 82 0.0
50 83 0.0
50 84 0.0
50 85 0.18057925601416908
50 86 0.0
50 87 0.12055783669086678
50 88 0.1349534272252994
50 89 0.0
50 90 0.0
50 91 0.1532640257180588
50 92 0.3500489876708531
50 93 0.0
50 94 0.0
50 95 0.0
50 96 0.0
50 97 0.3878353280896864
50 98 0.0
50 99 0.0
50 100 0.22825403178646964
51 52 0.051770101538111034
51 53 0.17167853958250362
51 54 0.0
51 55 0.0
51 56 0.03044486581980084
51 57 0.0926995087024801
51 58 0.0
51 59 0.0
51 60 0.0
51 61 0.0
51 62 0.0
51 63 0.0
51 64 0.0
51 65 0.0
51 66 0.019721344990797928
51 67 0.018041512183344193
51 68 0.0
51 69 0.021806118497138156
51 70 0.0
51 71 0.0
51 72 0.0
51 73 0.15041509013063997
51 74 0.14063700541772384
51 75 0.4468564716103627
51 76 0.0
51 77 0.0
51 78 0.03756436024363154
51 79 0.0
51 80 0.029693420992857253
51 81 0.0
51 82 0.17167853958250362
51 83 0.0
51 84 0.07857426568242563
51 85 0.0
51 86 0.0
51 87 0.04200219711164551
51 88 0.0
51 89 0.0563421313483279
51 90 0.0
51 91 0.0
51 92 0.0
51 93 0.08653628522029971
51 94 0.0
51 95 0.07935257355367173
51 96 0.0
51 97 0.06464112356738207
51 98 0.11367317512095837
51 99 0.02350830622405841
51 100 0.0
52 53 0.0
52 54 0.0
52 55 0.0
52 56 0.0
52 57 0.0
52 58 0.0
52 59 0.04620787728514829
52 60 0.0
52 61 0.0
52 62 0.18426373740996893
52 63 0.0
52 64 0.05459695091350404
52 65 0.22414262223449694
52 66 0.04062585014170032
52 67 0.037165404825695234
52 68 0.0
52 69 0.04492047082236306
52 70 0.0
52 71 0.0
52 72 0.0
52 73 0.0
52 74 0.0
52 75 0.06014157504759929
52 76 0.0
52 77 0.1087978268017705
52 78 0.04285882540303873
52 79 0.0
52 80 0.0
52 81 0.0
52 82 0.0
52 83 0.0
52 84 0.0
52 85 0.05437567296724128
52 86 0.0
52 87 0.0
52 88 0.0
52 89 0.06428320766363765
52 90 0.0
52 91 0.0
52 92 0.0
52 93 0.0
52 94 0.0
52 95 0.0
52 96 0.0
52 97 0.07375189170965225
52 98 0.0
52 99 0.0
52 100 0.0
53 54 0.0
53 55 0.0
53 56 0.23363258166476536
53 57 0.0
53 58 0.0
53 59 0.0
53 60 0.0
53 61 0.0
53 62 0.0
53 63 0.0
53 64 0.0
53 65 0.0
53 66 0.030370059055829242
53 67 0.027783185716810332
53 68 0.0
53 69 0.033580524393519134
53 70 0.0
53 71 0.0
53 72 0.0
53 73 0.4250361282662229
53 74 0.21657519616254323
53 75 0.0
53 76 0.0
53 77 0.0
53 78 0.0
53 79 0.0
53 80 0.04572664539581121
53 81 0.0
53 82 0.9999999999999998
53 83 0.0
53 84 0.0
53 85 0.0
53 86 0.0
53 87 0.0
53 88 0.0
53 89 0.0
53 90 0.0
53 91 0.0
53 92 0.0
53 93 0.13326231521424506
53 94 0.0
53 95 0.0
53 96 0.0
53 97 0.0
53 98 0.0
53 99 0.036201823387821866
53 100 0.2803993485987021
54 55 0.0
54 56 0.0
54 57 0.0
54 58 0.0
54 59 0.0
54 60 0.0
54 61 0.0
54 62 0.0
54 63 0.0
54 64 0.0
54 65 0.0
54 66 0.0
54 67 0.0
54 68 0.0
54 69 0.0
54 70 0.0
54 71 0.0
54 72 0.0
54 73 0.0
54 74 0.0
54 75 0.0
54 76 0.0
54 77 0.0
54 78 0.0
54 79 0.0
54 80 0.0
54 81 0.0
54 82 0.0
54 83 0.0
54 84 0.0
54 85 0.0
54 86 0.0
54 87 0.0
54 88 0.0
54 89 0.0
54 90 0.0
54 91 0.0
54 92 0.0
54 93 0.0
54 94 0.0
54 95 0.0
54 96 0.0
54 97 0.0
54 98 0.0
54 99 0.0
54 100 0.0
55 56 0.0
55 57 0.0
55 58 0.0
55 59 0.0
55 60 0.0
55 61 0.0
55 62 0.0
55 63 0.0
55 64 0.0
55 65 0.0
55 66 0.17656564868619154
55 67 0.32305213497541574
55 68 0.0
55 69 0.0
55 70 0.0
55 71 0.0
55 72 0.0
55 73 0.0
55 74 0.0
55 75 0.0
55 76 0.26435763377858934
55 77 0.0
55 78 0.0
55 79 0.24344698778534116
55 80 0.0
55 81 0.0
55 82 0.0
55 83 0.0
55 84 0.0
55 85 0.0
55 86 0.0
55 87 0.0
55 88 0.0
55 89 0.0
55 90 0.0
55 91 0.0
55 92 0.0
55 93 0.0
55 94 0.0
55 95 0.0
55 96 0.0
55 97 0.0
55 98 0.0
55 99 0.0
55 100 0.0
56 57 0.0
56 58 0.0
56 59 0.0
56 60 0.0
56 61 0.0
56 62 0.0
56 63 0.0
56 64 0.0
56 65 0.0
56 66 0.025693030000179636
56 67 0.0235045385591885
56 68 0.0
56 69 0.028409079451521442
56 70 0.07322519528979651
56 71 0.0
56 72 0.0
56 73 0.20469574073742422
56 74 0.038406680317180725
56 75 0.0
56 76 0.0
56 77 0.0
56 78 0.0
56 79 0.0
56 80 0.038684681837543256
56 81 0.14749151727884213
56 82 0.23363258166476536
56 83 0.0
56 84 0.0
56 85 0.0
56 86 0.0
56 87 0.10527992015190779
56 88 0.11785120264672252
56 89 0.0
56 90 0.0
56 91 0.0
56 92 0.0
56 93 0.0
56 94 0.0
56 95 0.0
56 96 0.0
56 97 0.2941881880257499
56 98 0.0
56 99 0.030626694951585272
56 100 0.5538663039316785
57 58 0.0
57 59 0.0
57 60 0.028122802639614523
57 61 0.0
57 62 0.0
57 63 0.0
57 64 0.0
57 65 0.0
57 66 0.0
57 67 0.0
57 68 0.0
57 69 0.022705583467747485
57 70 0.0
57 71 0.0
57 72 0.0
57 73 0.0
57 74 0.030696034595170212
57 75 0.10768946349084582
57 76 0.0
57 77 0.0
57 78 0.0
57 79 0.0
57 80 0.0
57 81 0.0
57 82 0.0
57 83 0.0
57 84 0.09551459121622216
57 85 0.0
57 86 0.0
57 87 0.07547507697245812
57 88 0.0
57 89 0.0
57 90 0.02680983280526303
57 91 0.0
57 92 0.0
57 93 0.0
57 94 0.0
57 95 0.17247607426238776
57 96 0.0
57 97 0.03466440235348599
57 98 0.13818069770847138
57 99 0.024477983517597505
57 100 0.0
58 59 0.057130213882491204
58 60 0.05713151291242394
58 61 0.0
58 62 0.0
58 63 0.0
58 64 0.0
58 65 0.0
58 66 0.10541334257420068
58 67 0.09643440167122846
58 68 0.0
58 69 0.0
58 70 0.0
58 71 0.0
58 72 0.07388716142082533
58 73 0.0
58 74 0.0
58 75 0.0
58 76 0.0
58 77 0.0
58 78 0.0
58 79 0.0
58 80 0.0
58 81 0.0715489540162072
58 82 0.0
58 83 0.0
58 84 0.0
58 85 0.0
58 86 0.0
58 87 0.0
58 88 0.0
58 89 0.0
58 90 0.0
58 91 0.1197485151078935
58 92 0.0
58 93 0.0
58 94 0.0
58 95 0.0
58 96 0.0
58 97 0.0
58 98 0.0
58 99 0.0
58 100 0.11551017050029361
59 60 0.0
59 61 0.0697950503344829
59 62 0.0
59 63 0.0
59 64 0.045932378743343966
59 65 0.0
59 66 0.034178500891656305
59 67 0.03126723053285569
59 68 0.0
59 69 0.03779156243378736
59 70 0.0
59 71 0.09663188799481284
59 72 0.06172703290998924
59 73 0.0
59 74 0.0
59 75 0.0
59 76 0.0
59 77 0.0
59 78 0.0
59 79 0.0
59 80 0.0
59 81 0.0
59 82 0.0
59 83 0.0
59 84 0.0
59 85 0.04574621775330273
59 86 0.0
59 87 0.0
59 88 0.0
59 89 0.0
59 90 0.0
59 91 0.0
59 92 0.0
59 93 0.0
59 94 0.48162963857889457
59 95 0.0
59 96 0.0
59 97 0.0
59 98 0.0
59 99 0.0
59 100 0.0
60 61 0.0
60 62 0.0
60 63 0.0
60 64 0.0
60 65 0.0
60 66 0.0
60 67 0.0
60 68 0.0
60 69 0.021587994850189897
60 70 0.0
60 71 0.0
60 72 0.0
60 73 0.0
60 74 0.029185149005445287
60 75 0.0784248807957555
60 76 0.0
60 77 0.0
60 78 0.0
60 79 0.0
60 80 0.0
60 81 0.061623701261280354
60 82 0.0
60 83 0.0
60 84 0.06955852678218878
60 85 0.0
60 86 0.0
60 87 0.0
60 88 0.0
60 89 0.0
60 90 0.02549022945640637
60 91 0.0
60 92 0.0
60 93 0.0
60 94 0.0
60 95 0.0
60 96 0.0
60 97 0.03295819024227898
60 98 0.0
60 99 0.02327315582405297
60 100 0.0
61 62 0.0
61 63 0.0
61 64 0.14576815547522048
61 65 0.0
61 66 0.0
61 67 0.0
61 68 0.0
61 69 0.0
61 70 0.0
61 71 0.0
61 72 0.0
61 73 0.0
61 74 0.0
61 75 0.0
61 76 0.0
61 77 0.0
61 78 0.0
61 79 0.0
61 80 0.0
61 81 0.0
61 82 0.0
61 83 0.0
61 84 0.0
61 85 0.0
61 86 0.0
61 87 0.0
61 88 0.0
61 89 0.1855828815445314
61 90 0.0
61 91 0.0
61 92 0.0
61 93 0.0
61 94 0.0
61 95 0.0
61 96 0.15770998141390172
61 97 0.0
61 98 0.0
61 99 0.0
61 100 0.0
62 63 0.23602746825564322
62 64 0.0
62 65 0.431441215879963
62 66 0.0
62 67 0.0
62 68 0.0
62 69 0.0
62 70 0.0
62 71 0.0
62 72 0.0
62 73 0.0
62 74 0.0
62 75 0.0
62 76 0.0
62 77 0.0
62 78 0.0
62 79 0.0
62 80 0.0
62 81 0.0
62 82 0.0
62 83 0.0
62 84 0.0
62 85 0.0
62 86 0.0
62 87 0.0
62 88 0.0
62 89 0.0
62 90 0.0
62 91 0.0
62 92 0.0
62 93 0.0
62 94 0.0
62 95 0.0
62 96 0.0
62 97 0.0
62 98 0.0
62 99 0.0
62 100 0.0
63 64 0.0
63 65 0.14708882468629597
63 66 0.0
63 67 0.0
63 68 0.0
63 69 0.0
63 70 0.0
63 71 0.0
63 72 0.0
63 73 0.0
63 74 0.0
63 75 0.0
63 76 0.0
63 77 0.28848490402927596
63 78 0.0
63 79 0.0
63 80 0.0
63 81 0.0
63 82 0.0
63 83 0.0
63 84 0.0
63 85 0.0
63 86 0.0
63 87 0.0
63 88 0.0
63 89 0.0
63 90 0.0
63 91 0.0
63 92 0.0
63 93 0.0
63 94 0.0
63 95 0.0
63 96 0.0
63 97 0.0
63 98 0.0
63 99 0.0
63 100 0.0
64 65 0.0
64 66 0.04038363251277676
64 67 0.036943818909253724
64 68 0.0
64 69 0.04465264799786161
64 70 0.0
64 71 0.0
64 72 0.0
64 73 0.0
64 74 0.0
64 75 0.0
64 76 0.0
64 77 0.0
64 78 0.0
64 79 0.0
64 80 0.0
64 81 0.0
64 82 0.0
64 83 0.0
64 84 0.0
64 85 0.054051476758883554
64 86 0.0
64 87 0.0
64 88 0.0
64 89 0.0
64 90 0.0
64 91 0.0
64 92 0.0
64 93 0.0
64 94 0.0
64 95 0.0
64 96 0.6427406655939089
64 97 0.0
64 98 0.0
64 99 0.0
64 100 0.0
65 66 0.0
65 67 0.0
65 68 0.0
65 69 0.0
65 70 0.0
65 71 0.0
65 72 0.0
65 73 0.0
65 74 0.0
65 75 0.0
65 76 0.0
65 77 0.0
65 78 0.0
65 79 0.0
65 80 0.0
65 81 0.0
65 82 0.0
65 83 0.0
65 84 0.0
65 85 0.0
65 86 0.0
65 87 0.0
65 88 0.0
65 89 0.0
65 90 0.0
65 91 0.0
65 92 0.0
65 93 0.0
65 94 0.0
65 95 0.0
65 96 0.0
65 97 0.0
65 98 0.0
65 99 0.0
65 100 0.0
66 67 0.726987635111037
66 68 0.0
66 69 0.051628865863349326
66 70 0.0
66 71 0.0
66 72 0.0
66 73 0.026608539315772273
66 74 0.02487878898759306
66 75 0.0
66 76 0.24523869288349529
66 77 0.0
66 78 0.12758415673296716
66 79 0.12061111190258544
66 80 0.02505887071051758
66 81 0.0
66 82 0.030370059055829242
66 83 0.0
66 84 0.0
66 85 0.14237044360555676
66 86 0.0
66 87 0.0
66 88 0.0
66 89 0.0
66 90 0.0
66 91 0.162007737814968
66 92 0.10036258862974352
66 93 0.0
66 94 0.0
66 95 0.0
66 96 0.0
66 97 0.0
66 98 0.0
66 99 0.019839128890997145
66 100 0.0
67 68 0.0
67 69 0.04723120116404256
67 70 0.0
67 71 0.0
67 72 0.0
67 73 0.024342066247028078
67 74 0.022759653301331402
67 75 0.0
67 76 0.34416464691411175
67 77 0.0
67 78 0.11671674113370858
67 79 0.22067529834831448
67 80 0.022924395949444717
67 81 0.0
67 82 0.027783185716810332
67 83 0.0
67 84 0.0
67 85 0.1302435556021296
67 86 0.0
67 87 0.0
67 88 0.0
67 89 0.0
67 90 0.0
67 91 0.14820817631599667
67 92 0.09181386291656868
67 93 0.0
67 94 0.0
67 95 0.0
67 96 0.0
67 97 0.0
67 98 0.0
67 99 0.018149263438212333
67 100 0.0
68 69 0.0
68 70 0.0
68 71 0.0
68 72 0.0
68 73 0.0
68 74 0.0
68 75 0.0
68 76 0.0
68 77 0.0
68 78 0.0
68 79 0.0
68 80 0.0
68 81 0.0
68 82 0.0
68 83 0.0
68 84 0.0
68 85 0.0
68 86 0.0
68 87 0.0
68 88 0.0
68 89 0.0
68 90 0.0
68 91 0.0
68 92 0.0
68 93 0.0
68 94 0.0
68 95 0.0
68 96 0.0
68 97 0.0
68 98 0.15191699833958291
68 99 0.0
68 100 0.0
69 70 0.0
69 71 0.0
69 72 0.0
69 73 0.029421368655445517
69 74 0.05107205671302082
69 75 0.0
69 76 0.0
69 77 0.0
69 78 0.0
69 79 0.0
69 80 0.027707882214574157
69 81 0.0
69 82 0.033580524393519134
69 83 0.0
69 84 0.0
69 85 0.044471673674591906
69 86 0.0
69 87 0.0
69 88 0.0
69 89 0.0
69 90 0.020580115714327805
69 91 0.0
69 92 0.0
69 93 0.0
69 94 0.0
69 95 0.0
69 96 0.0
69 97 0.026609543475508438
69 98 0.0
69 99 0.7376867691415704
69 100 0.0
70 71 0.0
70 72 0.0
70 73 0.0
70 74 0.0
70 75 0.0
70 76 0.0
70 77 0.0
70 78 0.0
70 79 0.0
70 80 0.0
70 81 0.0
70 82 0.0
70 83 0.0
70 84 0.08202208609170127
70 85 0.0
70 86 0.0
70 87 0.0
70 88 0.0
70 89 0.0
70 90 0.0
70 91 0.0
70 92 0.0
70 93 0.0
70 94 0.0
70 95 0.0
70 96 0.0
70 97 0.0
70 98 0.11866112747107319
70 99 0.0
70 100 0.10994610630386989
71 72 0.0
71 73 0.0
71 74 0.0
71 75 0.0
71 76 0.0
71 77 0.03709884631588393
71 78 0.03196672400057451
71 79 0.0
71 80 0.0
71 81 0.0
71 82 0.0
71 83 0.0
71 84 0.0
71 85 0.0
71 86 0.0
71 87 0.0
71 88 0.0
71 89 0.0
71 90 0.0
71 91 0.0
71 92 0.0
71 93 0.0
71 94 0.11267301342304484
71 95 0.0
71 96 0.0
71 97 0.055008655618349174
71 98 0.05755815076446806
71 99 0.0
71 100 0.0
72 73 0.0
72 74 0.0
72 75 0.0
72 76 0.0
72 77 0.0
72 78 0.0
72 79 0.0
72 80 0.0
72 81 0.0
72 82 0.0
72 83 0.0
72 84 0.0
72 85 0.0
72 86 0.0
72 87 0.0
72 88 0.0
72 89 0.0
72 90 0.0
72 91 0.0
72 92 0.0
72 93 0.0
72 94 0.07197386858471903
72 95 0.0
72 96 0.0
72 97 0.0
72 98 0.0
72 99 0.0
72 100 0.10770665827077305
73 74 0.18975101797854485
73 75 0.0
73 76 0.0
73 77 0.0
73 78 0.0
73 79 0.0
73 80 0.040063117412979875
73 81 0.0
73 82 0.4250361282662229
73 83 0.0
73 84 0.0
73 85 0.0
73 86 0.0
73 87 0.0
73 88 0.0
73 89 0.0
73 90 0.0
73 91 0.0
73 92 0.0
73 93 0.11675695286501171
73 94 0.0
73 95 0.0
73 96 0.0
73 97 0.0
73 98 0.0
73 99 0.03171800354904513
73 100 0.24567015419989538
74 75 0.0
74 76 0.0
74 77 0.0
74 78 0.0
74 79 0.0
74 80 0.037458720769083416
74 81 0.0
74 82 0.21657519616254323
74 83 0.0
74 84 0.0
74 85 0.0
74 86 0.0
74 87 0.0
74 88 0.0
74 89 0.0
74 90 0.027822581385629694
74 91 0.0
74 92 0.0
74 93 0.10916689408205
74 94 0.0
74 95 0.0
74 96 0.0
74 97 0.03597385939216846
74 98 0.0
74 99 0.05505874641833855
74 100 0.0
75 76 0.0
75 77 0.0
75 78 0.04363869730957172
75 79 0.0
75 80 0.0
75 81 0.0
75 82 0.0
75 83 0.0
75 84 0.40850520701576254
75 85 0.0
75 86 0.0
75 87 0.04879415366598209
75 88 0.0
75 89 0.19716286279862336
75 90 0.0
75 91 0.0
75 92 0.11771583732361629
75 93 0.0
75 94 0.0
75 95 0.09218426496778362
75 96 0.0
75 97 0.0750939030190416
75 98 0.1320546722784245
75 99 0.0
75 100 0.0
76 77 0.0
76 78 0.0
76 79 0.42736909320283695
76 80 0.0
76 81 0.0
76 82 0.0
76 83 0.0
76 84 0.0
76 85 0.15294175437787924
76 86 0.0
76 87 0.0
76 88 0.0
76 89 0.0
76 90 0.08852447199172403
76 91 0.12980709685999076
76 92 0.15026488248123138
76 93 0.0
76 94 0.0
76 95 0.0
76 96 0.0
76 97 0.0
76 98 0.0
76 99 0.0
76 100 0.0
77 78 0.016625419023682007
77 79 0.0
77 80 0.0
77 81 0.0
77 82 0.0
77 83 0.0
77 84 0.0
77 85 0.0
77 86 0.0
77 87 0.0
77 88 0.0
77 89 0.0
77 90 0.0
77 91 0.0
77 92 0.0
77 93 0.16204874152584361
77 94 0.04950346067875668
77 95 0.0
77 96 0.0
77 97 0.028609185901190198
77 98 0.02993514051268896
77 99 0.0
77 100 0.0
78 79 0.0
78 80 0.0
78 81 0.0
78 82 0.0
78 83 0.0
78 84 0.0
78 85 0.09505653221109597
78 86 0.0
78 87 0.0
78 88 0.0
78 89 0.04664386390116338
78 90 0.0
78 91 0.0
78 92 0.0
78 93 0.0
78 94 0.0
78 95 0.0
78 96 0.0
78 97 0.07816582937507578
78 98 0.025794019753057222
78 99 0.0
78 100 0.0
79 80 0.0
79 81 0.0
79 82 0.0
79 83 0.0
79 84 0.0
79 85 0.0
79 86 0.0
79 87 0.0
79 88 0.0
79 89 0.0
79 90 0.08152220060239644
79 91 0.0
79 92 0.0
79 93 0.0
79 94 0.0
79 95 0.0
79 96 0.0
79 97 0.0
79 98 0.0
79 99 0.0
79 100 0.0
80 81 0.0
80 82 0.04572664539581121
80 83 0.0
80 84 0.0
80 85 0.0
80 86 0.0
80 87 0.0
80 88 0.0
80 89 0.0
80 90 0.0
80 91 0.0
80 92 0.0
80 93 0.0
80 94 0.0
80 95 0.0
80 96 0.0
80 97 0.0
80 98 0.19749151981019925
80 99 0.029870762190246574
80 100 0.0
81 82 0.0
81 83 0.0
81 84 0.0
81 85 0.0
81 86 0.0
81 87 0.11696699893105139
81 88 0.1309338141035104
81 89 0.0
81 90 0.0
81 91 0.0
81 92 0.167488503775659
81 93 0.0
81 94 0.0
81 95 0.0
81 96 0.0
81 97 0.37628358015756425
81 98 0.0
81 99 0.0
81 100 0.22145544267217895
82 83 0.0
82 84 0.0
82 85 0.0
82 86 0.0
82 87 0.0
82 88 0.0
82 89 0.0
82 90 0.0
82 91 0.0
82 92 0.0
82 93 0.13326231521424506
82 94 0.0
82 95 0.0
82 96 0.0
82 97 0.0
82 98 0.0
82 99 0.036201823387821866
82 100 0.2803993485987021
83 84 0.0
83 85 0.0
83 86 0.0
83 87 0.0
83 88 0.0
83 89 0.0
83 90 0.0
83 91 0.0
83 92 0.0
83 93 0.0
83 94 0.0
83 95 0.0
83 96 0.0
83 97 0.0
83 98 0.0
83 99 0.0
83 100 0.0
84 85 0.0
84 86 0.0
84 87 0.0
84 88 0.0
84 89 0.0
84 90 0.0
84 91 0.0
84 92 0.0
84 93 0.0
84 94 0.0
84 95 0.08176233866848291
84 96 0.0
84 97 0.0
84 98 0.21726730521598767
84 99 0.0
84 100 0.0
85 86 0.0
85 87 0.0
85 88 0.0
85 89 0.0
85 90 0.0
85 91 0.11604193930627255
85 92 0.13433031625041822
85 93 0.0
85 94 0.0
85 95 0.0
85 96 0.0
85 97 0.0
85 98 0.0
85 99 0.0
85 100 0.0
86 87 0.0
86 88 0.0
86 89 0.0
86 90 0.0
86 91 0.0
86 92 0.0
86 93 0.0
86 94 0.0
86 95 0.0
86 96 0.0
86 97 0.0
86 98 0.0
86 99 0.0
86 100 0.0
87 88 0.09346097828759505
87 89 0.0
87 90 0.0
87 91 0.0
87 92 0.0
87 93 0.0
87 94 0.0
87 95 0.06460812663148217
87 96 0.0
87 97 0.11512268254151493
87 98 0.0
87 99 0.0
87 100 0.15807560835959303
88 89 0.0
88 90 0.0
88 91 0.0
88 92 0.0
88 93 0.0
88 94 0.0
88 95 0.0
88 96 0.0
88 97 0.12886927127089512
88 98 0.0
88 99 0.0
88 100 0.1769511273128825
89 90 0.0
89 91 0.0
89 92 0.12582230528522012
89 93 0.10745256099529138
89 94 0.0
89 95 0.0
89 96 0.0
89 97 0.08026522348684002
89 98 0.0
89 99 0.0
89 100 0.0
90 91 0.0
90 92 0.0
90 93 0.0
90 94 0.0
90 95 0.08856857454530884
90 96 0.0
90 97 0.03141947057278294
90 98 0.0
90 99 0.022186601544996156
90 100 0.0
91 92 0.2967277489318303
91 93 0.0
91 94 0.0
91 95 0.0
91 96 0.0
91 97 0.0
91 98 0.0
91 99 0.0
91 100 0.0
92 93 0.0
92 94 0.0
92 95 0.0
92 96 0.0
92 97 0.16484757261220773
92 98 0.0
92 99 0.0
92 100 0.0
93 94 0.0
93 95 0.0
93 96 0.0
93 97 0.0
93 98 0.0
93 99 0.0
93 100 0.0
94 95 0.0
94 96 0.0
94 97 0.0
94 98 0.0
94 99 0.0
94 100 0.0
95 96 0.0
95 97 0.0
95 98 0.11828535158477915
95 99 0.0
95 100 0.0
96 97 0.0
96 98 0.0
96 99 0.0
96 100 0.0
97 98 0.044386604945296254
97 99 0.028686687022577838
97 100 0.21796356969770767
98 99 0.0
98 100 0.0
99 100 0.0
