0:1 47 62 83 82 90 99 96 97 105 117 116 123 140 161 
1:2. 
2:3. 35 
3:4. 122 
4:128. 
5:55 154 164. 
6:19 24 39 72. 141 168 
7:18 133 132. 151 
8:153 158 159 166 165. 
9:25 27 26 41 67 115 114 138 131 135 155 147. 150 175 
10:29 28 46 45. 52 
11:34. 
12:170. 
13:32. 33 
14:36. 
15:173. 
17:42. 
16:172. 
19:44. 136 
18:163. 
21:50. 
20:51. 110 
23:48. 
22:49. 91 
25:53. 
24:54. 
27:58. 167 
26:59. 60 139 
29:176. 
28:0. 57 129 162 
31:56 63. 64 65 109 
30:177. 
34:92. 
35:95. 94 
32:5 6 7 8 9 10 11 12 13 14 15 17 16 21 20 23 22 31 30 38 37 43 40 61 68 69 70 71 66 76 77 78 79 73 74 75 85 84 86. 81 80 93 111 107 118 113 112 127 125 124 137 143 142 130 134 152 156 157 144 145 146 148 149 171 169 174 160 
33:87. 
38:102. 
39:103. 
36:89. 
37:88. 
42:98. 
43:108. 
40:100. 
41:101. 
46:119. 
47:126. 
44:106. 
45:104. 
49:120. 
48:121. 
