12
0	0	0	0	0	0	0	0	0	0	0	
0	0	0	0	0	0	0	0	0	0	
0	0	0	0	0	0	0	0	0	
0	0	0	0	0	0	0	0	
0	0	0	0	0	0	0	
0	0	0	0	0	0	
0	0	0	0	0	
0	0	0	0	
0	0	0	
0	0	
0	

0	0	0	0	0	0	0	0	0	0	0	
0	0	3.0	0	0	0	0	0	0	0	
2.0	0	0	0	0	0	0	0	0	
0	0	0	0	0	0	0	0	
0	0	0	0	0	0	0	
0	0	0	0	0	0	
0	0	0	0	0	
0	0	0	0	
0	0	0	
0	0	
0	

0	0	0	0	0	0	0	0	0	0	0	
0	0	0	0	0	0	0	0	0	0	
0	0	0	0	0	0	0	0	0	
0	0	0	0	0	0	0	0	
0	0	0	0	0	0	0	
0	0	0	0	0	0	
0	0	0	0	0	
0	0	0	0	
0	0	0	
0	0	
0	

0	0	0	0	0	0	0	0	0	0	0	
0	0	0	0	0	0	0	0	0	0	
0	0	0	0	0	0	0	0	0	
0	0	0	0	0	0	0	0	
0	0	0	0	0	0	0	
1.0	0	0	0	0	0	
0	0	0	0	0	
0	0	0	0	
0	0	0	
0	0	
0	

0	0	0	0	0	0	0	0	0	0	1.0	
0	0	0	0	0	0	0	0	0	1.0	
0	0	0	0	0	0	0	0	1.0	
0	0	0	0	0	0	0	1.0	
0	0	0	0	0	0	1.0	
0	0	0	0	0	1.0	
0	0	0	0	1.0	
0	0	0	1.0	
0	0	1.0	
0	1.0	
1.0	

0	0	0	0	0	0	0	0	0	0	0	
0	0	0	0	0	0	0	0	0	0	
0	0	0	0	0	0	0	0	0	
0	0	0	0	0	0	0	0	
0	0	0	0	0	0	0	
0	0	0	0	0	0	
0	0	0	0	0	
0	0	0	0	
0	0	0	
0	0	
0	

0.05675390246946999	0	0	0.04416334589470693	0	0	0	0	0	0	0	
0	0.0664785604496945	0.1856752163133063	0	0	0	0	0	0	0.042591195867860185	
0.30859523725004523	0	0	0	0	0	0	0	0	
0	0.09053353289881853	0	0	0	0	0	0.051511605334214165	
0	0	0	0	0	0	0	
0	0	0	0	0	0	
0	0	0.060245658816693554	0	0	
0	0	0	0	
0	0	0	
0	0.2545178894745268	
0	

0	0	0	0	0	0	0	0	0	0	0	
0	0	0	0	0	0	0	0	0	0	
0	0	0	0	0	0	0	0	0	
0	0	0	0	0	0	0	0	
0	0	0	0	0	0	0	
0	0	0	0	0	0	
0	0	0	0	0	
0	0	0	0	
0	0	0	
0	0	
0	

