0 1 0.0
0 2 0.0
0 3 0.0
0 4 0.0
0 5 0.0
0 6 0.0
0 7 0.0
0 8 0.0
0 9 0.0
0 10 0.0
0 11 0.0
0 12 0.0
0 13 0.0
0 14 0.0
0 15 0.0
0 16 0.0
0 17 0.0
0 18 0.0
0 19 0.0
0 20 0.0
0 21 0.0
0 22 0.0
0 23 0.0
0 24 0.0
0 25 0.0
0 26 0.0
0 27 0.0
0 28 0.0
0 29 0.0
0 30 0.0
0 31 0.0
1 2 0.0
1 3 0.0
1 4 0.0
1 5 0.0
1 6 0.0
1 7 0.0
1 8 0.0
1 9 0.0
1 10 0.0
1 11 0.0
1 12 0.0
1 13 0.0
1 14 0.0
1 15 0.0
1 16 0.0
1 17 0.0
1 18 0.0
1 19 0.0
1 20 0.0
1 21 0.0
1 22 0.0
1 23 0.0
1 24 0.0
1 25 0.0
1 26 0.0
1 27 0.0
1 28 0.0
1 29 0.0
1 30 0.0
1 31 0.0
2 3 0.0
2 4 0.0
2 5 0.0
2 6 0.0
2 7 0.0863399790883381
2 8 0.0
2 9 0.0
2 10 0.0
2 11 0.0
2 12 0.0
2 13 0.0
2 14 0.33781658502038875
2 15 0.0
2 16 0.0
2 17 0.0
2 18 0.0
2 19 0.0
2 20 0.0
2 21 0.0
2 22 0.0
2 23 0.0
2 24 0.0
2 25 0.0
2 26 0.0
2 27 0.0
2 28 0.0
2 29 0.0
2 30 0.0
2 31 0.0
3 4 0.0
3 5 0.0
3 6 0.0
3 7 0.0
3 8 0.0
3 9 0.0
3 10 0.0
3 11 0.0
3 12 0.0
3 13 0.0
3 14 0.0
3 15 0.0
3 16 0.0
3 17 0.0
3 18 0.054178535559143086
3 19 0.0
3 20 0.0
3 21 0.0
3 22 0.052521677384097305
3 23 0.0
3 24 0.0
3 25 0.0
3 26 0.0
3 27 0.0
3 28 0.0
3 29 0.0
3 30 0.0
3 31 0.0
4 5 0.03911942451940839
4 6 0.0
4 7 0.0
4 8 0.03565536640501381
4 9 0.03089455115431094
4 10 0.0
4 11 0.0
4 12 0.0
4 13 0.0
4 14 0.0
4 15 0.1008293521131672
4 16 0.0
4 17 0.0
4 18 0.0
4 19 0.0
4 20 0.0
4 21 0.0
4 22 0.0
4 23 0.0
4 24 0.029512911191541247
4 25 0.0
4 26 0.0
4 27 0.0
4 28 0.0
4 29 0.04100708100068285
4 30 0.0
4 31 0.0
5 6 0.0
5 7 0.0
5 8 0.04787288587442058
5 9 0.04148074948246218
5 10 0.0
5 11 0.0
5 12 0.0
5 13 0.0
5 14 0.0
5 15 0.0
5 16 0.0
5 17 0.0
5 18 0.0
5 19 0.0
5 20 0.0
5 21 0.0
5 22 0.0
5 23 0.0
5 24 0.07925136503973149
5 25 0.0
5 26 0.0
5 27 0.0
5 28 0.0
5 29 0.05505839672181178
5 30 0.0
5 31 0.0
6 7 0.0
6 8 0.0
6 9 0.0
6 10 0.0
6 11 0.0
6 12 0.0
6 13 0.0
6 14 0.0
6 15 0.0
6 16 0.0
6 17 0.222499670154087
6 18 0.0
6 19 0.0
6 20 0.0
6 21 0.0
6 22 0.0
6 23 0.0
6 24 0.0
6 25 0.24681507824158183
6 26 0.0
6 27 0.0
6 28 0.0
6 29 0.0
6 30 0.0
6 31 0.0
7 8 0.0
7 9 0.0
7 10 0.0
7 11 0.0
7 12 0.0
7 13 0.0
7 14 0.11435127517173913
7 15 0.0
7 16 0.0
7 17 0.0
7 18 0.0
7 19 0.0
7 20 0.0
7 21 0.0
7 22 0.0
7 23 0.0
7 24 0.0
7 25 0.0
7 26 0.0
7 27 0.0
7 28 0.0
7 29 0.0
7 30 0.0
7 31 0.0
8 9 0.05929914625294904
8 10 0.0
8 11 0.0
8 12 0.022220915711888167
8 13 0.0
8 14 0.0
8 15 0.030199938970815333
8 16 0.0
8 17 0.0
8 18 0.019704065628192914
8 19 0.03352883699809482
8 20 0.0
8 21 0.08639132947402413
8 22 0.0
8 23 0.0
8 24 0.08333646849462312
8 25 0.0
8 26 0.0
8 27 0.030626820131024673
8 28 0.0
8 29 0.05018292914341929
8 30 0.026460404692468735
8 31 0.033104152962670025
9 10 0.0
9 11 0.0
9 12 0.019253910038630966
9 13 0.0
9 14 0.0
9 15 0.0
9 16 0.05838930843924325
9 17 0.0
9 18 0.017073117594228523
9 19 0.08217148520308833
9 20 0.0
9 21 0.018713497544112494
9 22 0.0
9 23 0.0
9 24 0.04908350729643338
9 25 0.0
9 26 0.0
9 27 0.026537431995054976
9 28 0.0
9 29 0.04348234860030821
9 30 0.05734422294952021
9 31 0.0717423618462903
10 11 0.0
10 12 0.0
10 13 0.03235837527354573
10 14 0.0
10 15 0.0
10 16 0.0
10 17 0.0
10 18 0.0
10 19 0.0
10 20 0.0
10 21 0.0
10 22 0.0
10 23 0.024609852742977154
10 24 0.026785167476452133
10 25 0.0
10 26 0.0
10 27 0.0
10 28 0.0
10 29 0.0
10 30 0.0
10 31 0.0
11 12 0.0
11 13 0.0
11 14 0.07555483375736745
11 15 0.0
11 16 0.0
11 17 0.0
11 18 0.0
11 19 0.0
11 20 0.0
11 21 0.0
11 22 0.0
11 23 0.0
11 24 0.0
11 25 0.0
11 26 0.0
11 27 0.0
11 28 0.0
11 29 0.06486960992466587
11 30 0.0
11 31 0.0
12 13 0.0
12 14 0.0
12 15 0.0
12 16 0.0
12 17 0.0
12 18 0.017652531718105966
12 19 0.0
12 20 0.0
12 21 0.43096824105043846
12 22 0.0
12 23 0.14960907607208423
12 24 0.04512506758273649
12 25 0.0
12 26 0.0
12 27 0.027438038625596184
12 28 0.0
12 29 0.0
12 30 0.058158929404717966
12 31 0.029657438277024138
13 14 0.0
13 15 0.0
13 16 0.0
13 17 0.0
13 18 0.0
13 19 0.0
13 20 0.0
13 21 0.0
13 22 0.13116601293188118
13 23 0.023482418816461705
13 24 0.02555807738145074
13 25 0.0
13 26 0.0
13 27 0.17391466714725123
13 28 0.0
13 29 0.0
13 30 0.0
13 31 0.18798222339322654
14 15 0.0
14 16 0.0
14 17 0.0
14 18 0.0
14 19 0.0
14 20 0.0
14 21 0.0
14 22 0.0
14 23 0.0
14 24 0.0
14 25 0.0
14 26 0.0
14 27 0.36135826521069414
14 28 0.0
14 29 0.08421092539978992
14 30 0.0
14 31 0.256718847922555
15 16 0.0
15 17 0.0
15 18 0.0
15 19 0.026382987691066156
15 20 0.0
15 21 0.0
15 22 0.0
15 23 0.0
15 24 0.0
15 25 0.0
15 26 0.0
15 27 0.0
15 28 0.0
15 29 0.0
15 30 0.0
15 31 0.0
16 17 0.0
16 18 0.0
16 19 0.0
16 20 0.0
16 21 0.0
16 22 0.0
16 23 0.0
16 24 0.0
16 25 0.0
16 26 0.0
16 27 0.0
16 28 0.0
16 29 0.0
16 30 0.0
16 31 0.0
17 18 0.0
17 19 0.0
17 20 0.0
17 21 0.0
17 22 0.0
17 23 0.0
17 24 0.0
17 25 0.5356250623952031
17 26 0.0
17 27 0.0
17 28 0.0
17 29 0.0
17 30 0.0
17 31 0.0
18 19 0.0
18 20 0.0
18 21 0.017157066190262128
18 22 0.09608404403691179
18 23 0.0
18 24 0.016309588082521705
18 25 0.0
18 26 0.0
18 27 0.024330271569249377
18 28 0.0
18 29 0.0
18 30 0.021020426843067947
18 31 0.026298291112365174
19 20 0.5324551672911283
19 21 0.0
19 22 0.0
19 23 0.0
19 24 0.0
19 25 0.0
19 26 0.0
19 27 0.0
19 28 0.0
19 29 0.03371707657268019
19 30 0.0
19 31 0.0
20 21 0.0
20 22 0.0
20 23 0.0
20 24 0.0
20 25 0.0
20 26 0.0
20 27 0.0
20 28 0.0
20 29 0.03520469911497017
20 30 0.0
20 31 0.0
21 22 0.0
21 23 0.1454098971084088
21 24 0.017876608348959693
21 25 0.0
21 26 0.0
21 27 0.026667916667583395
21 28 0.0
21 29 0.0
21 30 0.02304006306598178
21 31 0.028825022930314963
22 23 0.0
22 24 0.0
22 25 0.0
22 26 0.0
22 27 0.0
22 28 0.0
22 29 0.0
22 30 0.0
22 31 0.0
23 24 0.019437951239329825
23 25 0.0
23 26 0.0
23 27 0.0
23 28 0.0
23 29 0.0
23 30 0.0
23 31 0.0
24 25 0.0
24 26 0.0
24 27 0.025350647426782173
24 28 0.0
24 29 0.041537767816428275
24 30 0.05373439895527824
24 31 0.0274012028192506
25 26 0.0
25 27 0.0
25 28 0.044224954464157015
25 29 0.0
25 30 0.0
25 31 0.0
26 27 0.0
26 28 0.0
26 29 0.0
26 30 0.0
26 31 0.0
27 28 0.0
27 29 0.0
27 30 0.032672893206306654
27 31 0.509648111762639
28 29 0.0
28 30 0.0
28 31 0.0
29 30 0.0
29 31 0.0
30 31 0.21271209998362298
