0 1 0.6200408566896461
0 2 0.0
0 3 0.37666715330204414
0 4 0.0
0 5 0.0
0 6 0.0
0 7 0.0
0 8 0.32928684420452525
0 9 0.0
0 10 0.0
0 11 0.0
0 12 0.0
0 13 0.0
0 14 0.0
0 15 0.0
0 16 0.0
0 17 0.0
0 18 0.0
0 19 0.6880365580773149
0 20 0.0
0 21 0.5793916389422531
0 22 0.28170769987173033
0 23 0.0
0 24 0.0
0 25 0.0
0 26 0.0
0 27 0.0
0 28 0.0
0 29 0.6200408566896461
0 30 0.0
1 2 0.0
1 3 0.23354902442024972
1 4 0.1222823733016497
1 5 0.0
1 6 0.0
1 7 0.10595679276411273
1 8 0.20417129697720385
1 9 0.0
1 10 0.0
1 11 0.0
1 12 0.0
1 13 0.0
1 14 0.0
1 15 0.08177812095945615
1 16 0.0
1 17 0.0
1 18 0.0
1 19 0.4266107769040538
1 20 0.0
1 21 0.9344410657639299
1 22 0.1746702835645374
1 23 0.0
1 24 0.0
1 25 0.0
1 26 0.0
1 27 0.0
1 28 0.10595679276411273
1 29 1.0
1 30 0.0
2 3 0.0
2 4 0.4740156832454916
2 5 0.0
2 6 0.0
2 7 0.21968908949309085
2 8 0.19026229024209432
2 9 0.2835717631668343
2 10 0.0
2 11 0.0
2 12 0.0
2 13 0.10446116803506197
2 14 0.17202366882510242
2 15 0.14775171667306342
2 16 0.0
2 17 0.21171052469251142
2 18 0.0
2 19 0.0
2 20 0.30473032309699377
2 21 0.0
2 22 0.0
2 23 0.0
2 24 0.0
2 25 0.0
2 26 0.0
2 27 0.0
2 28 0.21968908949309085
2 29 0.0
2 30 0.32320439345489876
3 4 0.0
3 5 0.0
3 6 0.0
3 7 0.0
3 8 0.26200471119017993
3 9 0.0
3 10 0.0
3 11 0.0
3 12 0.0
3 13 0.0
3 14 0.0
3 15 0.0
3 16 0.0
3 17 0.0
3 18 0.0
3 19 0.5474522376465321
3 20 0.0
3 21 0.21823779928738424
3 22 0.224147262011776
3 23 0.0
3 24 0.0
3 25 0.0
3 26 0.0
3 27 0.0
3 28 0.0
3 29 0.23354902442024972
3 30 0.0
4 5 0.0
4 6 0.0
4 7 0.4335964777387744
4 8 0.3755173235313491
4 9 0.22693460116027037
4 10 0.0
4 11 0.0
4 12 0.10207656271445742
4 13 0.15036511688613258
4 14 0.3395200784088626
4 15 0.33471256174890973
4 16 0.11161505389119851
4 17 0.41784932523828294
4 18 0.0
4 19 0.0
4 20 0.4076834460310134
4 21 0.11426567123213628
4 22 0.0
4 23 0.0
4 24 0.0
4 25 0.08259334766563022
4 26 0.0
4 27 0.0
4 28 0.4335964777387744
4 29 0.1222823733016497
4 30 0.2586514937271191
5 6 0.0
5 7 0.0
5 8 0.0
5 9 0.0
5 10 0.0
5 11 0.0
5 12 0.04102171626156822
5 13 0.0
5 14 0.0
5 15 0.0
5 16 0.04485496914754462
5 17 0.0
5 18 0.0
5 19 0.0
5 20 0.0
5 21 0.0
5 22 0.0
5 23 0.03746558884618607
5 24 0.04517489439223998
5 25 0.0
5 26 0.0
5 27 0.2786543758326262
5 28 0.0
5 29 0.0
5 30 0.0
6 7 0.0
6 8 0.0
6 9 0.0
6 10 0.0
6 11 0.0
6 12 0.0
6 13 0.0
6 14 0.0
6 15 0.0
6 16 0.0
6 17 0.0
6 18 0.0
6 19 0.0
6 20 0.0
6 21 0.0
6 22 0.0
6 23 0.5141677350718816
6 24 0.0
6 25 0.05330467471065806
6 26 0.0
6 27 0.0
6 28 0.0
6 29 0.0
6 30 0.06195622421714137
7 8 0.32596793471847796
7 9 0.19699065428122486
7 10 0.0
7 11 0.0
7 12 0.08860759343480759
7 13 0.0
7 14 0.2947205143923365
7 15 0.0
7 16 0.09688748380037987
7 17 0.3627142425562744
7 18 0.0
7 19 0.0
7 20 0.2162261995435982
7 21 0.09901037835542535
7 22 0.0
7 23 0.0
7 24 0.0
7 25 0.07169518228046044
7 26 0.0
7 27 0.0
7 28 0.9999999999999998
7 29 0.10595679276411273
7 30 0.22452251318051322
8 9 0.3913058269171367
8 10 0.0
8 11 0.0
8 12 0.07673882985562218
8 13 0.0
8 14 0.25524344508413827
8 15 0.0
8 16 0.08390964979730518
8 17 0.3141295849121067
8 18 0.0
8 19 0.47858916846613714
8 20 0.18726324566429106
8 21 0.1907860443457822
8 22 0.19595216598500795
8 23 0.0
8 24 0.0
8 25 0.06209179350453735
8 26 0.0
8 27 0.0
8 28 0.32596793471847796
8 29 0.20417129697720385
8 30 0.19444828902155714
9 10 0.0
9 11 0.0
9 12 0.0
9 13 0.0
9 14 0.154250059262863
9 15 0.0
9 16 0.0
9 17 0.18983644055164078
9 18 0.0
9 19 0.0
9 20 0.11316790811983914
9 21 0.0
9 22 0.0
9 23 0.0
9 24 0.0
9 25 0.0
9 26 0.0
9 27 0.0
9 28 0.19699065428122486
9 29 0.0
9 30 0.28981068236094304
10 11 0.0
10 12 0.0
10 13 0.0
10 14 0.0
10 15 0.0
10 16 0.0
10 17 0.0
10 18 0.0
10 19 0.0
10 20 0.0
10 21 0.0
10 22 0.0
10 23 0.0
10 24 0.0
10 25 0.0
10 26 0.0
10 27 0.0
10 28 0.0
10 29 0.0
10 30 0.0
11 12 0.0
11 13 0.1922718634544196
11 14 0.0
11 15 0.0
11 16 0.0
11 17 0.0
11 18 0.0
11 19 0.0
11 20 0.0
11 21 0.0
11 22 0.0
11 23 0.0
11 24 0.0
11 25 0.0
11 26 0.0
11 27 0.0
11 28 0.0
11 29 0.0
11 30 0.0
12 13 0.0
12 14 0.06938261405511463
12 15 0.0
12 16 0.1300532507432972
12 17 0.08538958462210665
12 18 0.0
12 19 0.0
12 20 0.05090361280913867
12 21 0.0
12 22 0.0
12 23 0.038245761017866926
12 24 0.0
12 25 0.06235418099975471
12 26 0.0
12 27 0.03478749367254877
12 28 0.08860759343480759
12 29 0.0
12 30 0.0
13 14 0.0
13 15 0.10055886539316146
13 16 0.0
13 17 0.0
13 18 0.0
13 19 0.0
13 20 0.07498418330742336
13 21 0.0
13 22 0.0
13 23 0.0
13 24 0.0
13 25 0.0
13 26 0.0
13 27 0.0
13 28 0.0
13 29 0.0
13 30 0.0
14 15 0.14277871252875188
14 16 0.07586603624709455
14 17 0.28401699366873084
14 18 0.07744079188043528
14 19 0.0
14 20 0.16931211389434184
14 21 0.0
14 22 0.0
14 23 0.0
14 24 0.19486924576475811
14 25 0.05613964863447239
14 26 0.0
14 27 0.0
14 28 0.2947205143923365
14 29 0.0
14 30 0.3273910059814675
15 16 0.0
15 17 0.0
15 18 0.07619358930770169
15 19 0.0
15 20 0.10605895009024628
15 21 0.07641683450552578
15 22 0.0
15 23 0.0
15 24 0.033353944188285585
15 25 0.0
15 26 0.0
15 27 0.0
15 28 0.0
15 29 0.08177812095945615
15 30 0.14914133556310696
16 17 0.2999563122700637
16 18 0.0
16 19 0.0
16 20 0.3151565211081259
16 21 0.0
16 22 0.0
16 23 0.041819616213570956
16 24 0.0
16 25 0.21903760593378396
16 26 0.0
16 27 0.038038192879425045
16 28 0.09688748380037987
16 29 0.0
16 30 0.0
17 18 0.0
17 19 0.0
17 20 0.2083733983479527
17 21 0.0
17 22 0.0
17 23 0.0
17 24 0.0
17 25 0.2219628546519505
17 26 0.0
17 27 0.0
17 28 0.3627142425562744
17 29 0.0
17 30 0.21636841037671417
18 19 0.0
18 20 0.0
18 21 0.0
18 22 0.0
18 23 0.0
18 24 0.07406412404299464
18 25 0.0
18 26 0.0
18 27 0.0
18 28 0.0
18 29 0.0
18 30 0.08089177247474434
19 20 0.0
19 21 0.39864262903660214
19 22 0.40943710993925814
19 23 0.0
19 24 0.0
19 25 0.0
19 26 0.0
19 27 0.0
19 28 0.0
19 29 0.4266107769040538
19 30 0.0
20 21 0.0
20 22 0.0
20 23 0.0
20 24 0.0
20 25 0.04118770928780843
20 26 0.0
20 27 0.0
20 28 0.2162261995435982
20 29 0.0
20 30 0.12898451063660127
21 22 0.16321908593133416
21 23 0.0
21 24 0.0
21 25 0.0
21 26 0.0
21 27 0.0
21 28 0.09901037835542535
21 29 0.9344410657639299
21 30 0.0
22 23 0.0
22 24 0.0
22 25 0.0
22 26 0.0
22 27 0.0
22 28 0.0
22 29 0.1746702835645374
22 30 0.0
23 24 0.0
23 25 0.0
23 26 0.0
23 27 0.03177180414916133
23 28 0.0
23 29 0.0
23 30 0.0
24 25 0.0
24 26 0.0
24 27 0.0
24 28 0.0
24 29 0.0
24 30 0.03541058623079457
25 26 0.0
25 27 0.0
25 28 0.07169518228046044
25 29 0.0
25 30 0.05640794808389127
26 27 0.0
26 28 0.0
26 29 0.0
26 30 0.0
27 28 0.0
27 29 0.0
27 30 0.0
28 29 0.10595679276411273
28 30 0.22452251318051322
29 30 0.0
