31
0	0	0	0	0	0	0	0	0	0	0	0	0	0	0	0	0	0	0	0	0	0	0	0	0	0	0	0	0	0	
0	0	0	0	0	0	0	0	0	0	0	0	0	0	0	0	0	0	0	0	0	0	0	0	0	0	0	0	0	
0	0	0	0	0	0	0	0	0	0	0	0	0	0	0	0	0	0	0	0	0	0	0	0	0	0	0	0	
0	0	0	0	0	0	0	0	0	0	0	0	0	0	0	0	0	0	0	0	0	0	0	0	0	0	0	
0	0	0	0	0	0	0	0	0	0	0	0	0	0	0	0	0	0	0	0	0	0	0	0	0	0	
0	0	0	0	0	0	0	0	0	0	0	0	0	0	0	0	0	0	0	0	0	0	0	0	0	
0	0	0	0	0	0	0	0	0	0	0	0	0	0	0	0	0	0	0	0	0	0	0	0	
0	0	0	0	0	0	0	0	0	0	0	0	0	0	0	0	0	0	0	0	0	0	0	
0	0	0	0	0	0	0	0	0	0	0	0	0	0	0	0	0	0	0	0	0	0	
0	0	0	0	0	0	0	0	0	0	0	0	0	0	0	0	0	0	0	0	0	
0	0	0	0	0	0	0	0	0	0	0	0	0	0	0	0	0	0	0	0	
0	0	0	0	0	0	0	0	0	0	0	0	0	0	0	0	0	0	0	
1.0	0	0	0	0	0	0	0	0	0	0	0	0	1.0	0	0	0	0	
0	0	0	0	0	0	0	0	0	0	0	0	1.0	0	0	1.0	0	
0	0	0	0	0	0	0	0	0	0	0	0	0	0	0	0	
0	0	0	0	0	0	0	0	0	0	0	0	0	0	0	
0	0	0	0	0	0	0	0	0	0	0	0	0	0	
0	0	0	0	0	0	0	0	0	0	0	0	0	
0	0	0	0	0	0	0	0	0	0	0	0	
0	0	0	0	0	0	0	0	0	1.0	1.0	
0	0	0	0	0	0	0	0	0	0	
0	0	0	0	0	0	0	0	0	
0	0	0	0	0	0	0	0	
0	0	0	0	0	0	0	
0	0	0	0	0	0	
0	0	0	1.0	0	
0	0	1.0	0	
0	1.0	0	
0	0	
1.0	

1.0	0	1.0	0	0	0	0	0	0	0	0	0	0	0	0	0	0	0	1.0	0	1.0	1.0	0	0	0	0	0	0	1.0	0	
0	1.0	0	0	0	0	0	0	0	0	0	0	0	0	0	0	0	1.0	0	1.0	1.0	0	0	0	0	0	0	1.0	0	
0	0	0	0	0	0	0	0	0	0	0	0	0	0	0	0	0	1.0	0	0	0	0	0	0	0	0	0	0	
0	0	0	0	0	0	0	0	0	0	0	0	0	0	0	1.0	0	1.0	1.0	0	0	0	0	0	0	1.0	0	
0	0	1.0	0	0	0	0	0	0	0	0	0	0	0	0	0	0	0	0	0	0	0	0	1.0	0	0	
0	0	0	0	0	0	0	0	0	0	0	0	0	0	0	0	0	0	0	0	0	0	0	0	0	
0	0	0	0	0	0	0	1.0	1.0	1.0	1.0	1.0	0	0	0	0	1.0	0	1.0	0	0	0	0	1.0	
0	0	0	0	0	0	0	0	0	0	0	0	0	0	0	0	0	0	0	0	2.0	0	0	
1.0	0	0	0	0	0	0	0	0	0	0	0	0	0	0	0	0	0	0	0	0	0	
0	0	0	0	0	0	0	0	0	0	0	0	0	0	0	0	0	0	0	0	0	
0	0	0	0	0	0	0	0	0	0	0	0	0	0	0	0	0	0	0	0	
0	1.0	0	0	0	0	0	0	0	0	0	0	0	0	0	0	0	0	0	
0	0	0	0	0	0	0	0	0	0	0	0	0	0	0	0	0	0	
0	0	0	0	0	0	0	0	0	0	0	0	0	0	0	0	0	
2.0	1.0	1.0	1.0	0	0	0	0	1.0	0	1.0	0	0	0	0	1.0	
1.0	1.0	1.0	0	0	0	0	1.0	0	1.0	0	0	0	0	1.0	
1.0	1.0	0	0	0	0	1.0	0	1.0	0	0	0	0	1.0	
1.0	0	0	0	0	1.0	0	1.0	0	0	0	0	1.0	
0	0	0	0	1.0	0	1.0	0	0	0	0	1.0	
0	1.0	1.0	0	0	0	0	0	0	1.0	0	
0	0	0	0	0	0	0	0	0	0	
1.0	0	0	0	0	0	0	1.0	0	
0	0	0	0	0	0	1.0	0	
0	1.0	0	0	0	0	1.0	
0	0	0	0	0	0	
0	0	0	0	1.0	
0	0	0	0	
0	0	0	
0	0	
0	

0	0	0	0	0	0	0	0	0	0	0	0	0	0	0	0	0	0	0	0	0	0	0	0	0	0	0	0	0	0	
0	0	0	0	0	0	0	0	0	0	0	0	0	0	0	0	0	0	0	0	0	0	0	0	0	0	0	0	0	
0	0	0	0	0	0	0	0	0	0	0	0	0	0	0	0	0	0	0	0	0	0	0	0	0	0	0	0	
0	0	0	0	0	0	0	0	0	0	0	0	0	0	0	0	0	0	0	0	0	0	0	0	0	0	0	
0	0	0	0	0	0	0	0	0	0	0	0	0	0	0	0	0	0	0	0	0	0	0	0	0	0	
0	0	0	0	0	0	0	0	0	0	0	0	0	0	0	0	0	0	0	0	0	0	0	0	0	
0	0	0	0	0	0	0	0	0	0	0	0	0	0	0	0	0	0	1.0	0	0	0	0	1.0	
0	0	0	0	0	0	0	0	0	0	0	0	0	0	0	0	0	0	0	0	0	0	0	
0	0	0	0	0	0	0	0	0	0	0	0	0	0	0	0	0	0	0	0	0	0	
0	0	0	0	0	0	0	0	0	0	0	0	0	0	0	0	0	0	0	0	0	
0	0	0	0	0	0	0	0	0	0	0	0	0	0	0	0	0	0	0	0	
0	0	0	0	0	0	0	0	0	0	0	0	0	0	0	0	0	0	0	
0	0	0	0	0	0	0	0	0	0	0	0	0	0	0	0	0	0	
0	0	0	0	0	0	0	0	0	0	0	0	0	0	0	0	0	
0	0	0	0	0	0	0	0	0	0	1.0	0	0	0	0	1.0	
0	0	0	0	0	0	0	0	0	1.0	0	0	0	0	1.0	
0	0	0	0	0	0	0	0	1.0	0	0	0	0	1.0	
0	0	0	0	0	0	0	1.0	0	0	0	0	1.0	
0	0	0	0	0	0	1.0	0	0	0	0	1.0	
0	0	0	0	0	0	0	0	0	0	0	
0	0	0	0	0	0	0	0	0	0	
0	0	0	0	0	0	0	0	0	
0	0	0	0	0	0	0	0	
0	1.0	0	0	0	0	1.0	
0	0	0	0	0	0	
0	0	0	0	1.0	
0	0	0	0	
0	0	0	
0	0	
0	

0	0	0	0	0	0	0	0	0	0	0	0	0	0	0	0	0	0	0	0	0	0	0	0	0	0	0	0	0	0	
0	0	0	0	0	0	0	0	0	0	0	0	0	0	0	0	0	0	0	0	0	0	0	0	0	0	0	0	0	
0	0	0	0	0	0	0	0	0	0	0	0	0	0	0	0	0	0	0	0	0	0	0	0	0	0	0	0	
1.0	1.0	1.0	0	0	1.0	1.0	0	0	0	0	0	0	0	0	0	0	0	0	0	0	0	0	0	0	0	0	
1.0	1.0	0	0	1.0	1.0	0	0	0	0	0	0	0	0	0	0	0	0	0	0	0	0	0	0	0	0	
1.0	0	0	1.0	1.0	0	0	0	0	0	0	0	0	0	0	0	0	0	0	0	0	0	0	0	0	
0	0	1.0	1.0	0	0	0	0	0	0	0	0	0	0	0	0	0	0	0	0	0	0	0	0	
0	0	0	0	0	0	0	0	0	0	0	0	0	0	0	0	0	0	0	0	0	0	0	
0	0	0	0	0	0	0	0	0	0	0	0	0	0	0	0	0	0	0	0	0	0	
1.0	0	0	0	0	0	0	0	0	0	0	0	0	0	0	0	0	0	0	0	0	
0	0	0	0	0	0	0	0	0	0	0	0	0	0	0	0	0	0	0	0	
0	1.0	0	0	0	0	0	0	0	0	0	0	0	0	0	0	0	0	0	
1.0	0	0	0	0	0	0	0	0	0	0	0	0	0	0	0	0	0	
0	0	0	0	0	0	0	0	0	0	0	0	0	0	0	0	0	
1.0	1.0	0	0	0	0	0	0	0	0	0	0	0	0	0	0	
1.0	0	0	0	0	0	0	0	0	0	0	0	0	0	0	
0	0	0	0	0	0	0	0	0	0	0	0	0	0	
1.0	1.0	0	0	0	0	0	0	0	0	0	0	0	
1.0	0	0	0	0	0	0	0	0	0	0	0	
0	0	0	0	0	0	0	0	0	0	0	
0	0	0	0	0	0	0	0	0	0	
1.0	0	0	0	0	0	0	0	0	
0	0	0	0	0	0	0	0	
0	0	0	0	0	0	0	
0	0	0	0	0	0	
0	0	0	0	0	
0	0	0	0	
0	0	0	
0	0	
0	

0	0	0	0	0	0	0	0	0	0	0	0	0	0	0	0	0	0	0	0	0	0	0	0	0	0	0	0	0	0	
0	0	0	0	0	0	0	0	0	0	0	0	0	0	0	0	0	0	0	0	0	0	0	0	0	0	0	0	0	
0	0	0	0	0	0	0	0	0	0	0	0	0	0	0	0	0	0	0	0	0	0	0	0	0	0	0	0	
0	0	0	0	0	0	0	0	0	0	0	0	0	0	0	0	0	0	0	0	0	0	0	0	0	0	0	
0	0	0	0	0	0	0	0	0	0	0	0	0	0	0	0	0	0	0	0	0	0	0	0	0	0	
0	0	0	0	0	0	0	0	0	0	0	0	0	0	0	0	0	0	0	0	0	0	0	0	0	
0	0	0	0	0	0	0	0	0	0	0	0	0	0	0	0	0	0	0	0	0	0	0	0	
0	0	0	0	0	1.0	0	0	0	0	0	0	0	0	0	0	0	0	0	0	0	0	0	
0	0	0	0	0	0	0	0	0	1.0	0	0	0	0	0	0	0	0	0	0	0	0	
0	0	0	0	0	0	0	0	0	0	0	0	0	0	0	0	0	0	0	0	0	
0	0	0	0	0	0	0	0	0	0	0	0	0	0	0	0	0	0	0	0	
0	0	0	0	0	0	0	0	0	0	0	0	0	0	0	0	0	0	0	
0	0	0	0	0	0	0	0	0	0	0	0	0	0	0	0	0	0	
0	0	0	0	0	0	0	0	0	0	0	0	0	0	1.0	0	0	
0	0	0	0	0	0	0	0	0	0	0	0	0	0	0	0	
0	0	0	0	0	0	0	0	0	0	0	0	0	0	0	
0	0	0	0	0	0	0	0	0	0	0	0	0	0	
0	0	0	0	0	0	0	0	0	0	0	0	0	
0	0	0	0	0	0	0	0	0	0	0	0	
0	0	0	0	0	0	0	0	0	0	0	
0	0	0	0	0	0	0	0	0	0	
0	0	0	0	0	0	0	0	0	
0	0	0	0	0	0	0	0	
0	0	0	0	0	0	0	
0	0	0	0	0	0	
0	0	0	0	0	
0	0	0	0	
0	0	0	
0	0	
0	

0	0	0	0	0	0	0	0	0	0	0	0	0	0	0	0	0	0	0	0	0	0	0	0	0	0	0	0	0	0	
0	0	0	0	0	0	0	0	0	0	0	0	0	0	0	0	0	0	0	0	0	0	0	0	0	0	0	0	0	
0	0	0	0	0	0	0	0	0	0	0	0	0	0	0	0	0	0	0	0	0	0	0	0	0	0	0	0	
0	0	0	0	0	0	0	0	0	0	0	0	0	0	0	0	0	0	0	0	0	0	0	0	0	0	0	
0	0	0	0	0	0	0	0	0	0	0	0	0	0	0	0	0	0	0	0	0	0	0	0	0	0	
0	0	0	0	0	0	0	0	0	0	0	0	0	0	0	0	0	0	0	0	0	0	0	0	0	
0	0	0	0	0	0	0	0	0	0	0	0	0	0	0	0	0	0	0	0	0	0	0	0	
0	0	0	0	0	0	0	0	0	0	0	0	0	0	0	0	0	0	0	0	0	0	0	
0	0	0	0	0	0	0	0	0	0	0	0	0	0	0	0	0	0	0	0	0	0	
0	0	0	0	0	0	0	0	0	0	0	0	0	0	0	0	0	0	0	0	0	
0	0	0	0	0	0	0	0	0	0	0	0	0	0	0	0	0	0	0	0	
0	0	0	0	0	0	0	0	0	0	0	0	0	0	0	0	0	0	0	
0	0	0	0	0	0	0	0	0	0	0	0	0	0	0	0	0	0	
0	0	0	0	0	0	0	0	0	0	0	0	0	0	0	0	0	
0	0	0	0	0	0	0	0	0	0	0	0	0	0	0	0	
0	0	0	0	0	0	0	0	0	0	0	0	0	0	0	
0	0	0	0	0	0	0	0	0	0	0	0	0	0	
0	0	0	0	0	0	0	0	0	0	0	0	0	
0	0	0	0	0	0	0	0	0	0	0	0	
0	0	0	0	0	0	0	0	0	0	0	
0	0	0	0	0	0	0	0	0	0	
0	0	0	0	0	0	0	0	0	
0	0	0	0	0	0	0	0	
0	0	0	0	0	0	0	
0	0	0	0	0	0	
0	0	0	0	0	
0	0	0	0	
0	0	0	
0	0	
0	

0.28013133518266936	0	0.23446503298592425	0	0	0	0	0.24395849748966433	0	0	0	0	0	0	0	0	0	0	0.6773681233166392	0	0.23250936835934577	0.15392456795335727	0	0	0	0	0	0	0.28013133518266936	0	
0	0	0.11245212942797518	0	0	0.0807172255717382	0	0	0	0	0	0	0	0.08683748178625489	0	0	0	0	0	0.8300012856745567	0	0	0	0	0	0	0.0807172255717382	1.0	0	
0	0.12403280295363325	0	0	0.04865103635317433	0.0380572896685249	0.1196643361520445	0	0	0	0.044432600663338775	0.02441697917251476	0.06961031624266238	0	0.04286662401544327	0	0	0.1931879816191639	0	0	0	0	0	0	0	0.04865103635317433	0	0.15064326732681735	
0	0	0	0	0.124664994742851	0	0	0	0	0	0	0	0	0	0	0.3461412264839075	0	0	0.07865684389826948	0	0	0	0	0	0	0	0	
0	0	0.05551263223369108	0.04342477537052567	0.025319160281761715	0	0	0	0.05069924105839623	0.027860676496628576	0.15885589187444796	0	0.04891240377275021	0	0	0.08286499158729464	0.09333541200206105	0	0	0	0	0	0	0.05551263223369108	0.11245212942797518	0.0318738327012463	
0	0	0	0	0	0	0.06125117950260074	0	0	0	0.08191180466719167	0	0	0	0	0	0	0.06297846555266869	0.10674391911252529	0	0	0.17330723518015978	0	0	0	
0	0	0	0	0	0	0	0	0	0	0	0	0	0	0	0	0.441510445253501	0	0.10819671158836601	0	0	0	0	0.1096569011346665	
0.09350985366345932	0.03634777539822269	0	0	0.02159021299294295	0	0.059994502215272624	0	0.02887280414454575	0.10532677901247922	0	0	0.04875485704728483	0.06699540100062591	0	0	0	0.022574124900815336	0	0	1.0	0.0807172255717382	0.04575755669669525	
0.2011950155866485	0	0	0.03377790285546379	0	0.06257429290922296	0	0.04517152164631614	0.10985587808467698	0	0.3601564483063586	0.05085133792221816	0	0.08184165122759639	0	0	0.0353172337019594	0	0	0.09350985366345932	0	0.03579386422703534	
0	0	0	0	0.018242219311074157	0	0	0.0320261712511645	0	0	0.014824638290110326	0	0	0	0	0	0	0	0.03634777539822269	0	0.11254739994233058	
0	0	0	0	0	0	0	0	0	0	0	0	0	0	0	0	0	0	0	0	
0	0.08764146547251768	0	0	0	0	0	0	0	0	0	0	0	0	0	0	0	0	0	
0	0.021671389573367207	0	0.11451398407890799	0.03804644719439518	0	0	0.017611372069965523	0	0	0.06398845389821231	0	0.024462874277114067	0	0.05361456830321113	0.02159021299294295	0	0	
0	0.03915083195294456	0	0	0	0	0.029684946179484348	0	0	0	0	0	0	0	0	0	0	
0.05722709572871206	0.02898136238380349	0.07048186327862181	0.07998316765829315	0	0.032625446261566014	0	0	0	0.14443597436534875	0.022659000870594664	0	0	0.059994502215272624	0	0.08404960239134751	
0	0	0.08572544781108181	0	0.04650590918269796	0.07207522152733245	0	0	0.04713495706256991	0	0	0	0	0.08683748178625489	0.21502440745888055	
0.27438559585080896	0	0	0.16665519346187452	0	0	0.08557238863364931	0	0.1764227892410987	0	0.07169928941502202	0.02887280414454575	0	0	
0	0	0.057277467796052535	0	0	0	0	0.21452764617914286	0	0	0.10532677901247922	0	0.04031716744004331	
0	0	0	0	0	0.06587793990409489	0	0	0	0	0	0.09150424273311059	
0	0	0.22723916679114883	0	0	0	0	0	0	0	0	
0	0	0	0	0.018413959737779366	0	0	0.04875485704728483	0	0.01866246887563005	
0	0	0	0	0	0	0.06699540100062591	0.8300012856745567	0	
0	0	0	0	0	0	0	0	
0	0	0	0.05512650156984511	0	0	0	
0	0	0	0	0	0.05031234787799604	
0	0	0.022574124900815336	0	0.1138743365335337	
0	0	0	0	
0	0	0	
0.0807172255717382	0.04575755669669525	
0	

0	0	0	0	0	0	0	0	0	0	0	0	0	0	0	0	0	0	0	0	0	0	0	0	0	0	0	0	0	0	
0	0	0	0	0	0	0	0	0	0	0	0	0	0	0	0	0	0	0	0	0	0	0	0	0	0	0	0	0	
0	0	1.0	1.0	1.0	0	0	0	1.0	1.0	1.0	0	1.0	1.0	1.0	1.0	0	0	1.0	0	1.0	0	0	0	0	1.0	0	0	
0	0	0	0	0	0	0	0	0	0	0	0	0	0	0	0	0	0	0	0	0	0	0	0	0	0	0	
0	0	0	0	0	0	0	0	0	0	0	0	0	0	0	0	0	0	0	0	0	0	0	0	0	0	
1.0	1.0	0	0	0	1.0	1.0	1.0	0	1.0	1.0	1.0	1.0	0	0	1.0	0	1.0	0	0	0	0	1.0	0	0	
1.0	0	0	0	1.0	1.0	1.0	0	1.0	1.0	1.0	1.0	0	0	1.0	0	1.0	0	0	0	0	1.0	0	0	
0	0	0	1.0	1.0	1.0	0	1.0	1.0	1.0	1.0	0	0	1.0	0	1.0	0	0	0	0	1.0	0	0	
0	0	0	0	0	0	0	0	0	0	0	0	0	0	0	0	0	0	0	0	0	0	
0	0	0	0	0	0	0	0	0	0	0	0	0	0	0	0	0	0	0	0	0	
0	0	0	0	0	0	0	0	0	0	0	0	0	0	0	0	0	0	0	0	
1.0	1.0	0	1.0	1.0	1.0	1.0	0	0	1.0	0	1.0	0	0	0	0	1.0	0	0	
1.0	0	1.0	1.0	1.0	1.0	0	0	1.0	0	1.0	0	0	0	0	1.0	0	0	
0	1.0	1.0	1.0	1.0	0	0	1.0	0	1.0	0	0	0	0	1.0	0	0	
0	0	0	0	0	0	0	0	0	0	0	0	0	0	0	0	
1.0	1.0	1.0	0	0	1.0	0	1.0	0	0	0	0	1.0	0	0	
1.0	1.0	0	0	1.0	0	1.0	0	0	0	0	1.0	0	0	
1.0	0	0	1.0	0	1.0	0	0	0	0	1.0	0	0	
0	0	1.0	0	1.0	0	0	0	0	1.0	0	0	
0	0	0	0	0	0	0	0	0	0	0	
0	0	0	0	0	0	0	0	0	0	
0	1.0	0	0	0	0	1.0	0	0	
0	0	0	0	0	0	0	0	
0	0	0	0	1.0	0	0	
0	0	0	0	0	0	
0	0	0	0	0	
0	0	0	0	
0	0	0	
0	0	
0	

