0 1 0.0
0 2 0.0
0 3 0.0
0 4 0.0
0 5 0.0
0 6 0.0
0 7 0.0
0 8 0.0
0 9 0.0
0 10 0.0
0 11 0.0
0 12 0.0
0 13 0.0
0 14 0.0
0 15 0.0
0 16 0.0
0 17 0.0
0 18 0.0
0 19 0.0
0 20 0.0
0 21 0.0
0 22 0.0
0 23 0.0
0 24 0.0
0 25 0.0
0 26 0.0
0 27 0.0
0 28 0.0
0 29 0.0
0 30 0.0
0 31 0.0
0 32 0.0
0 33 0.0
0 34 0.0
0 35 0.0
0 36 0.0
0 37 0.0
0 38 0.0
0 39 0.0
0 40 0.0
0 41 0.0
0 42 0.0
0 43 0.0
0 44 0.0
0 45 0.0
0 46 0.0
0 47 0.0
0 48 0.0
0 49 0.0
0 50 0.0
0 51 0.0
0 52 0.0
0 53 0.0
0 54 0.0
0 55 0.0
0 56 0.0
0 57 0.0
0 58 0.0
0 59 0.0
0 60 0.0
0 61 0.0
0 62 0.0
0 63 0.0
1 2 0.0
1 3 0.0
1 4 0.0
1 5 0.0
1 6 0.0
1 7 0.0
1 8 0.0
1 9 0.0
1 10 0.0
1 11 0.0
1 12 0.0
1 13 0.0
1 14 0.0
1 15 0.0
1 16 0.0
1 17 0.0
1 18 0.0
1 19 0.0
1 20 0.4497556869636691
1 21 0.0
1 22 0.0
1 23 0.0
1 24 0.0
1 25 0.0
1 26 0.0
1 27 0.0
1 28 0.0
1 29 0.0
1 30 0.0
1 31 0.0
1 32 0.0
1 33 0.2525861398888625
1 34 0.0
1 35 0.0
1 36 0.0
1 37 0.0
1 38 0.0
1 39 0.0
1 40 0.0
1 41 0.0
1 42 0.0
1 43 0.10502229643291991
1 44 0.0
1 45 0.0
1 46 0.0
1 47 0.0
1 48 0.06482156755743798
1 49 0.0
1 50 0.0
1 51 0.0
1 52 0.0
1 53 0.0
1 54 0.0
1 55 0.0
1 56 0.0
1 57 0.0
1 58 0.0
1 59 0.0
1 60 0.0
1 61 0.0
1 62 0.2525861398888625
1 63 0.04102728790953322
2 3 0.0
2 4 0.0
2 5 0.0
2 6 0.12483263118652577
2 7 0.0
2 8 0.0
2 9 0.0
2 10 0.0
2 11 0.0
2 12 0.0
2 13 0.0
2 14 0.0
2 15 0.0
2 16 0.0
2 17 0.25913778173837354
2 18 0.18312428071544715
2 19 0.0
2 20 0.0
2 21 0.0
2 22 0.0
2 23 0.17638271928845878
2 24 0.0
2 25 0.0
2 26 0.0
2 27 0.0
2 28 0.0
2 29 0.0
2 30 0.0
2 31 0.0
2 32 0.0
2 33 0.0
2 34 0.10030126338064721
2 35 0.0
2 36 0.0
2 37 0.0
2 38 0.0
2 39 0.0
2 40 0.0
2 41 0.0
2 42 0.1321097898712163
2 43 0.0
2 44 0.10173254502144669
2 45 0.0
2 46 0.0
2 47 0.0
2 48 0.0
2 49 0.0
2 50 0.17000581711275561
2 51 0.0
2 52 0.0
2 53 0.29919740845982146
2 54 0.0
2 55 0.0
2 56 0.0
2 57 0.0
2 58 0.0
2 59 0.0
2 60 0.09691158457591251
2 61 0.0
2 62 0.0
2 63 0.0
3 4 0.03193651678418947
3 5 0.0
3 6 0.0
3 7 0.0
3 8 0.0
3 9 0.026483722370185796
3 10 0.0
3 11 0.028068560278428568
3 12 0.0
3 13 0.0
3 14 0.0
3 15 0.0
3 16 0.0
3 17 0.038127778318233045
3 18 0.0
3 19 0.0
3 20 0.0
3 21 0.08069811006962849
3 22 0.0
3 23 0.0
3 24 0.0
3 25 0.0
3 26 0.0
3 27 0.0
3 28 0.0
3 29 0.0
3 30 0.0
3 31 0.0
3 32 0.0
3 33 0.0
3 34 0.0411623580580293
3 35 0.0
3 36 0.0
3 37 0.0
3 38 0.025545391593198057
3 39 0.0551675097888302
3 40 0.0
3 41 0.0
3 42 0.1344600542149305
3 43 0.0
3 44 0.0
3 45 0.0
3 46 0.0
3 47 0.0
3 48 0.0
3 49 0.0
3 50 0.0
3 51 0.0
3 52 0.026292175829835087
3 53 0.0
3 54 0.033651194526046
3 55 0.49460116108513175
3 56 0.0
3 57 0.0
3 58 0.0
3 59 0.0
3 60 0.03977127714878201
3 61 0.0835269833673915
3 62 0.0
3 63 0.07373746054058399
4 5 0.0
4 6 0.0
4 7 0.1843119252792489
4 8 0.0
4 9 0.022112084815518778
4 10 0.0
4 11 0.0526110331872332
4 12 0.0
4 13 0.0
4 14 0.0
4 15 0.0
4 16 0.0
4 17 0.029292447458853035
4 18 0.0
4 19 0.0
4 20 0.0
4 21 0.0
4 22 0.0
4 23 0.03891220930376645
4 24 0.0
4 25 0.0
4 26 0.0
4 27 0.0
4 28 0.037743516612252205
4 29 0.0
4 30 0.0
4 31 0.0
4 32 0.0
4 33 0.0
4 34 0.0316238255644893
4 35 0.0
4 36 0.15634906861963457
4 37 0.1607388206909335
4 38 0.021328643219366034
4 39 0.0
4 40 0.19121884468755254
4 41 0.0
4 42 0.0
4 43 0.0
4 44 0.032075092073172495
4 45 0.0
4 46 0.024846034089065175
4 47 0.0
4 48 0.0
4 49 0.0
4 50 0.0
4 51 0.0
4 52 0.02195215664201088
4 53 0.033820712318911116
4 54 0.02809643059621872
4 55 0.0
4 56 0.0
4 57 0.0
4 58 0.0
4 59 0.02369762701241915
4 60 0.03055509913345952
4 61 0.023967423250647036
4 62 0.0
4 63 0.0
5 6 0.0
5 7 0.11309384465697474
5 8 0.07818606146121111
5 9 0.0
5 10 0.08813021371713482
5 11 0.0
5 12 0.0
5 13 0.0
5 14 0.0
5 15 0.0
5 16 0.0
5 17 0.0
5 18 0.0
5 19 0.0
5 20 0.0
5 21 0.0
5 22 0.0
5 23 0.0
5 24 0.0
5 25 0.0
5 26 0.0
5 27 0.0
5 28 0.0
5 29 0.0
5 30 0.21572290035835645
5 31 0.0
5 32 0.0
5 33 0.0
5 34 0.0
5 35 0.0
5 36 0.0
5 37 0.0986293816312949
5 38 0.0
5 39 0.0
5 40 0.2437357703511627
5 41 0.21616129696956463
5 42 0.0
5 43 0.0
5 44 0.0
5 45 0.0
5 46 0.0
5 47 0.0
5 48 0.0
5 49 0.0
5 50 0.0
5 51 0.0
5 52 0.0
5 53 0.0
5 54 0.0
5 55 0.0
5 56 0.0
5 57 0.0
5 58 0.0
5 59 0.0
5 60 0.0
5 61 0.087710780231212
5 62 0.0
5 63 0.0
6 7 0.0
6 8 0.0
6 9 0.0
6 10 0.0
6 11 0.08508936164397977
6 12 0.0
6 13 0.0
6 14 0.0
6 15 0.0
6 16 0.0
6 17 0.0
6 18 0.08256304618287946
6 19 0.07512348199399657
6 20 0.0
6 21 0.0
6 22 0.0
6 23 0.2985447099158239
6 24 0.0
6 25 0.0
6 26 0.0
6 27 0.0
6 28 0.05389730549322964
6 29 0.0
6 30 0.0
6 31 0.0
6 32 0.0
6 33 0.0
6 34 0.0
6 35 0.0
6 36 0.0
6 37 0.0
6 38 0.0
6 39 0.0
6 40 0.0
6 41 0.0
6 42 0.1386085895615896
6 43 0.0
6 44 0.0
6 45 0.0
6 46 0.0
6 47 0.0
6 48 0.0
6 49 0.0
6 50 0.17836881392541465
6 51 0.0
6 52 0.0
6 53 0.0
6 54 0.0
6 55 0.0
6 56 0.0
6 57 0.0
6 58 0.0
6 59 0.033839937483153115
6 60 0.0
6 61 0.04260855302364105
6 62 0.0
6 63 0.0
7 8 0.20889594724548924
7 9 0.0
7 10 0.0
7 11 0.036427948663786194
7 12 0.0
7 13 0.0
7 14 0.0
7 15 0.0
7 16 0.0
7 17 0.03657369386462531
7 18 0.0
7 19 0.0
7 20 0.0
7 21 0.0
7 22 0.0
7 23 0.30421023388918084
7 24 0.0
7 25 0.0
7 26 0.0
7 27 0.0
7 28 0.04712545183839559
7 29 0.0
7 30 0.1033702942468955
7 31 0.0
7 32 0.0
7 33 0.0
7 34 0.039484584435923765
7 35 0.0
7 36 0.044535106097600335
7 37 0.5435162127592563
7 38 0.0
7 39 0.0
7 40 0.8487283013329068
7 41 0.10358036553103897
7 42 0.0
7 43 0.0
7 44 0.040048022611007005
7 45 0.0
7 46 0.031022032071576704
7 47 0.0
7 48 0.0
7 49 0.0
7 50 0.0
7 51 0.0
7 52 0.0
7 53 0.042227553036425274
7 54 0.0
7 55 0.0
7 56 0.0
7 57 0.0
7 58 0.0
7 59 0.02958816455633339
7 60 0.03815020384623687
7 61 0.13096943533946231
7 62 0.0
7 63 0.0
8 9 0.0
8 10 0.0
8 11 0.0
8 12 0.0
8 13 0.0
8 14 0.0
8 15 0.0
8 16 0.0
8 17 0.0
8 18 0.0
8 19 0.0
8 20 0.0
8 21 0.0
8 22 0.0
8 23 0.19611633900414605
8 24 0.0
8 25 0.0
8 26 0.0
8 27 0.0
8 28 0.0
8 29 0.0
8 30 0.07146380250636222
8 31 0.0
8 32 0.0
8 33 0.0
8 34 0.0
8 35 0.0
8 36 0.0
8 37 0.06045443857359999
8 38 0.0
8 39 0.0
8 40 0.07191808332665245
8 41 0.0716090327475225
8 42 0.1497999091027291
8 43 0.0
8 44 0.0
8 45 0.0
8 46 0.0
8 47 0.0
8 48 0.0
8 49 0.0
8 50 0.10163843570942252
8 51 0.0
8 52 0.0
8 53 0.0
8 54 0.0
8 55 0.0
8 56 0.0
8 57 0.0
8 58 0.0
8 59 0.0
8 60 0.0
8 61 0.10047995011347277
8 62 0.0
8 63 0.0
9 10 0.0
9 11 0.019434003705544232
9 12 0.0
9 13 0.0
9 14 0.037858154861933384
9 15 0.0
9 16 0.0
9 17 0.0
9 18 0.0
9 19 0.0
9 20 0.0
9 21 0.0
9 22 0.0
9 23 0.0
9 24 0.0
9 25 0.033364547196828104
9 26 0.0
9 27 0.0
9 28 0.0
9 29 0.0
9 30 0.0
9 31 0.0
9 32 0.0
9 33 0.0
9 34 0.0
9 35 0.0
9 36 0.0
9 37 0.09763720182822404
9 38 0.017687021705325014
9 39 0.0
9 40 0.0
9 41 0.0
9 42 0.0
9 43 0.0
9 44 0.0
9 45 0.033364547196828104
9 46 0.0
9 47 0.0
9 48 0.0
9 49 0.0
9 50 0.0
9 51 0.04078240541676931
9 52 0.018204077353284262
9 53 0.0
9 54 0.02329928691133356
9 55 0.038533981925065894
9 56 0.0
9 57 0.0
9 58 0.0
9 59 0.0
9 60 0.0
9 61 0.019875260273002297
9 62 0.0
9 63 0.0
10 11 0.0
10 12 0.0
10 13 0.0
10 14 0.0
10 15 0.0
10 16 0.0
10 17 0.0
10 18 0.0
10 19 0.0
10 20 0.0
10 21 0.0
10 22 0.0
10 23 0.0
10 24 0.0
10 25 0.0
10 26 0.0
10 27 0.0
10 28 0.0
10 29 0.0
10 30 0.0
10 31 0.0
10 32 0.0
10 33 0.0
10 34 0.0
10 35 0.0
10 36 0.0
10 37 0.0
10 38 0.0
10 39 0.0
10 40 0.08329334370201802
10 41 0.0
10 42 0.0
10 43 0.0
10 44 0.0
10 45 0.0
10 46 0.0
10 47 0.0
10 48 0.0
10 49 0.0
10 50 0.0
10 51 0.0
10 52 0.0
10 53 0.0
10 54 0.0
10 55 0.0
10 56 0.0
10 57 0.0
10 58 0.0
10 59 0.0
10 60 0.0
10 61 0.057796695652544444
10 62 0.0
10 63 0.0
11 12 0.0560955903783527
11 13 0.0
11 14 0.0
11 15 0.0
11 16 0.0
11 17 0.025744724534535204
11 18 0.0
11 19 0.0
11 20 0.0
11 21 0.0
11 22 0.09445948262958265
11 23 0.15442672173174668
11 24 0.0
11 25 0.029214666126755974
11 26 0.0
11 27 0.04074738062135656
11 28 0.03317225163626303
11 29 0.0
11 30 0.0
11 31 0.0
11 32 0.0
11 33 0.0
11 34 0.027793740315813394
11 35 0.0
11 36 0.03134887175582711
11 37 0.0317688912398665
11 38 0.018745447786473933
11 39 0.0
11 40 0.03779305244233655
11 41 0.0
11 42 0.0
11 43 0.0
11 44 0.028190352171959244
11 45 0.029214666126755974
11 46 0.2556424479787009
11 47 0.0
11 48 0.0
11 49 0.0
11 50 0.0
11 51 0.10998674046360045
11 52 0.019293445058880934
11 53 0.029724553519647118
11 54 0.0246935619537904
11 55 0.0
11 56 0.0
11 57 0.024924102211734304
11 58 0.08475415769547644
11 59 0.0451424176582206
11 60 0.02685445152445216
11 61 0.02106463484341034
11 62 0.0
11 63 0.0
12 13 0.0
12 14 0.0
12 15 0.0
12 16 0.0
12 17 0.0
12 18 0.0
12 19 0.0
12 20 0.0
12 21 0.0
12 22 0.0
12 23 0.0
12 24 0.0
12 25 0.054744490620071244
12 26 0.0
12 27 0.07635529999007472
12 28 0.0
12 29 0.0
12 30 0.1394367483048979
12 31 0.0
12 32 0.12430329607475545
12 33 0.0
12 34 0.0
12 35 0.0
12 36 0.0
12 37 0.0
12 38 0.0
12 39 0.0
12 40 0.0
12 41 0.0
12 42 0.0
12 43 0.0
12 44 0.0
12 45 0.054744490620071244
12 46 0.0
12 47 0.0
12 48 0.0
12 49 0.0
12 50 0.0
12 51 0.0
12 52 0.0
12 53 0.0
12 54 0.0
12 55 0.0
12 56 0.0
12 57 0.04670453099905052
12 58 0.0
12 59 0.04556297073761335
12 60 0.0
12 61 0.0
12 62 0.0
12 63 0.0
13 14 0.0
13 15 0.0
13 16 0.0
13 17 0.0
13 18 0.0
13 19 0.0
13 20 0.0
13 21 0.0
13 22 0.0
13 23 0.0
13 24 0.0
13 25 0.0
13 26 0.0
13 27 0.0
13 28 0.0
13 29 0.0
13 30 0.0
13 31 0.0
13 32 0.0
13 33 0.0
13 34 0.0
13 35 0.05398453936675648
13 36 0.0
13 37 0.0
13 38 0.09127499570982962
13 39 0.0
13 40 0.0
13 41 0.0
13 42 0.0
13 43 0.0
13 44 0.0
13 45 0.0
13 46 0.0
13 47 0.0
13 48 0.0
13 49 0.0
13 50 0.0
13 51 0.0
13 52 0.0
13 53 0.0
13 54 0.0
13 55 0.0
13 56 0.0
13 57 0.0
13 58 0.0
13 59 0.0
13 60 0.0
13 61 0.0
13 62 0.0
13 63 0.0
14 15 0.0
14 16 0.0
14 17 0.0
14 18 0.0
14 19 0.0
14 20 0.0
14 21 0.0
14 22 0.0
14 23 0.0
14 24 0.0
14 25 0.03915725595210065
14 26 0.0
14 27 0.0
14 28 0.0
14 29 0.0
14 30 0.0
14 31 0.0
14 32 0.0
14 33 0.0
14 34 0.0
14 35 0.0
14 36 0.0
14 37 0.0
14 38 0.0
14 39 0.0
14 40 0.0
14 41 0.0
14 42 0.0
14 43 0.0
14 44 0.0
14 45 0.03915725595210065
14 46 0.0
14 47 0.0
14 48 0.0
14 49 0.0
14 50 0.0
14 51 0.04786299294955181
14 52 0.0
14 53 0.0
14 54 0.0
14 55 0.0
14 56 0.0
14 57 0.0
14 58 0.0
14 59 0.0
14 60 0.0
14 61 0.0
14 62 0.0
14 63 0.0
15 16 0.0
15 17 0.0
15 18 0.0
15 19 0.0
15 20 0.0
15 21 0.0
15 22 0.0
15 23 0.0
15 24 0.0
15 25 0.0
15 26 0.0
15 27 0.0
15 28 0.0
15 29 0.0
15 30 0.0
15 31 0.0
15 32 0.0
15 33 0.0
15 34 0.0
15 35 0.0
15 36 0.0
15 37 0.0
15 38 0.0
15 39 0.0
15 40 0.0
15 41 0.0
15 42 0.0
15 43 0.1533824595561752
15 44 0.0
15 45 0.0
15 46 0.0
15 47 0.0
15 48 0.0
15 49 0.0
15 50 0.0
15 51 0.0
15 52 0.0
15 53 0.0
15 54 0.0
15 55 0.0
15 56 0.0
15 57 0.0
15 58 0.0
15 59 0.0
15 60 0.0
15 61 0.0
15 62 0.0
15 63 0.0
16 17 0.0
16 18 0.0
16 19 0.0
16 20 0.0
16 21 0.0
16 22 0.0
16 23 0.0
16 24 0.0
16 25 0.0
16 26 0.061095428766561585
16 27 0.0
16 28 0.0
16 29 0.0
16 30 0.0
16 31 0.0
16 32 0.0
16 33 0.0
16 34 0.0
16 35 0.0
16 36 0.0
16 37 0.0
16 38 0.0
16 39 0.0
16 40 0.0
16 41 0.0
16 42 0.0
16 43 0.0
16 44 0.0
16 45 0.0
16 46 0.0
16 47 0.0
16 48 0.0
16 49 0.0
16 50 0.0
16 51 0.0
16 52 0.0
16 53 0.0
16 54 0.0
16 55 0.0
16 56 0.0
16 57 0.0
16 58 0.0
16 59 0.0
16 60 0.0
16 61 0.0
16 62 0.0
16 63 0.0
17 18 0.2640890831205124
17 19 0.0
17 20 0.0
17 21 0.0
17 22 0.0
17 23 0.034336228343192984
17 24 0.0
17 25 0.0
17 26 0.0
17 27 0.0
17 28 0.33603118658317355
17 29 0.0
17 30 0.0
17 31 0.0
17 32 0.0
17 33 0.0
17 34 0.3118736436192767
17 35 0.0
17 36 0.031474295991276165
17 37 0.031895995938429816
17 38 0.0
17 39 0.04064440263212473
17 40 0.0379442593101558
17 41 0.0
17 42 0.0
17 43 0.0
17 44 0.28556510406383
17 45 0.0
17 46 0.021924201045616865
17 47 0.0
17 48 0.0
17 49 0.0
17 50 0.0
17 51 0.0
17 52 0.0
17 53 0.8661097135578049
17 54 0.0
17 55 0.0
17 56 0.0
17 57 0.0
17 58 0.0
17 59 0.37291386061729476
17 60 0.30133388126833094
17 61 0.0
17 62 0.0
17 63 0.0
18 19 0.0
18 20 0.0
18 21 0.0
18 22 0.0971144541271671
18 23 0.11665775574909742
18 24 0.0
18 25 0.0
18 26 0.0
18 27 0.0
18 28 0.19011363993685546
18 29 0.0
18 30 0.0
18 31 0.0
18 32 0.0
18 33 0.0
18 34 0.7066174374342028
18 35 0.0
18 36 0.0
18 37 0.0
18 38 0.0
18 39 0.0
18 40 0.0
18 41 0.0
18 42 0.16572000697254904
18 43 0.0
18 44 0.7167007457713088
18 45 0.0
18 46 0.0
18 47 0.0
18 48 0.0
18 49 0.0
18 50 0.1124401368153942
18 51 0.0
18 52 0.0
18 53 0.30491412229483883
18 54 0.0
18 55 0.0
18 56 0.0
18 57 0.0
18 58 0.0
18 59 0.11936466269108782
18 60 0.4480429922599108
18 61 0.0
18 62 0.0
18 63 0.0
19 20 0.0
19 21 0.0
19 22 0.0
19 23 0.0
19 24 0.0
19 25 0.0
19 26 0.0
19 27 0.0
19 28 0.0
19 29 0.0
19 30 0.0
19 31 0.0
19 32 0.0
19 33 0.0
19 34 0.0
19 35 0.0
19 36 0.0
19 37 0.0
19 38 0.0
19 39 0.0
19 40 0.0
19 41 0.0
19 42 0.0
19 43 0.0
19 44 0.0
19 45 0.0
19 46 0.0
19 47 0.0
19 48 0.0
19 49 0.0
19 50 0.0
19 51 0.0
19 52 0.0
19 53 0.0
19 54 0.0
19 55 0.0
19 56 0.0
19 57 0.0
19 58 0.0
19 59 0.0
19 60 0.0
19 61 0.0
19 62 0.0
19 63 0.0
20 21 0.09401618976324957
20 22 0.0
20 23 0.0
20 24 0.0
20 25 0.0
20 26 0.0
20 27 0.0
20 28 0.0
20 29 0.0
20 30 0.0
20 31 0.0
20 32 0.0
20 33 0.20473746591377384
20 34 0.0
20 35 0.0
20 36 0.0
20 37 0.0
20 38 0.0
20 39 0.0
20 40 0.0
20 41 0.0
20 42 0.0
20 43 0.10205664682254369
20 44 0.0
20 45 0.0
20 46 0.0
20 47 0.0
20 48 0.0
20 49 0.0
20 50 0.0
20 51 0.0
20 52 0.0
20 53 0.0
20 54 0.0
20 55 0.0
20 56 0.0
20 57 0.0
20 58 0.0
20 59 0.0
20 60 0.0
20 61 0.0
20 62 0.20473746591377384
20 63 0.0
21 22 0.0
21 23 0.0
21 24 0.0
21 25 0.0
21 26 0.0
21 27 0.0
21 28 0.0
21 29 0.0
21 30 0.0
21 31 0.0
21 32 0.0
21 33 0.08839483219406065
21 34 0.0
21 35 0.0
21 36 0.0
21 37 0.0
21 38 0.0
21 39 0.0
21 40 0.0
21 41 0.0
21 42 0.11219468491973222
21 43 0.0
21 44 0.0
21 45 0.0
21 46 0.0
21 47 0.0
21 48 0.0
21 49 0.2500211428667822
21 50 0.0
21 51 0.0
21 52 0.0
21 53 0.0
21 54 0.0
21 55 0.07374564445536222
21 56 0.0
21 57 0.0
21 58 0.0
21 59 0.0
21 60 0.0
21 61 0.0
21 62 0.08839483219406065
21 63 0.19048242801978613
22 23 0.0
22 24 0.0
22 25 0.0
22 26 0.0
22 27 0.0
22 28 0.0
22 29 0.0
22 30 0.0
22 31 0.0
22 32 0.0
22 33 0.0
22 34 0.0
22 35 0.0
22 36 0.0
22 37 0.0
22 38 0.0
22 39 0.0
22 40 0.0
22 41 0.0
22 42 0.0
22 43 0.0
22 44 0.0
22 45 0.0
22 46 0.7150074249878022
22 47 0.0
22 48 0.0
22 49 0.0
22 50 0.0
22 51 0.31368399456348767
22 52 0.0
22 53 0.0
22 54 0.0
22 55 0.0
22 56 0.0
22 57 0.0
22 58 0.0
22 59 0.0
22 60 0.0
22 61 0.0
22 62 0.0
22 63 0.0
23 24 0.0
23 25 0.0
23 26 0.0
23 27 0.0
23 28 0.04424246238535829
23 29 0.0
23 30 0.0
23 31 0.0
23 32 0.0
23 33 0.0
23 34 0.037069039628487406
23 35 0.0
23 36 0.04181058598881553
23 37 0.11634875927041298
23 38 0.0
23 39 0.0
23 40 0.13841133854836998
23 41 0.0
23 42 0.19584750967141315
23 43 0.0
23 44 0.03759800839791329
23 45 0.0
23 46 0.029124200055433102
23 47 0.0
23 48 0.0
23 49 0.0
23 50 0.2520268629875489
23 51 0.0
23 52 0.0
23 53 0.03964420189001997
23 54 0.0
23 55 0.0
23 56 0.0
23 57 0.0
23 58 0.0
23 59 0.02777805212190701
23 60 0.03581629231798046
23 61 0.12295713018324345
23 62 0.0
23 63 0.0
24 25 0.0
24 26 0.0
24 27 0.033316602759483796
24 28 0.0
24 29 0.0
24 30 0.0
24 31 0.0
24 32 0.0
24 33 0.0
24 34 0.0
24 35 0.0
24 36 0.0
24 37 0.0
24 38 0.0
24 39 0.0
24 40 0.0
24 41 0.0
24 42 0.0
24 43 0.0
24 44 0.0
24 45 0.0
24 46 0.0
24 47 0.0
24 48 0.0
24 49 0.0
24 50 0.0
24 51 0.0
24 52 0.0
24 53 0.0
24 54 0.0
24 55 0.0
24 56 0.0
24 57 0.0
24 58 0.0
24 59 0.0
24 60 0.0
24 61 0.0
24 62 0.0
24 63 0.0
25 26 0.0
25 27 0.2582522122757119
25 28 0.0
25 29 0.0
25 30 0.0
25 31 0.0
25 32 0.0
25 33 0.0
25 34 0.0
25 35 0.0
25 36 0.0
25 37 0.0
25 38 0.0
25 39 0.0
25 40 0.0
25 41 0.0
25 42 0.0
25 43 0.0
25 44 0.0
25 45 1.0
25 46 0.0
25 47 0.3636929155205146
25 48 0.0
25 49 0.0
25 50 0.0
25 51 0.042181852049331975
25 52 0.0
25 53 0.0
25 54 0.0
25 55 0.0
25 56 0.0
25 57 0.024323788564145857
25 58 0.0
25 59 0.023729262297882883
25 60 0.0
25 61 0.0
25 62 0.0
25 63 0.0
26 27 0.06082598953605053
26 28 0.0696055498696409
26 29 0.0
26 30 0.0
26 31 0.04636930781594558
26 32 0.0
26 33 0.0
26 34 0.0
26 35 0.0
26 36 0.0
26 37 0.0
26 38 0.0
26 39 0.0
26 40 0.0
26 41 0.0
26 42 0.0
26 43 0.0
26 44 0.049127547002294755
26 45 0.0
26 46 0.0
26 47 0.0
26 48 0.0
26 49 0.0
26 50 0.0
26 51 0.0
26 52 0.0
26 53 0.0
26 54 0.0
26 55 0.0
26 56 0.0
26 57 0.0
26 58 0.0
26 59 0.0
26 60 0.0
26 61 0.0
26 62 0.0
26 63 0.0
27 28 0.0
27 29 0.0
27 30 0.0
27 31 0.06664974252429012
27 32 0.0
27 33 0.0
27 34 0.0
27 35 0.0
27 36 0.0
27 37 0.0
27 38 0.0
27 39 0.0
27 40 0.0
27 41 0.0
27 42 0.0
27 43 0.0
27 44 0.07061434627296549
27 45 0.2582522122757119
27 46 0.0
27 47 0.23939850632002502
27 48 0.0
27 49 0.0
27 50 0.0
27 51 0.0
27 52 0.0
27 53 0.0
27 54 0.0
27 55 0.0
27 56 0.0
27 57 0.03392579146639412
27 58 0.0
27 59 0.03309657137687803
27 60 0.0
27 61 0.0
27 62 0.0
27 63 0.0
28 29 0.0
28 30 0.0
28 31 0.0
28 32 0.0
28 33 0.0
28 34 0.21854903281454835
28 35 0.0
28 36 0.04055484319889567
28 37 0.04109820643213651
28 38 0.0
28 39 0.0
28 40 0.04889143468206967
28 41 0.0
28 42 0.0
28 43 0.0
28 44 0.22166768962642558
28 45 0.0
28 46 0.028249481288239155
28 47 0.0
28 48 0.0
28 49 0.0
28 50 0.0
28 51 0.0
28 52 0.0
28 53 0.3879776214526273
28 54 0.06100729085972672
28 55 0.0
28 56 0.0
28 57 0.0
28 58 0.0
28 59 0.3182278593515875
28 60 0.21116317346085972
28 61 0.058395740155308254
28 62 0.0
28 63 0.0
29 30 0.0
29 31 0.0
29 32 0.0
29 33 0.0
29 34 0.0
29 35 0.0
29 36 0.0
29 37 0.0
29 38 0.0
29 39 0.0
29 40 0.0
29 41 0.0
29 42 0.0
29 43 0.0
29 44 0.0
29 45 0.0
29 46 0.0
29 47 0.0
29 48 0.0
29 49 0.0
29 50 0.0
29 51 0.0
29 52 0.0
29 53 0.0
29 54 0.0
29 55 0.0
29 56 0.0
29 57 0.0
29 58 0.0
29 59 0.0
29 60 0.0
29 61 0.0
29 62 0.0
29 63 0.0
30 31 0.0
30 32 0.1891046856203797
30 33 0.0
30 34 0.0
30 35 0.0
30 36 0.0
30 37 0.09014945270929507
30 38 0.0
30 39 0.0
30 40 0.10724400068501239
30 41 0.197576242458713
30 42 0.0
30 43 0.0
30 44 0.0
30 45 0.0
30 46 0.0
30 47 0.0
30 48 0.0
30 49 0.0
30 50 0.0
30 51 0.0
30 52 0.0
30 53 0.0
30 54 0.0
30 55 0.0
30 56 0.0
30 57 0.0
30 58 0.0
30 59 0.0
30 60 0.0
30 61 0.0
30 62 0.0
30 63 0.0
31 32 0.0
31 33 0.0
31 34 0.0
31 35 0.0
31 36 0.0
31 37 0.0
31 38 0.0
31 39 0.0
31 40 0.0
31 41 0.0
31 42 0.0
31 43 0.0
31 44 0.05383123864532055
31 45 0.0
31 46 0.0
31 47 0.0
31 48 0.0
31 49 0.0
31 50 0.0
31 51 0.0
31 52 0.0
31 53 0.0
31 54 0.0
31 55 0.0
31 56 0.0
31 57 0.0
31 58 0.0
31 59 0.0
31 60 0.0
31 61 0.0
31 62 0.0
31 63 0.0
32 33 0.0
32 34 0.0
32 35 0.0
32 36 0.0
32 37 0.0
32 38 0.0
32 39 0.0
32 40 0.0
32 41 0.0
32 42 0.0
32 43 0.0
32 44 0.0
32 45 0.0
32 46 0.0
32 47 0.0
32 48 0.0
32 49 0.0
32 50 0.0
32 51 0.0
32 52 0.0
32 53 0.0
32 54 0.0
32 55 0.0
32 56 0.0
32 57 0.0
32 58 0.0
32 59 0.0
32 60 0.0
32 61 0.0
32 62 0.0
32 63 0.0
33 34 0.0
33 35 0.0
33 36 0.0
33 37 0.0
33 38 0.0
33 39 0.0
33 40 0.0
33 41 0.0
33 42 0.0
33 43 0.09595453924355518
33 44 0.0
33 45 0.0
33 46 0.0
33 47 0.0
33 48 0.0
33 49 0.0
33 50 0.0
33 51 0.0
33 52 0.0
33 53 0.0
33 54 0.0
33 55 0.0
33 56 0.0
33 57 0.0
33 58 0.0
33 59 0.0
33 60 0.0
33 61 0.0
33 62 0.9999999999999998
33 63 0.0
34 35 0.0
34 36 0.03397932684154741
34 37 0.03443458977538297
34 38 0.0
34 39 0.04387927983200043
34 40 0.04096423282088907
34 41 0.0
34 42 0.0
34 43 0.0
34 44 0.7189060431976596
34 45 0.0
34 46 0.02366914237812648
34 47 0.0
34 48 0.0
34 49 0.0
34 50 0.0
34 51 0.0
34 52 0.0
34 53 0.32507136920465185
34 54 0.0
34 55 0.0
34 56 0.0
34 57 0.0
34 58 0.0
34 59 0.13721809540881247
34 60 0.7407944851706382
34 61 0.0
34 62 0.0
34 63 0.0
35 36 0.0
35 37 0.0
35 38 0.0
35 39 0.0
35 40 0.0
35 41 0.0
35 42 0.0
35 43 0.0
35 44 0.0
35 45 0.0
35 46 0.0
35 47 0.0
35 48 0.0
35 49 0.0
35 50 0.0
35 51 0.0
35 52 0.0
35 53 0.0
35 54 0.0
35 55 0.0
35 56 0.0
35 57 0.0
35 58 0.0
35 59 0.0
35 60 0.0
35 61 0.0
35 62 0.0
35 63 0.0
36 37 0.03883916042127001
36 38 0.0
36 39 0.0
36 40 0.04620401812372309
36 41 0.0
36 42 0.0
36 43 0.0
36 44 0.03446420594511826
36 45 0.0
36 46 0.02669669143307547
36 47 0.0
36 48 0.0
36 49 0.0
36 50 0.0
36 51 0.0
36 52 0.0
36 53 0.0363398487496302
36 54 0.0
36 55 0.0
36 56 0.0
36 57 0.0
36 58 0.0
36 59 0.025462745232451355
36 60 0.03283099630101536
36 61 0.0
36 62 0.0
36 63 0.0
37 38 0.0
37 39 0.0
37 40 0.5638839815454969
37 41 0.09033265632144925
37 42 0.0
37 43 0.0
37 44 0.03492596540209793
37 45 0.0
37 46 0.027054379921791015
37 47 0.0
37 48 0.0
37 49 0.0
37 50 0.0
37 51 0.0
37 52 0.0
37 53 0.036826738505688225
37 54 0.0
37 55 0.0
37 56 0.0
37 57 0.0
37 58 0.0
37 59 0.02580390102262019
37 60 0.03327087363485556
37 61 0.0
37 62 0.0
37 63 0.0
38 39 0.0
38 40 0.0
38 41 0.0
38 42 0.0
38 43 0.0
38 44 0.0
38 45 0.0
38 46 0.0
38 47 0.0
38 48 0.0
38 49 0.0
38 50 0.0
38 51 0.0
38 52 0.2654470569558164
38 53 0.0
38 54 0.02247378218487624
38 55 0.0
38 56 0.0
38 57 0.0
38 58 0.0
38 59 0.0
38 60 0.0
38 61 0.019171070425588906
38 62 0.0
38 63 0.0
39 40 0.0
39 41 0.0
39 42 0.0
39 43 0.0
39 44 0.0
39 45 0.0
39 46 0.0
39 47 0.0
39 48 0.0
39 49 0.0
39 50 0.0
39 51 0.0
39 52 0.0
39 53 0.0
39 54 0.0
39 55 0.0
39 56 0.0
39 57 0.0
39 58 0.0
39 59 0.0
39 60 0.04239638061617407
39 61 0.0
39 62 0.0
39 63 0.0
40 41 0.10746194419677962
40 42 0.0
40 43 0.0
40 44 0.04154878532192253
40 45 0.0
40 46 0.03218455411172988
40 47 0.0
40 48 0.0
40 49 0.0
40 50 0.0
40 51 0.0
40 52 0.0
40 53 0.043809991639844795
40 54 0.0
40 55 0.0
40 56 0.0
40 57 0.0
40 58 0.0
40 59 0.03069695373381386
40 60 0.039579847549307566
40 61 0.08289693007688785
40 62 0.0
40 63 0.0
41 42 0.0
41 43 0.0
41 44 0.0
41 45 0.0
41 46 0.0
41 47 0.0
41 48 0.0
41 49 0.0
41 50 0.0
41 51 0.0
41 52 0.0
41 53 0.0
41 54 0.0
41 55 0.0
41 56 0.0
41 57 0.0
41 58 0.0
41 59 0.0
41 60 0.0
41 61 0.0
41 62 0.0
41 63 0.0
42 43 0.0
42 44 0.0
42 45 0.0
42 46 0.0
42 47 0.0
42 48 0.0
42 49 0.0
42 50 0.5516568644425969
42 51 0.0
42 52 0.0
42 53 0.0
42 54 0.0
42 55 0.12287578163884309
42 56 0.0
42 57 0.0
42 58 0.0
42 59 0.0
42 60 0.0
42 61 0.0
42 62 0.0
42 63 0.10251728503918969
43 44 0.0
43 45 0.0
43 46 0.0
43 47 0.0
43 48 0.0
43 49 0.407424472441521
43 50 0.0
43 51 0.0
43 52 0.0
43 53 0.0
43 54 0.0
43 55 0.0
43 56 0.0
43 57 0.0
43 58 0.0
43 59 0.0
43 60 0.0
43 61 0.0
43 62 0.09595453924355518
43 63 0.0
44 45 0.0
44 46 0.02400689693671779
44 47 0.0
44 48 0.0
44 49 0.0
44 50 0.0
44 51 0.0
44 52 0.0
44 53 0.32971008129072454
44 54 0.0
44 55 0.0
44 56 0.0
44 57 0.0
44 58 0.0
44 59 0.13917617384296704
44 60 0.46598352262610365
44 61 0.0
44 62 0.0
44 63 0.0
45 46 0.0
45 47 0.3636929155205146
45 48 0.0
45 49 0.0
45 50 0.0
45 51 0.042181852049331975
45 52 0.0
45 53 0.0
45 54 0.0
45 55 0.0
45 56 0.0
45 57 0.024323788564145857
45 58 0.0
45 59 0.023729262297882883
45 60 0.0
45 61 0.0
45 62 0.0
45 63 0.0
46 47 0.0
46 48 0.0
46 49 0.0
46 50 0.0
46 51 0.35441410456230116
46 52 0.0
46 53 0.025313422424921954
46 54 0.0
46 55 0.0
46 56 0.0
46 57 0.0
46 58 0.07217661972940931
46 59 0.017736706352520733
46 60 0.022869244275737638
46 61 0.0
46 62 0.0
46 63 0.0
47 48 0.0
47 49 0.0
47 50 0.0
47 51 0.0
47 52 0.0
47 53 0.0
47 54 0.0
47 55 0.0
47 56 0.0
47 57 0.0
47 58 0.0
47 59 0.0
47 60 0.0
47 61 0.0
47 62 0.0
47 63 0.0
48 49 0.0
48 50 0.0
48 51 0.0
48 52 0.0
48 53 0.0
48 54 0.0
48 55 0.0
48 56 0.0
48 57 0.0
48 58 0.0
48 59 0.0
48 60 0.0
48 61 0.0
48 62 0.0
48 63 0.04566985486687253
49 50 0.0
49 51 0.0
49 52 0.0
49 53 0.0
49 54 0.0
49 55 0.0
49 56 0.0
49 57 0.0
49 58 0.0
49 59 0.0
49 60 0.0
49 61 0.0
49 62 0.0
49 63 0.2284554637096712
50 51 0.0
50 52 0.0
50 53 0.0
50 54 0.0
50 55 0.0
50 56 0.0
50 57 0.0
50 58 0.0
50 59 0.0
50 60 0.0
50 61 0.0
50 62 0.0
50 63 0.0
51 52 0.0
51 53 0.0
51 54 0.0
51 55 0.0
51 56 0.0
51 57 0.0
51 58 0.0
51 59 0.0
51 60 0.0
51 61 0.0
51 62 0.0
51 63 0.0
52 53 0.0
52 54 0.02313077216336412
52 55 0.0
52 56 0.0
52 57 0.0
52 58 0.0
52 59 0.0
52 60 0.0
52 61 0.019731510187925537
52 62 0.0
52 63 0.0
53 54 0.0
53 55 0.0
53 56 0.0
53 57 0.0
53 58 0.0
53 59 0.43056191932710175
53 60 0.31408559003218633
53 61 0.0
53 62 0.0
53 63 0.0
54 55 0.0
54 56 0.0
54 57 0.0
54 58 0.0
54 59 0.0
54 60 0.0
54 61 0.025254238824657424
54 62 0.0
54 63 0.0
55 56 0.0
55 57 0.0
55 58 0.0
55 59 0.0
55 60 0.0
55 61 0.05009805675065496
55 62 0.0
55 63 0.06738468278098848
56 57 0.0
56 58 0.09197593663627861
56 59 0.0
56 60 0.0
56 61 0.0
56 62 0.0
56 63 0.0
57 58 0.06431274728536872
57 59 0.020244303198790628
57 60 0.0
57 61 0.07054261893189827
57 62 0.0
57 63 0.0
58 59 0.0
58 60 0.0
58 61 0.0
58 62 0.0
58 63 0.0
59 60 0.13258081314579503
59 61 0.036664322604890075
59 62 0.0
59 63 0.0
60 61 0.0
60 62 0.0
60 63 0.0
61 62 0.0
61 63 0.0
62 63 0.0
