37
0	0	0	0	0	0	0	0	0	0	0	0	0	0	0	0	0	0	0	0	0	0	0	0	0	0	0	0	0	0	0	0	0	0	0	0	
0	0	0	0	0	0	0	0	0	0	0	0	0	0	0	0	0	0	0	0	0	0	0	0	0	0	0	0	0	0	0	0	0	0	0	
1.0	0	0	0	0	0	0	0	0	0	0	0	0	0	0	0	0	0	0	0	0	1.0	1.0	1.0	1.0	1.0	1.0	1.0	0	0	1.0	0	0	0	
0	0	0	0	0	0	0	0	0	0	0	0	0	0	0	0	0	0	0	0	1.0	1.0	1.0	1.0	1.0	1.0	1.0	0	0	1.0	0	0	0	
0	0	0	0	0	0	0	0	0	0	0	0	0	0	0	0	0	0	0	0	0	0	0	0	0	0	0	0	0	0	0	0	
0	0	0	0	0	0	0	0	1.0	0	0	1.0	0	0	0	0	0	0	0	0	0	0	0	0	0	0	0	0	0	0	0	
0	0	0	0	0	0	0	0	0	0	0	0	0	0	0	0	0	0	0	0	0	0	0	0	0	0	0	0	0	0	
1.0	1.0	0	0	0	0	0	0	0	0	1.0	0	0	0	0	1.0	0	0	0	0	0	0	0	0	0	0	0	0	0	
1.0	0	0	0	0	0	0	0	0	1.0	0	0	0	0	1.0	0	0	0	0	0	0	0	0	0	0	0	0	0	
0	0	0	0	0	0	0	0	1.0	0	0	0	0	1.0	0	0	0	0	0	0	0	0	0	0	0	0	0	
0	0	0	0	0	0	0	0	0	0	0	0	0	0	0	0	0	0	0	0	0	0	0	0	0	0	
0	0	0	0	0	0	0	0	0	0	0	0	0	0	0	0	0	0	0	0	0	0	0	0	0	
0	0	0	0	0	0	0	0	0	0	0	0	0	0	0	0	0	0	0	0	0	0	0	0	
0	0	0	0	0	0	0	0	0	0	0	0	0	0	0	0	0	0	0	0	0	0	0	
0	0	0	0	0	0	0	0	0	0	0	0	0	0	0	0	0	0	0	0	0	0	
1.0	0	0	0	0	0	0	0	0	0	0	0	0	0	1.0	0	0	0	0	0	1.0	
0	0	0	0	0	0	0	0	0	0	0	0	0	0	0	0	0	0	0	0	
0	0	0	0	0	0	0	0	0	0	0	0	0	0	0	0	0	0	0	
0	0	0	0	1.0	0	0	0	0	0	0	0	0	0	0	0	0	0	
0	0	0	0	0	0	0	0	0	0	0	0	0	0	0	0	0	
0	0	0	0	0	0	0	0	0	0	0	0	0	0	0	0	
0	0	0	0	0	0	0	0	0	0	0	0	0	0	0	
0	0	0	0	0	0	0	0	0	0	0	0	0	0	
0	0	0	0	0	0	0	0	0	0	0	0	0	
0	0	1.0	0	0	1.0	0	0	1.0	0	0	0	
1.0	1.0	1.0	1.0	1.0	0	0	1.0	0	0	0	
1.0	1.0	1.0	1.0	0	0	1.0	0	0	0	
0	1.0	0	0	0	1.0	0	0	0	
1.0	1.0	0	0	1.0	0	0	0	
1.0	0	0	1.0	0	0	0	
0	0	1.0	0	0	1.0	
0	0	0	0	0	
0	0	0	0	
0	0	0	
0	0	
0	

0	0	0	0	0	0	1.0	0	0	0	0	0	0	0	0	0	0	0	0	0	0	0	1.0	0	0	0	0	0	0	0	0	0	0	0	0	0	
0	0	0	0	2.0	0	0	0	0	0	0	0	0	0	0	0	0	0	0	0	0	0	0	0	0	0	0	0	0	0	0	0	0	0	0	
0	0	1.0	0	0	0	0	0	0	0	0	3.0	0	1.0	3.0	0	0	0	1.0	0	0	0	0	0	3.0	0	0	0	1.0	0	0	0	0	0	
0	0	0	0	0	0	0	0	0	0	0	0	0	0	0	0	0	0	0	0	2.0	2.0	0	0	1.0	1.0	0	0	0	0	0	0	0	
0	0	0	0	0	0	0	0	0	0	0	0	0	0	0	0	0	0	0	0	0	0	0	0	0	0	0	0	0	0	0	0	
0	1.0	2.0	1.0	0	0	1.0	1.0	1.0	1.0	0	1.0	0	0	1.0	1.0	1.0	0	0	0	0	1.0	0	0	0	0	1.0	0	0	0	1.0	
0	0	0	0	0	0	0	0	0	0	0	0	0	0	0	0	0	0	0	0	0	0	0	0	0	0	0	0	0	0	
1.0	1.0	0	0	1.0	1.0	0	0	0	0	0	0	2.0	1.0	1.0	2.0	0	0	0	0	0	0	0	0	1.0	0	0	0	1.0	
1.0	0	0	1.0	1.0	0	1.0	0	0	0	0	1.0	2.0	2.0	0	0	0	0	0	0	0	0	0	1.0	0	0	0	1.0	
0	0	2.0	2.0	0	0	0	0	0	0	1.0	1.0	1.0	0	0	0	0	0	0	0	0	0	1.0	0	0	0	1.0	
1.0	0	0	0	0	0	0	0	0	0	0	0	0	0	0	0	0	0	0	0	0	0	0	0	0	0	
0	0	0	0	0	0	0	0	0	0	0	0	0	0	0	0	0	0	0	0	0	0	0	0	0	
1.0	0	0	0	0	0	0	1.0	1.0	1.0	0	0	0	0	0	0	0	0	0	1.0	0	0	0	1.0	
0	0	0	0	0	0	1.0	1.0	1.0	0	0	0	0	0	0	0	0	0	1.0	0	0	0	1.0	
0	0	3.0	0	0	0	1.0	0	0	0	0	0	3.0	0	0	0	0	0	0	0	0	0	
0	0	0	0	0	0	0	0	0	0	0	0	0	0	1.0	0	0	1.0	0	0	0	
0	0	0	0	0	0	0	0	0	0	0	0	0	0	1.0	0	0	0	0	1.0	
0	0	0	1.0	0	0	0	0	0	3.0	0	0	0	0	0	0	0	0	0	
0	0	0	0	0	0	0	0	0	0	0	0	0	0	0	0	0	0	
0	0	0	0	0	0	0	0	0	0	0	0	0	0	0	0	0	
1.0	1.0	1.0	0	0	0	0	0	0	0	0	1.0	0	0	0	1.0	
2.0	0	0	0	0	1.0	0	0	0	0	1.0	0	0	0	1.0	
0	0	0	0	0	0	0	0	0	1.0	0	0	0	1.0	
0	0	0	0	0	0	0	0	0	0	0	0	0	
2.0	0	0	2.0	2.0	0	0	0	0	0	0	0	
0	0	3.0	2.0	0	0	0	0	0	0	0	
0	0	0	0	0	0	0	0	0	0	
0	0	0	0	0	0	0	0	0	
2.0	0	0	0	0	0	0	0	
0	0	0	0	0	0	0	
0	0	2.0	0	0	1.0	
0	0	0	0	0	
0	0	0	1.0	
0	0	1.0	
0	0	
0	

0	0	0	0	0	0	0	0	0	0	0	0	0	0	0	0	0	0	0	0	0	0	0	0	0	0	0	0	0	0	0	0	0	0	0	0	
0	0	0	0	0	0	0	0	0	0	0	0	0	0	0	0	0	0	0	0	0	0	0	0	0	0	0	0	0	0	0	0	0	0	0	
0	0	0	0	0	0	0	0	0	0	0	0	0	0	0	0	0	0	0	0	0	0	0	0	0	0	0	0	0	0	0	0	0	0	
0	0	0	0	0	0	0	0	0	0	0	0	0	0	0	0	0	0	0	0	0	0	0	0	0	0	0	0	0	0	0	0	0	
0	0	0	0	0	0	0	0	0	0	0	0	0	0	0	0	0	0	0	0	0	0	0	0	0	0	0	0	0	0	0	0	
0	0	0	0	0	0	0	0	0	0	0	0	0	0	0	0	0	0	0	0	0	0	0	0	0	0	0	0	0	0	0	
0	0	0	0	0	0	0	0	0	0	0	0	0	0	0	0	0	0	0	0	0	0	0	0	0	0	0	0	0	0	
0	0	0	0	0	0	0	0	0	0	0	0	0	0	0	0	0	0	0	0	0	0	0	0	0	0	0	0	0	
0	0	0	0	0	0	0	0	0	0	0	0	0	0	0	0	0	0	0	0	0	0	0	0	0	0	0	0	
0	0	0	0	0	0	0	0	0	0	0	0	0	0	0	0	0	0	0	0	0	0	0	0	0	0	0	
0	0	0	0	0	0	0	0	0	0	0	0	0	0	0	0	0	0	0	0	0	0	0	0	0	0	
0	0	0	0	0	0	0	0	0	0	0	0	0	0	0	0	0	0	0	0	0	0	0	0	0	
0	0	0	0	0	0	0	0	0	0	0	0	0	0	0	0	0	0	0	0	0	0	0	0	
0	0	0	0	0	0	0	0	0	0	0	0	0	0	0	0	0	0	0	0	0	0	0	
0	0	0	0	0	0	0	0	0	0	0	0	0	0	0	0	0	0	0	0	0	0	
0	0	0	0	0	0	0	0	0	0	0	0	0	0	0	0	0	0	0	0	0	
0	0	0	0	0	0	0	0	0	0	0	0	0	0	0	0	0	0	0	0	
0	0	0	0	0	0	0	0	0	0	0	0	0	0	0	0	0	0	0	
0	0	0	0	0	0	0	0	0	0	0	0	0	0	0	0	0	0	
0	0	0	0	0	0	0	0	0	0	0	0	0	0	0	0	0	
0	0	0	0	0	0	0	0	0	0	0	0	0	0	0	0	
0	0	0	0	0	0	0	0	0	0	0	0	0	0	0	
0	0	0	0	0	0	0	0	0	0	0	0	0	0	
0	0	0	0	0	0	0	0	0	0	0	0	0	
0	0	0	0	0	0	0	0	0	0	0	0	
0	0	0	0	0	0	0	0	0	0	0	
0	0	0	0	0	0	0	0	0	0	
0	0	0	0	0	0	0	0	0	
0	0	0	0	0	0	0	0	
0	0	0	0	0	0	0	
0	0	0	0	0	0	
0	0	0	0	0	
0	0	0	0	
0	0	0	
0	0	
0	

0	0	0	0	0	0	0	0	0	0	0	0	0	0	0	0	0	0	0	0	0	0	0	0	0	0	0	0	0	0	0	0	0	0	0	0	
0	0	0	0	0	0	0	0	0	0	0	0	0	0	0	0	0	0	0	0	0	0	0	0	0	0	0	0	0	0	0	0	0	0	0	
0	0	0	0	0	0	0	0	0	0	0	0	0	0	0	0	0	0	0	0	0	0	0	0	0	0	0	0	0	0	0	0	0	0	
0	0	0	0	0	0	0	0	0	0	0	0	0	0	0	0	0	0	0	0	0	0	0	0	0	0	0	0	0	0	0	0	0	
0	0	0	0	0	0	0	0	0	0	0	0	0	0	0	0	0	0	0	0	0	0	0	0	0	0	0	0	0	0	0	0	
1.0	0	0	0	0	0	0	0	0	0	0	0	0	0	0	0	0	0	0	0	0	0	0	0	0	0	0	0	0	0	0	
0	0	0	0	0	0	0	0	0	0	0	0	0	0	0	0	0	0	0	0	0	0	0	0	0	0	0	0	0	0	
1.0	1.0	0	0	0	0	0	0	0	0	0	0	0	0	0	0	0	0	0	0	0	0	0	0	0	0	0	0	0	
1.0	0	0	0	0	0	0	0	0	0	0	0	0	0	0	0	0	0	0	0	0	0	0	0	0	0	0	0	
0	0	0	0	0	0	0	0	0	0	0	0	0	0	0	0	0	0	0	0	0	0	0	0	0	0	0	
0	0	0	0	0	0	0	0	0	0	0	0	0	0	0	0	0	0	0	0	0	0	0	0	0	0	
0	0	0	0	0	0	0	0	0	0	0	0	0	0	0	0	0	0	0	0	0	0	0	0	0	
1.0	0	0	0	0	0	0	0	0	0	0	0	0	0	0	0	0	0	0	0	0	0	0	0	
0	0	0	0	0	0	0	0	0	0	0	0	0	0	0	0	0	0	0	0	0	0	0	
1.0	1.0	1.0	0	0	0	0	0	0	0	0	0	0	0	0	0	0	0	0	0	0	0	
1.0	1.0	0	0	0	0	0	0	0	0	0	0	0	0	0	0	0	0	0	0	0	
1.0	0	0	0	0	0	0	0	0	0	0	0	0	0	0	0	0	0	0	0	
0	0	0	0	0	0	0	0	0	0	0	0	0	0	0	0	0	0	0	
0	0	0	0	0	0	0	0	0	0	0	0	0	0	0	0	0	0	
0	0	0	0	0	0	0	0	0	0	0	0	0	0	0	0	0	
0	0	0	0	0	0	0	0	0	0	0	0	0	0	0	0	
0	0	0	0	0	0	0	0	0	0	0	0	0	0	0	
0	0	0	1.0	0	0	0	0	0	0	0	0	0	0	
0	0	0	0	0	0	0	0	0	0	0	0	0	
0	0	0	0	0	0	0	0	0	0	0	0	
0	0	0	0	0	0	0	0	0	0	0	
0	0	0	0	0	0	0	0	0	0	
0	0	0	0	0	0	0	0	0	
0	0	0	0	0	0	0	0	
0	0	0	0	0	0	0	
0	0	0	0	0	0	
0	0	0	0	0	
0	0	0	0	
0	0	0	
0	0	
0	

0	0	0	0	0	0	0	0	0	0	0	0	0	0	0	0	0	0	0	0	0	0	0	0	0	0	0	0	0	0	0	0	0	0	0	0	
0	0	0	0	0	0	0	0	0	0	0	0	0	0	0	0	0	0	0	0	0	0	0	0	0	0	0	0	0	0	0	0	0	0	0	
0	0	0	0	0	0	0	0	0	0	0	0	0	0	0	0	0	0	0	0	0	0	0	0	0	0	0	0	0	0	0	0	0	0	
0	0	0	0	0	0	0	0	0	0	0	0	0	0	0	0	0	0	0	0	0	0	0	0	0	0	0	0	0	0	0	0	0	
0	0	0	0	0	0	0	0	0	0	0	0	0	0	0	0	0	0	0	0	0	0	0	0	0	0	0	0	0	0	0	0	
0	0	0	0	0	0	0	0	0	0	0	0	0	0	0	0	0	0	0	0	0	0	0	0	0	0	0	0	0	0	0	
0	0	0	0	0	0	0	0	0	0	0	0	0	0	0	0	0	0	0	0	0	0	0	0	0	0	0	0	0	0	
0	0	0	0	0	0	0	0	0	0	0	0	0	0	0	0	0	0	0	0	0	0	0	0	0	0	0	0	0	
0	0	0	0	0	0	0	0	0	0	0	0	0	0	0	0	0	0	0	0	0	0	0	0	0	0	0	0	
0	0	0	0	0	0	0	0	0	0	0	0	0	0	0	0	0	0	0	0	0	0	0	0	0	0	0	
0	0	0	0	0	0	0	0	0	0	0	0	0	0	0	0	0	0	0	0	0	0	0	0	0	0	
0	0	0	0	0	0	0	0	0	0	0	0	0	0	0	0	0	0	0	0	0	0	0	0	0	
0	0	0	0	0	0	0	0	0	0	0	0	0	0	0	0	0	0	0	0	0	0	0	0	
0	0	0	0	0	0	0	0	0	0	0	0	0	0	0	0	0	0	0	0	0	0	0	
0	0	0	0	0	0	0	0	0	0	0	0	0	0	0	0	0	0	0	0	0	0	
0	0	0	0	0	0	0	0	0	0	0	0	0	0	0	0	0	0	0	0	0	
0	0	0	0	0	0	0	0	0	0	0	0	0	0	0	0	0	0	0	0	
0	0	0	0	0	0	0	0	0	0	0	0	0	0	0	0	0	0	0	
0	0	0	0	0	0	0	0	0	0	0	0	0	0	0	0	0	0	
0	0	0	0	0	0	0	0	0	0	0	0	0	0	0	0	0	
0	0	0	0	0	0	0	0	0	0	0	0	0	0	0	0	
0	0	0	0	0	0	0	0	0	0	0	0	0	0	0	
0	0	0	0	0	0	0	0	0	0	0	0	0	0	
0	0	0	0	0	0	0	0	0	0	0	0	0	
0	0	0	0	0	0	0	0	0	0	0	0	
0	0	0	0	0	0	0	0	0	0	0	
0	0	0	0	0	0	0	0	0	0	
0	0	0	0	0	0	0	0	0	
0	0	0	0	0	0	0	0	
0	0	0	0	0	0	0	
0	0	0	0	0	0	
0	0	0	0	0	
0	0	0	0	
0	0	0	
0	0	
0	

0	0	0	0	0	0	0	0	0	0	0	0	0	0	0	0	0	0	0	0	0	0	0	0	0	0	0	0	0	0	0	0	0	0	0	0	
0	0	0	0	0	0	0	0	0	0	0	0	0	0	0	0	0	0	0	0	0	0	0	0	0	0	0	0	0	0	0	0	0	0	0	
0	0	0	0	0	0	0	0	0	0	0	0	0	0	0	0	0	0	0	0	0	0	0	0	0	0	0	0	0	0	0	0	0	0	
0	0	0	0	0	0	0	0	0	0	0	0	0	0	0	0	0	0	0	0	0	0	0	0	0	0	0	0	0	0	0	0	0	
0	0	0	0	0	0	0	0	0	0	0	0	0	0	0	0	0	0	0	0	0	0	0	0	0	0	0	0	0	0	0	0	
0	0	0	0	0	0	0	0	0	0	0	0	0	0	0	0	0	0	0	0	0	0	0	0	0	0	0	0	0	0	0	
0	0	0	0	0	0	0	0	0	0	0	0	0	0	0	0	0	0	0	0	0	0	0	0	0	0	0	0	0	0	
0	0	0	0	0	0	0	0	0	0	0	0	0	0	0	0	0	0	0	0	0	0	0	0	0	0	0	0	0	
0	0	0	0	0	0	0	0	0	0	0	0	0	0	0	0	0	0	0	0	0	0	0	0	0	0	0	0	
0	0	0	0	0	0	0	0	0	0	0	0	0	0	0	0	0	0	0	0	0	0	0	0	0	0	0	
0	0	0	0	0	0	0	0	0	0	0	0	0	0	0	0	0	0	0	0	0	0	0	0	0	0	
0	0	0	0	0	0	0	0	0	0	0	0	0	0	0	0	0	0	0	0	0	0	0	0	0	
0	0	0	0	0	0	0	0	0	0	0	0	0	0	0	0	0	0	0	0	0	0	0	0	
0	0	0	0	0	0	0	0	0	0	0	0	0	0	0	0	0	0	0	0	0	0	0	
0	0	0	0	0	0	0	0	0	0	0	0	0	0	0	0	0	0	0	0	0	0	
0	0	0	0	0	0	0	0	0	0	0	0	0	0	0	0	0	0	0	0	0	
0	0	0	0	0	0	0	0	0	0	0	0	0	0	0	0	0	0	0	0	
0	0	0	0	0	0	0	0	0	0	0	0	0	0	0	0	0	0	0	
0	0	0	0	0	0	0	0	0	0	0	0	0	0	0	0	0	0	
0	0	0	0	0	0	0	0	0	0	0	0	0	0	0	0	0	
0	0	0	0	0	0	0	0	0	0	0	0	0	0	0	0	
0	0	0	0	0	0	0	0	0	0	0	0	0	0	0	
0	0	0	0	0	0	0	0	0	0	0	0	0	0	
0	0	0	0	0	0	0	0	0	0	0	0	0	
0	0	0	0	0	0	0	0	0	0	0	0	
0	0	0	0	0	0	0	0	0	0	0	
0	0	0	0	0	0	0	0	0	0	
0	0	0	0	0	0	0	0	0	
0	0	0	0	0	0	0	0	
0	0	0	0	0	0	0	
0	0	0	0	0	0	
0	0	0	0	0	
0	0	0	0	
0	0	0	
0	0	
0	

0.009873072275228026	0	0.01362077306542508	0	0	0	0.08577927921196234	0	0.009278505180934761	0.010917807403379045	0.012685548919855707	0.010503248961136592	0	0	0.010255955084915893	0.2524168615380021	0	0	0	0.44277893051682804	0	0.09381940625648368	0.44343916872231814	0.010922230473237315	0.01234784465520511	0	0	0	0	0.008537937068790838	0	0.09381940625648368	0	0.008898780944229795	0.2719788144305995	0.011375907817930433	
0	0.009037838355228768	0	0	0	0.007409162879253531	0	0.11320922193596368	0.007244330261674492	0.008417285864341265	0.006969256874005083	0	0	0.006805169118575549	0.011660143519690544	0	0	0	0.008800069591060994	0	0.2394673057738186	0.00734343871505976	0.007247265116415917	0.008193207793212472	0	0	0	0	0.005665206720954876	0	0.2394673057738186	0	0.005904638697541429	0.012563788295492385	0.007548295203847142	
0	0	0	0	0	0	0	0	0	0	0	0	0	0	0.16802452528251977	0	0	0	0	0	0	0	0	0	0.1626450803215819	0	0	0	0	0	0	0	0	0	
0	0	0.0685026975829	0.010221592972259793	0	0.11103967778924034	0.009994191853819969	0.011612387450324306	0.009614703880336438	0	0	0.009388330364857537	0.016086195296116542	0	0	0	0.012140471326289518	0	0	0.010130920697162184	0.25920776410333135	0.14777172240231884	0	0	0.1858451189817094	0.04782211209985519	0.007815651801562967	0	0	0	0.008145969308290252	0.017332852879474458	0.1361401555563756	
0	0	0	0	0	0	0	0.13341365712474607	0	0	0	0	0	0	0	0	0	0	0	0	0	0	0	0	0	0	0	0	0	0	0	0	
0	0	0.34340287955988713	0	0	0	0	0	0	0	0	0	0	0	0	0	0	0	0	0	0	0	0	0	0	0	0	0	0	0	0	
0	0	0.04666421144952163	0	0	0	0	0	0	0	0	0	0.06060424456075773	0	0.12980072883419186	0	0	0.05493096812090237	0.06210078269076177	0	0.09485263600298237	0	0	0.06457261076745126	0	0	0.15556429646140782	0.11646204889944917	0	0.05721263905062473	
0	0.0069629750745398705	0.00819317544538963	0.009519761988957877	0.007882073598272542	0	0	0.007696494018088744	0.10130572113167156	0	0	0	0.2495167752348242	0	0.13541608256179605	0.0638013034195576	0.008196494700439396	0.00926633470390774	0	0	0	0	0.006407222051256255	0	0.13541608256179605	0	0.006678014259859485	0.10915677249350784	0.008536952994246519	
0	0	0	0.10624273807632363	0	0	0	0	0.0757360821545017	0	0	0	0	0	0	0	0	0	0	0	0	0.0638324172385845	0	0	0	0	0	0	
0.006808068855527225	0.007910387802756725	0.0065495606848707975	0	0	0.006395354471603133	0.08417936726978761	0	0	0.033389095226730475	0.06353131836281833	0	0	0.00690120889062217	0.0890405373221189	0.10066247233690179	0	0	0.037412902471571426	0.03257654413229164	0.005324041842915835	0	0	0.0376068372938427	0.04262801299798511	0.01180718337131805	0.09273901948117319	
0.00930797459638169	0.007706720073950401	0	0	0.2692281592107549	0.012893980484995432	0	0	0	0.009731263202903833	0	0	0.00812049657234866	0.00801414620865104	0.009060185341354858	0	0	0	0	0.006264679742586546	0	0	0	0.006529447601436436	0.01389324589582686	0.00834703028217724	
0.09893359103406384	0	0	0.008743712529906267	0.01498169130217946	0	0.11712559211679305	0	0.011306887074617366	0.08496517490198635	0	0.00943531541783446	0.009311745483736426	0.010527152579660354	0	0	0	0	0.007279016601558163	0	0	0	0.007586653977979203	0.01614275137447003	0.009698528016468269	
0	0	0.007239528232197273	0.012404385068381842	0	0.09697643054276345	0.19671083643211326	0.009361758854146173	0.070348582521743	0	0.0078121544039178314	0.007709842254073735	0.008716162390338383	0	0	0	0	0.006026804519175777	0	0	0	0.006281518917008696	0.013365707520815522	0.008030086435919334	
0	0.2952990686460627	0	0	0	0	0	0	0	0	0	0	0	0	0	0	0	0	0	0	0	0	0.16377289856597832	
0	0	0	0	0	0	0	0	0	0	0	0	0	0	0	0	0	0	0	0	0	0	
0.012112329869362514	0	0	0	0.009141340805992555	0	0	0.00762822103707794	0.007528317776922457	0.008510944596182372	0	0	0	0	0.005884906344974057	0	0	0	0.0061336236164889766	0.013051018453319884	0.3457278050610917	
0	0	0.06323648473613697	0.2249842688850693	0	0.11080114794940941	0.18774376421844163	0.012899204150730611	0.014582861020857877	0	0	0	0	0.010083342733545208	0	0.11080114794940941	0.07122457725666682	0.08073431385229232	0.32120822396216364	0.013434999170081029	
0	0	0	0	0	0	0	0	0	0.40375957335901325	0	0	0.17577740088722765	0	0	0	0	0	0	
0	0	0.725419384153571	0	0	0	0	0	0	0	0	0	0	0	0	0	0	0	
0.04772543883635152	0	0	0	0	0	0	0	0	0	0.04620288188701695	0	0	0.1658367609084149	0.03202264142280402	0	0	
0	0	0.3293321318763398	0.009735205574789083	0.011005884413310027	0	0	0	0	0.0076100364987678965	0	0	0.05375416137838436	0.060931289489444256	0.12964854598732484	0.01013957739481559	
0	0	0	0	0	0	0	0	0	0	0	0	0	0	0	
0.06978142577325255	0	0	0.11063539476846412	0	0	0	0	0	1.0	0	0	0.11938808157747746	0	
0.00812378638341569	0.009184136200044452	0	0	0	0	0.006350385763407616	0	0.06978142577325255	0	0.006618775866419339	0.20229364273742145	0.008461224587481506	
0.11849524265273431	0	0	0.14902555178729085	0.16202698927633	0.0062672177170275106	0	0	0	0.00653209283978971	0.013898874388333182	0.10916811758824417	
0.0972973610764023	0	0.3290577326294188	0.04335289990196956	0.0070852405998779264	0	0	0	0.007384688306727736	0.01571301230548737	0.12341718668030115	
0	0.08768902930199733	0	0	0	0.11063539476846412	0	0	0	0.12127833388021234	
0	0	0	0	0	0.07644204280436438	0	0	0	
0.03907170418368488	0	0.11016347675535913	0	0	0	0	0.04587007512722439	
0	0	0	0	0	0	0.03994045978841145	
0	0	0.05203927359614834	0.005106154620182954	0.01086478765902151	0.00652753951663077	
0	0	0	0	0	
0	0	0.11938808157747746	0	
0.03606777175388536	0	0	
0.011323972594810444	0.006803416773312819	
0.014476192770523777	

1.0	0	0	0	0	1.0	1.0	1.0	0	0	0	0	0	0	0	0	0	1.0	0	0	0	0	0	0	0	0	0	0	0	0	0	0	0	0	0	0	
0	0	0	0	1.0	1.0	1.0	0	0	0	0	0	0	0	0	0	1.0	0	0	0	0	0	0	0	0	0	0	0	0	0	0	0	0	0	0	
0	0	0	0	0	0	0	0	0	0	0	0	0	0	0	0	0	0	0	0	0	0	0	0	0	0	0	0	0	0	0	0	0	0	
0	0	1.0	0	0	0	0	0	0	0	1.0	1.0	1.0	0	0	0	0	1.0	0	1.0	1.0	1.0	0	1.0	1.0	1.0	0	0	0	0	0	0	0	
0	0	0	0	0	0	0	0	0	0	0	0	0	0	0	0	0	0	0	0	0	0	0	0	0	0	0	0	0	0	0	0	
0	0	0	0	0	0	0	0	0	0	0	0	0	0	0	0	0	0	0	0	0	0	0	0	0	0	0	0	0	0	0	
1.0	1.0	0	0	0	0	0	1.0	1.0	1.0	0	1.0	0	0	1.0	0	1.0	1.0	1.0	0	1.0	1.0	1.0	0	0	0	0	0	0	0	
1.0	0	0	0	0	0	0	0	0	0	1.0	0	0	0	0	0	0	0	0	0	0	0	0	0	0	0	0	0	0	
0	0	0	0	0	0	0	0	0	1.0	0	0	0	0	0	0	0	0	0	0	0	0	0	0	0	0	0	0	
0	0	0	0	0	0	0	0	0	0	0	0	0	0	0	0	0	0	0	0	0	0	0	0	0	0	0	
0	0	0	0	0	0	0	0	0	0	0	0	0	0	0	0	0	0	0	0	0	0	0	0	0	0	
0	0	0	0	0	0	0	0	0	0	0	0	0	0	0	0	0	0	0	0	0	0	0	0	0	
0	0	0	0	0	0	0	0	0	0	0	0	0	0	0	0	0	0	0	0	0	0	0	0	
0	0	0	0	0	0	0	0	0	0	0	0	0	0	0	0	0	0	0	0	0	0	0	
1.0	1.0	0	0	0	0	1.0	0	1.0	1.0	1.0	0	1.0	1.0	1.0	0	0	0	0	0	0	0	
1.0	0	0	0	0	1.0	0	1.0	1.0	1.0	0	1.0	1.0	1.0	0	0	0	0	0	0	0	
0	0	0	0	1.0	0	1.0	1.0	1.0	0	1.0	1.0	1.0	0	0	0	0	0	0	0	
0	0	0	0	0	0	0	0	0	0	0	0	0	0	0	0	0	0	0	
0	0	0	0	0	0	0	0	0	0	0	0	0	0	0	0	0	0	
0	0	0	0	0	0	0	0	0	0	0	0	0	0	0	0	0	
0	0	0	0	0	0	0	0	0	0	0	0	0	0	0	0	
0	1.0	1.0	1.0	0	1.0	1.0	1.0	0	0	0	0	0	0	0	
0	0	0	0	0	0	0	0	0	0	0	0	0	0	
1.0	1.0	0	1.0	1.0	1.0	0	0	0	0	0	0	0	
1.0	0	1.0	1.0	1.0	0	0	0	0	0	0	0	
0	1.0	1.0	1.0	0	0	0	0	0	0	0	
0	0	0	0	0	0	0	0	0	0	
1.0	1.0	0	0	0	0	0	0	0	
1.0	0	0	0	0	0	0	0	
0	0	0	0	0	0	0	
0	0	0	0	0	0	
0	0	0	0	0	
0	0	0	0	
0	0	0	
0	0	
0	

