0 1 0.03136160102793496
0 2 0.0
0 3 0.05054360266133411
0 4 0.0
0 5 0.0
0 6 0.0
0 7 0.21365852723118228
0 8 0.0
0 9 0.03620541957197469
0 10 0.04081986846890057
0 11 0.044926452069548685
0 12 0.041682516488136166
0 13 0.0
0 14 0.0
0 15 0.04358487142662641
0 16 0.42627797975757004
0 17 0.0
0 18 0.0
0 19 0.0
0 20 0.6273817392934895
0 21 0.0
0 22 0.16426034843303228
0 23 0.6837241232766142
0 24 0.044776247757625245
0 25 0.049342306423366795
0 26 0.0
0 27 0.0
0 28 0.058137020289153574
0 29 0.0
0 30 0.03299930935220375
0 31 0.03514940880486972
0 32 0.16426034843303228
0 33 0.0
0 34 0.03728305884273236
0 35 0.4546159898817031
0 36 0.04504355800237281
1 2 0.0
1 3 0.033730831918575566
1 4 0.0
1 5 0.0
1 6 0.0
1 7 0.029095872531678942
1 8 0.0
1 9 0.1554363276645105
1 10 0.027241590424185728
1 11 0.02998216438210438
1 12 0.027817288115082384
1 13 0.0
1 14 0.0
1 15 0.029086845710919827
1 16 0.033192710436951406
1 17 0.0
1 18 0.0
1 19 0.0
1 20 0.027853709350726275
1 21 0.0
1 22 0.3001624163099925
1 23 0.024398301718145554
1 24 0.029881923874262417
1 25 0.0329291335956681
1 26 0.0
1 27 0.0
1 28 0.038798383106165686
1 29 0.0
1 30 0.02202245385329014
1 31 0.023457346489100975
1 32 0.3001624163099925
1 33 0.0
1 34 0.024881261426119582
1 35 0.035399287856091574
1 36 0.030060316320802263
2 3 0.0
2 4 0.0
2 5 0.0
2 6 0.0
2 7 0.0
2 8 0.0
2 9 0.0
2 10 0.0
2 11 0.0
2 12 0.0
2 13 0.0
2 14 0.0
2 15 0.0
2 16 0.0
2 17 0.222499670154087
2 18 0.0
2 19 0.0
2 20 0.0
2 21 0.0
2 22 0.0
2 23 0.0
2 24 0.0
2 25 0.0
2 26 0.0
2 27 0.24681507824158183
2 28 0.0
2 29 0.0
2 30 0.0
2 31 0.0
2 32 0.0
2 33 0.0
2 34 0.0
2 35 0.0
2 36 0.0
3 4 0.0
3 5 0.0
3 6 0.09648726452338087
3 7 0.04689206456698678
3 8 0.0
3 9 0.1904036188495505
3 10 0.04390362982541616
3 11 0.048320447738176946
3 12 0.0448314471047639
3 13 0.0
3 14 0.0
3 15 0.04687751658388677
3 16 0.05349469136105702
3 17 0.0
3 18 0.0
3 19 0.0
3 20 0.044890145015663914
3 21 0.0
3 22 0.0
3 23 0.0393212727422575
3 24 0.3021724249987913
3 25 0.25949025909548507
3 26 0.0
3 27 0.0
3 28 0.2718674772456728
3 29 0.16219543368210596
3 30 0.03549226189685877
3 31 0.03780479189752732
3 32 0.0
3 33 0.0
3 34 0.04009962980252142
3 35 0.05705089922860659
3 36 0.2368832222054993
4 5 0.0
4 6 0.0
4 7 0.0
4 8 0.0
4 9 0.0
4 10 0.0
4 11 0.0
4 12 0.07335696774425707
4 13 0.0
4 14 0.0
4 15 0.0
4 16 0.0
4 17 0.0
4 18 0.0
4 19 0.0
4 20 0.0
4 21 0.0
4 22 0.0
4 23 0.0
4 24 0.0
4 25 0.0
4 26 0.0
4 27 0.0
4 28 0.0
4 29 0.0
4 30 0.0
4 31 0.0
4 32 0.0
4 33 0.0
4 34 0.0
4 35 0.0
4 36 0.0
5 6 0.0
5 7 0.0
5 8 0.3549978874261368
5 9 0.0
5 10 0.0
5 11 0.0
5 12 0.0
5 13 0.0
5 14 0.0
5 15 0.0
5 16 0.0
5 17 0.0
5 18 0.0
5 19 0.0
5 20 0.0
5 21 0.0
5 22 0.0
5 23 0.0
5 24 0.0
5 25 0.0
5 26 0.0
5 27 0.0
5 28 0.0
5 29 0.0
5 30 0.0
5 31 0.0
5 32 0.0
5 33 0.0
5 34 0.0
5 35 0.0
5 36 0.0
6 7 0.0
6 8 0.0
6 9 0.0691158071740212
6 10 0.0
6 11 0.0
6 12 0.0
6 13 0.0
6 14 0.0
6 15 0.0
6 16 0.0
6 17 0.0
6 18 0.0
6 19 0.045596152736339726
6 20 0.0
6 21 0.2286486048286584
6 22 0.0
6 23 0.0
6 24 0.08547743797969289
6 25 0.09419400124612014
6 26 0.0
6 27 0.0992293102484592
6 28 0.0
6 29 0.0
6 30 0.04035509682571906
6 31 0.0
6 32 0.0
6 33 0.13678546124609695
6 34 0.0419990192337619
6 35 0.0
6 36 0.08598773073558498
7 8 0.0
7 9 0.0335897479176462
7 10 0.03787082453708633
7 11 0.04168072674452501
7 12 0.03867115028528481
7 13 0.0
7 14 0.0
7 15 0.04043606900710067
7 16 0.22613340500228613
7 17 0.0
7 18 0.0
7 19 0.0
7 20 0.29616406071810497
7 21 0.0
7 22 0.02683558617397672
7 23 0.16621935874376026
7 24 0.04154137398923869
7 25 0.04577755634460526
7 26 0.0
7 27 0.0
7 28 0.05393689340662549
7 29 0.0
7 30 0.030615264115181
7 31 0.03261002897267275
7 32 0.02683558617397672
7 33 0.0
7 34 0.03458953280838464
7 35 0.24116624982341403
7 36 0.04178937232327333
8 9 0.0
8 10 0.0
8 11 0.0
8 12 0.11459460727830427
8 13 0.0
8 14 0.0
8 15 0.0
8 16 0.0
8 17 0.13897619119757135
8 18 0.0
8 19 0.0
8 20 0.0
8 21 0.0
8 22 0.0
8 23 0.0
8 24 0.0
8 25 0.0
8 26 0.0
8 27 0.0
8 28 0.0
8 29 0.0
8 30 0.22958638963052566
8 31 0.0
8 32 0.0
8 33 0.0
8 34 0.0
8 35 0.0
8 36 0.0
9 10 0.0314490707995744
9 11 0.03461292808881452
9 12 0.03211368535247827
9 13 0.0
9 14 0.0
9 15 0.03357932689887571
9 16 0.126240887699898
9 17 0.0
9 18 0.0
9 19 0.06590951219897695
9 20 0.10593521733784594
9 21 0.0
9 22 0.0
9 23 0.028166634406268248
9 24 0.1686773233930548
9 25 0.18587819646223208
9 26 0.0
9 27 0.0
9 28 0.1327137028686007
9 29 0.06812264932386954
9 30 0.02542383537921442
9 31 0.02708034806407363
9 32 0.0
9 33 0.0655688646835279
9 34 0.09463019103224085
9 35 0.04086672961107098
9 36 0.16968431211715754
10 11 0.03902441094765254
10 12 0.03620663501865682
10 13 0.0
10 14 0.0
10 15 0.384747341454213
10 16 0.04320321762131274
10 17 0.0
10 18 0.0
10 19 0.0
10 20 0.036254040444391754
10 21 0.0
10 22 0.0
10 23 0.031756524997309125
10 24 0.038893939153762935
10 25 0.04286014929444227
10 26 0.0
10 27 0.0
10 28 0.05049949120228255
10 29 0.0
10 30 0.028664151069743026
10 31 0.030531789415394448
10 32 0.0
10 33 0.0
10 34 0.032385139325312284
10 35 0.04607527124942685
10 36 0.0391261325356351
11 12 0.16199181494538298
11 13 0.0
11 14 0.0
11 15 0.04166779554787426
11 16 0.04754957226755771
11 17 0.0
11 18 0.13296152955114446
11 19 0.0
11 20 0.039901290019916484
11 21 0.09795967184885096
11 22 0.0
11 23 0.03495131296843837
11 24 0.04280676931917944
11 25 0.047171990385943635
11 26 0.0
11 27 0.0
11 28 0.05557986970890034
11 29 0.0
11 30 0.0315478382819933
11 31 0.033603365841644445
11 32 0.0
11 33 0.0
11 34 0.03564316751223196
11 35 0.050710561866604234
11 36 0.04306232195158182
12 13 0.0
12 14 0.0
12 15 0.03865915279176425
12 16 0.044116233059714356
12 17 0.0
12 18 0.12336097983485962
12 19 0.12044256053850592
12 20 0.03702019862548606
12 21 0.0908864477143912
12 22 0.0
12 23 0.032427636992870934
12 24 0.03971588642673922
12 25 0.0437659146552778
12 26 0.0
12 27 0.0
12 28 0.05156669910108418
12 29 0.0
12 30 0.029269911795361793
12 31 0.03117701902173124
12 32 0.0
12 33 0.0
12 34 0.033069535854246074
12 35 0.047048981919497794
12 36 0.03995298676124168
13 14 0.0
13 15 0.26817449248150754
13 16 0.0
13 17 0.0
13 18 0.0
13 19 0.0
13 20 0.0
13 21 0.0
13 22 0.0
13 23 0.0
13 24 0.0
13 25 0.0
13 26 0.0
13 27 0.0
13 28 0.0
13 29 0.0
13 30 0.0
13 31 0.0
13 32 0.0
13 33 0.0
13 34 0.0
13 35 0.0
13 36 0.1385748415844606
14 15 0.0
14 16 0.0
14 17 0.0
14 18 0.0
14 19 0.0
14 20 0.0
14 21 0.0
14 22 0.0
14 23 0.0
14 24 0.0
14 25 0.0
14 26 0.0
14 27 0.0
14 28 0.0
14 29 0.0
14 30 0.0
14 31 0.0
14 32 0.0
14 33 0.0
14 34 0.0
14 35 0.0
14 36 0.0
15 16 0.0461296607723291
15 17 0.0
15 18 0.0
15 19 0.0
15 20 0.03870976930433718
15 21 0.0
15 22 0.0
15 23 0.03390760702765794
15 24 0.04152848602594838
15 25 0.04576335413102795
15 26 0.0
15 27 0.0
15 28 0.053920159807433546
15 29 0.0
15 30 0.030605765912253426
15 31 0.0325999119058563
15 32 0.0
15 33 0.0
15 34 0.03457880161232022
15 35 0.04919625781947781
15 36 0.35070864604913665
16 17 0.0
16 18 0.0
16 19 0.09054331102480466
16 20 0.3178340016176899
16 21 0.0
16 22 0.17385101535326156
16 23 0.331630351290505
16 24 0.047390597978342844
16 25 0.052223255054590044
16 26 0.0
16 27 0.0
16 28 0.06153146576943454
16 29 0.0
16 30 0.03492603961677287
16 31 0.037201676899430075
16 32 0.17385101535326156
16 33 0.09007534588726858
16 34 0.12999839527111323
16 35 0.4811596480265858
16 36 0.04767351566302459
17 18 0.0
17 19 0.0
17 20 0.0
17 21 0.0
17 22 0.0
17 23 0.0
17 24 0.0
17 25 0.0
17 26 0.0
17 27 0.5356250623952031
17 28 0.0
17 29 0.0
17 30 0.2357778792417063
17 31 0.0
17 32 0.0
17 33 0.0
17 34 0.0
17 35 0.0
17 36 0.0
18 19 0.0
18 20 0.0
18 21 0.736751992697032
18 22 0.0
18 23 0.0
18 24 0.0
18 25 0.0
18 26 0.0
18 27 0.0
18 28 0.0
18 29 0.0
18 30 0.0
18 31 0.0
18 32 0.0
18 33 0.0
18 34 0.0
18 35 0.0
18 36 0.0
19 20 0.07597954598277602
19 21 0.0
19 22 0.0
19 23 0.0
19 24 0.0
19 25 0.0
19 26 0.0
19 27 0.0
19 28 0.0
19 29 0.0
19 30 0.03231391254081948
19 31 0.0
19 32 0.0
19 33 0.17773517862197513
19 34 0.06787128144517782
19 35 0.0
19 36 0.0
20 21 0.0
20 22 0.0
20 23 0.4880825106506177
20 24 0.039767886522951684
20 25 0.043823217462231355
20 26 0.0
20 27 0.0
20 28 0.051634215492026694
20 29 0.0
20 30 0.029308234954339922
20 31 0.03121783916033594
20 32 0.0
20 33 0.07558685238362083
20 34 0.10908833506743243
20 35 0.2308703621268717
20 36 0.0400052972934362
21 22 0.0
21 23 0.0
21 24 0.0
21 25 0.0
21 26 0.0
21 27 0.0
21 28 0.0
21 29 0.0
21 30 0.0
21 31 0.0
21 32 0.0
21 33 0.0
21 34 0.0
21 35 0.0
21 36 0.0
22 23 0.12778918837169861
22 24 0.0
22 25 0.0
22 26 0.08611246243532877
22 27 0.0
22 28 0.0
22 29 0.0
22 30 0.0
22 31 0.0
22 32 0.9999999999999999
22 33 0.0
22 34 0.0
22 35 0.18540824342301393
22 36 0.0
23 24 0.034834458917575015
23 25 0.03838670348858029
23 26 0.0
23 27 0.0
23 28 0.04522870374969875
23 29 0.0
23 30 0.025672385327149973
23 31 0.0273450925056973
23 32 0.12778918837169861
23 33 0.0
23 34 0.029005002576561852
23 35 0.3536763979985351
23 36 0.035042417560945706
24 25 0.22988072713776594
24 26 0.0
24 27 0.0
24 28 0.24084562392512837
24 29 0.32855053909694526
24 30 0.03144236319719286
24 31 0.03349101843355751
24 32 0.0
24 33 0.0
24 34 0.03552400035782015
24 35 0.05054101932092017
24 36 0.20985330068709557
25 26 0.03487075310464513
25 27 0.0
25 28 0.42447307562557446
25 29 0.09284048291797217
25 30 0.03464869874645706
25 31 0.03690626563718262
25 32 0.0
25 33 0.0
25 34 0.039146560929524316
25 35 0.05569494066991035
25 36 0.2312530947771128
26 27 0.0
26 28 0.041086074561418745
26 29 0.0
26 30 0.0
26 31 0.0
26 32 0.08611246243532877
26 33 0.0
26 34 0.0
26 35 0.0
26 36 0.0984210652545677
27 28 0.0
27 29 0.0
27 30 0.0
27 31 0.0
27 32 0.0
27 33 0.07904614426656632
27 34 0.0
27 35 0.0
27 36 0.0
28 29 0.18656286299904531
28 30 0.04082444149918391
28 31 0.04348439442080248
28 32 0.0
28 33 0.0
28 34 0.04612399727493427
28 35 0.06562194048951892
28 36 0.1651105675211885
29 30 0.0
29 31 0.0
29 32 0.0
29 33 0.0
29 34 0.0
29 35 0.0
29 36 0.08475213220482121
30 31 0.024682293250468126
30 32 0.0
30 33 0.03214690092665009
30 34 0.02618056527605912
30 35 0.03724784489702416
30 36 0.031630071328682105
31 32 0.0
31 33 0.0
31 34 0.027886383372727294
31 35 0.0396747614749231
31 36 0.033690956855883095
32 33 0.0
32 34 0.0
32 35 0.18540824342301393
32 36 0.0
33 34 0.0675204946979653
33 35 0.0
33 36 0.0
34 35 0.04208311083843879
34 36 0.035736075502693004
35 36 0.050842744742791095
