0 1 0.0
0 2 0.0
0 3 0.0
0 4 0.0
0 5 0.0
0 6 0.0
0 7 0.0
0 8 0.0
0 9 0.0
0 10 0.0
0 11 0.0
0 12 0.0
0 13 0.0
0 14 0.08754544018839415
0 15 0.0
0 16 0.0
0 17 0.0
0 18 0.0
0 19 0.0
0 20 0.0
0 21 0.0
0 22 0.0
0 23 0.0
0 24 0.0
0 25 0.0
0 26 0.0
0 27 0.0
0 28 0.0
0 29 0.0
0 30 0.0
0 31 0.0
0 32 0.0
0 33 0.0
0 34 0.0
0 35 0.0
0 36 0.0
0 37 0.0
0 38 0.0
0 39 0.0
0 40 0.0
0 41 0.0
0 42 0.0
0 43 0.0
0 44 0.0
0 45 0.0
0 46 0.0
0 47 0.0
0 48 0.0
0 49 0.0
0 50 0.0
0 51 0.0
0 52 0.0
0 53 0.0
0 54 0.0
0 55 0.0
0 56 0.0
0 57 0.0
0 58 0.0
0 59 0.0
0 60 0.0
0 61 0.0
0 62 0.0
0 63 0.0
0 64 0.0
0 65 0.0
1 2 0.0
1 3 0.11676127845283944
1 4 0.0
1 5 0.0
1 6 0.0
1 7 0.0
1 8 0.0
1 9 0.0
1 10 0.0
1 11 0.0
1 12 0.0
1 13 0.0
1 14 0.0
1 15 0.0
1 16 0.0
1 17 0.0
1 18 0.0
1 19 0.0
1 20 0.05093882537888568
1 21 0.0
1 22 0.0
1 23 0.0
1 24 0.05522927148762444
1 25 0.0
1 26 0.0
1 27 0.0
1 28 0.0
1 29 0.0
1 30 0.0
1 31 0.0
1 32 0.0
1 33 0.0
1 34 0.0
1 35 0.0
1 36 0.0
1 37 0.0
1 38 0.0
1 39 0.22893516021926624
1 40 0.0
1 41 0.0
1 42 0.0
1 43 0.0
1 44 0.0
1 45 0.0
1 46 0.23498052796881413
1 47 0.0
1 48 0.0
1 49 0.0
1 50 0.0
1 51 0.0
1 52 0.0
1 53 0.0
1 54 0.0
1 55 0.0
1 56 0.052723404483228556
1 57 0.0
1 58 0.0
1 59 0.0
1 60 0.0
1 61 0.0
1 62 0.0
1 63 0.0
1 64 0.0
1 65 0.0
2 3 0.0
2 4 0.038279226981854104
2 5 0.3278975269610295
2 6 0.1120172575809682
2 7 0.2710208290174231
2 8 0.040017916661987896
2 9 0.2592517923494273
2 10 0.0
2 11 0.0
2 12 0.0
2 13 0.0
2 14 0.0
2 15 0.04854677775267326
2 16 0.0
2 17 0.0
2 18 0.052912111753017764
2 19 0.0
2 20 0.0
2 21 0.0
2 22 0.0
2 23 0.0
2 24 0.0
2 25 0.0
2 26 0.11510412048976398
2 27 0.17665578573040547
2 28 0.0
2 29 0.17665578573040547
2 30 0.0
2 31 0.0
2 32 0.0
2 33 0.4708695018520098
2 34 0.0
2 35 0.0
2 36 0.0
2 37 0.0
2 38 0.13835251349902183
2 39 0.0
2 40 0.1835583144903358
2 41 0.13515964926746843
2 42 0.24441403161937617
2 43 0.0
2 44 0.0
2 45 0.0
2 46 0.0
2 47 0.0
2 48 0.12645871832145403
2 49 0.0
2 50 0.1265681908569446
2 51 0.26541140353988724
2 52 0.0
2 53 0.0
2 54 0.0
2 55 0.04193024719063177
2 56 0.22594288489829178
2 57 0.0
2 58 0.0
2 59 0.03204135581556894
2 60 0.25665479429217114
2 61 0.0
2 62 0.19795448476275454
2 63 0.19596134414851468
2 64 0.0
2 65 0.0
3 4 0.0
3 5 0.0
3 6 0.0
3 7 0.0
3 8 0.0
3 9 0.0
3 10 0.0
3 11 0.0
3 12 0.0
3 13 0.0
3 14 0.0
3 15 0.0
3 16 0.0
3 17 0.0
3 18 0.0785855273398234
3 19 0.0
3 20 0.0
3 21 0.0
3 22 0.0
3 23 0.0
3 24 0.0
3 25 0.0
3 26 0.0
3 27 0.0
3 28 0.0
3 29 0.0
3 30 0.0
3 31 0.1280741338400974
3 32 0.0
3 33 0.0
3 34 0.0
3 35 0.0
3 36 0.0
3 37 0.0
3 38 0.0
3 39 0.0
3 40 0.0
3 41 0.0
3 42 0.07744364566165589
3 43 0.0
3 44 0.0
3 45 0.0
3 46 0.0
3 47 0.0
3 48 0.0
3 49 0.0
3 50 0.040798899056747745
3 51 0.0
3 52 0.0
3 53 0.0
3 54 0.0
3 55 0.0
3 56 0.0
3 57 0.0
3 58 0.0
3 59 0.0
3 60 0.05328286576174267
3 61 0.0
3 62 0.0410963772082964
3 63 0.0
3 64 0.0
3 65 0.0
4 5 0.0
4 6 0.0
4 7 0.2719057650062081
4 8 0.027361814019876796
4 9 0.04410724414573489
4 10 0.0
4 11 0.0
4 12 0.0
4 13 0.0
4 14 0.0
4 15 0.28675756693685317
4 16 0.0
4 17 0.0
4 18 0.036178079269184295
4 19 0.0
4 20 0.0
4 21 0.0
4 22 0.0
4 23 0.0
4 24 0.0
4 25 0.0
4 26 0.0
4 27 0.0
4 28 0.0
4 29 0.0
4 30 0.0
4 31 0.2618585169812297
4 32 0.0
4 33 0.03226460830211886
4 34 0.0
4 35 0.0
4 36 0.0
4 37 0.0
4 38 0.0
4 39 0.0
4 40 0.0
4 41 0.0
4 42 0.0
4 43 0.0
4 44 0.0
4 45 0.0
4 46 0.0
4 47 0.0
4 48 0.0
4 49 0.0
4 50 0.0
4 51 0.0
4 52 0.0
4 53 0.0
4 54 0.0
4 55 0.028669349159980394
4 56 0.027163064383556958
4 57 0.0
4 58 0.0
4 59 0.02190792754593998
4 60 0.0
4 61 0.0
4 62 0.0
4 63 0.0
4 64 0.0
4 65 0.0
5 6 0.08974988852904733
5 7 0.0
5 8 0.0
5 9 0.15603090908355627
5 10 0.0
5 11 0.0
5 12 0.0
5 13 0.0
5 14 0.0
5 15 0.0
5 16 0.0
5 17 0.0
5 18 0.0
5 19 0.0
5 20 0.08141063723186905
5 21 0.0
5 22 0.0
5 23 0.0
5 24 0.0
5 25 0.0
5 26 0.09222312888461144
5 27 0.0
5 28 0.08706432783764342
5 29 0.0
5 30 0.0
5 31 0.0
5 32 0.0
5 33 0.16223949646212113
5 34 0.10670380381278377
5 35 0.0
5 36 0.0
5 37 0.0
5 38 0.20805589793474977
5 39 0.0
5 40 0.1470696446231018
5 41 0.29821695727528164
5 42 0.0
5 43 0.089074086327077
5 44 0.07332315415349495
5 45 0.0
5 46 0.0
5 47 0.0
5 48 0.10132060111070784
5 49 0.0
5 50 0.10140831213014759
5 51 0.0
5 52 0.0
5 53 0.0931154823153862
5 54 0.0
5 55 0.0
5 56 0.0
5 57 0.0
5 58 0.0
5 59 0.0
5 60 0.0
5 61 0.0
5 62 0.0
5 63 0.0
5 64 0.0
5 65 0.0
6 7 0.0
6 8 0.0
6 9 0.12907189925756762
6 10 0.0
6 11 0.0
6 12 0.0
6 13 0.0
6 14 0.0
6 15 0.0
6 16 0.0
6 17 0.0
6 18 0.0
6 19 0.0
6 20 0.0
6 21 0.0
6 22 0.0
6 23 0.0
6 24 0.0
6 25 0.0
6 26 0.2401676613898297
6 27 0.0
6 28 0.0
6 29 0.0
6 30 0.0
6 31 0.0
6 32 0.0
6 33 0.0
6 34 0.0
6 35 0.0
6 36 0.0
6 37 0.0
6 38 0.09169741591000609
6 39 0.0
6 40 0.2523290158123708
6 41 0.08958124619266299
6 42 0.0
6 43 0.0
6 44 0.0
6 45 0.0
6 46 0.0
6 47 0.0
6 48 0.08381443456356623
6 49 0.0
6 50 0.0838869908790514
6 51 0.0
6 52 0.0
6 53 0.0
6 54 0.0
6 55 0.0
6 56 0.0
6 57 0.0
6 58 0.0
6 59 0.0
6 60 0.0
6 61 0.0
6 62 0.0
6 63 0.0
6 64 0.0
6 65 0.0
7 8 0.03406230859976307
7 9 0.054908441395212726
7 10 0.0
7 11 0.0
7 12 0.0
7 13 0.0
7 14 0.0
7 15 0.041321874381991516
7 16 0.0
7 17 0.0
7 18 0.045037543918632156
7 19 0.0
7 20 0.0
7 21 0.0
7 22 0.0
7 23 0.0
7 24 0.0
7 25 0.0
7 26 0.0
7 27 0.15036524615481522
7 28 0.0
7 29 0.15036524615481522
7 30 0.0
7 31 0.0
7 32 0.0
7 33 0.22843671566585907
7 34 0.0
7 35 0.0
7 36 0.0
7 37 0.0
7 38 0.0
7 39 0.0
7 40 0.0
7 41 0.0
7 42 0.4432393844018189
7 43 0.0
7 44 0.0
7 45 0.0
7 46 0.0
7 47 0.0
7 48 0.0
7 49 0.0
7 50 0.0
7 51 0.48131764914971553
7 52 0.0
7 53 0.0
7 54 0.0
7 55 0.035690039327517055
7 56 0.1923172646975085
7 57 0.0
7 58 0.0
7 59 0.027272847783738344
7 60 0.21845851898364094
7 61 0.0
7 62 0.1684941973778675
7 63 0.16679768300760678
7 64 0.0
7 65 0.0
8 9 0.04611064955022972
8 10 0.0
8 11 0.0
8 12 0.0
8 13 0.0
8 14 0.09623541412904608
8 15 0.03470101172008043
8 16 0.0
8 17 0.0
8 18 0.03782133222991444
8 19 0.0
8 20 0.0
8 21 0.0
8 22 0.0
8 23 0.0
8 24 0.0
8 25 0.0
8 26 0.0
8 27 0.0
8 28 0.0
8 29 0.0
8 30 0.0
8 31 0.0
8 32 0.0
8 33 0.03373010658699922
8 34 0.0
8 35 0.0
8 36 0.0
8 37 0.0
8 38 0.0
8 39 0.0
8 40 0.0
8 41 0.0
8 42 0.0
8 43 0.0
8 44 0.0
8 45 0.0
8 46 0.0
8 47 0.0
8 48 0.0
8 49 0.0
8 50 0.0
8 51 0.0
8 52 0.0
8 53 0.0
8 54 0.0
8 55 0.02997154634239058
8 56 0.02839684425447463
8 57 0.0
8 58 0.0
8 59 0.02290301262316219
8 60 0.0
8 61 0.0
8 62 0.0
8 63 0.0
8 64 0.0
8 65 0.0
9 10 0.0
9 11 0.0
9 12 0.10542462790611053
9 13 0.0
9 14 0.0
9 15 0.05593803082389664
9 16 0.0
9 17 0.0
9 18 0.06096798747955599
9 19 0.0
9 20 0.0
9 21 0.0
9 22 0.0
9 23 0.0
9 24 0.0
9 25 0.0
9 26 0.1326287374358101
9 27 0.0
9 28 0.10700925935710381
9 29 0.0
9 30 0.0
9 31 0.0
9 32 0.0
9 33 0.05437293175129673
9 34 0.0
9 35 0.0
9 36 0.0
9 37 0.0
9 38 0.15941670122989152
9 39 0.0
9 40 0.2907607626213246
9 41 0.2724545144855867
9 42 0.0
9 43 0.0
9 44 0.09012022046875336
9 45 0.0
9 46 0.0
9 47 0.0
9 48 0.25491519761611364
9 49 0.0
9 50 0.25513587210489963
9 51 0.0
9 52 0.0
9 53 0.0
9 54 0.0
9 55 0.04831413264444743
9 56 0.04577571288185231
9 57 0.0
9 58 0.0
9 59 0.03691965630308057
9 60 0.0
9 61 0.0
9 62 0.0
9 63 0.0
9 64 0.0
9 65 0.12117234569942181
10 11 0.0
10 12 0.0
10 13 0.0
10 14 0.0
10 15 0.0
10 16 0.0
10 17 0.0
10 18 0.0
10 19 0.0
10 20 0.0902503245413415
10 21 0.0
10 22 0.0
10 23 0.0
10 24 0.0
10 25 0.0
10 26 0.0
10 27 0.0
10 28 0.0
10 29 0.0
10 30 0.0
10 31 0.0
10 32 0.33006052581287004
10 33 0.0
10 34 0.0
10 35 0.0
10 36 0.1698347939342764
10 37 0.0
10 38 0.0
10 39 0.0
10 40 0.0
10 41 0.0
10 42 0.0
10 43 0.0
10 44 0.0
10 45 0.0
10 46 0.5280640011647976
10 47 0.0
10 48 0.0
10 49 0.0
10 50 0.0
10 51 0.0
10 52 0.0
10 53 0.0
10 54 0.0
10 55 0.0
10 56 0.0
10 57 0.0
10 58 0.0
10 59 0.0
10 60 0.0
10 61 0.0
10 62 0.0
10 63 0.0983009075594621
10 64 0.0
10 65 0.0
11 12 0.0
11 13 0.0
11 14 0.0
11 15 0.0
11 16 0.0
11 17 0.0
11 18 0.0
11 19 0.15724059386623132
11 20 0.22283637502588344
11 21 0.0
11 22 0.1643459481820367
11 23 0.0
11 24 0.0
11 25 0.0
11 26 0.39868440420056345
11 27 0.0
11 28 0.0
11 29 0.0
11 30 0.0
11 31 0.0
11 32 0.0
11 33 0.0
11 34 0.0
11 35 0.0
11 36 0.0980967202609015
11 37 0.0
11 38 0.0
11 39 0.0
11 40 0.10378172866086406
11 41 0.0
11 42 0.0
11 43 0.0
11 44 0.0
11 45 0.19422205033807144
11 46 0.0
11 47 0.0
11 48 0.0
11 49 0.0
11 50 0.0
11 51 0.0
11 52 0.0
11 53 0.0
11 54 0.0
11 55 0.0
11 56 0.0
11 57 0.0
11 58 0.0
11 59 0.0
11 60 0.0
11 61 0.0
11 62 0.0
11 63 0.0
11 64 0.0
11 65 0.0
12 13 0.0
12 14 0.0
12 15 0.0
12 16 0.0
12 17 0.0
12 18 0.0
12 19 0.0
12 20 0.0
12 21 0.0
12 22 0.0
12 23 0.0
12 24 0.0
12 25 0.0
12 26 0.0
12 27 0.0
12 28 0.06708346609624373
12 29 0.0
12 30 0.0
12 31 0.0
12 32 0.0
12 33 0.0
12 34 0.0
12 35 0.0
12 36 0.0
12 37 0.0
12 38 0.0
12 39 0.0
12 40 0.04968490747038924
12 41 0.07316906004754137
12 42 0.0
12 43 0.0
12 44 0.05649582840515464
12 45 0.0
12 46 0.0
12 47 0.0
12 48 0.0684587863652045
12 49 0.08935939883695637
12 50 0.06851804963324551
12 51 0.0
12 52 0.0
12 53 0.0
12 54 0.0
12 55 0.0
12 56 0.0
12 57 0.0
12 58 0.0
12 59 0.0
12 60 0.0
12 61 0.0
12 62 0.0
12 63 0.0
12 64 0.0
12 65 0.07596222040377917
13 14 0.0
13 15 0.0
13 16 0.0
13 17 0.0
13 18 0.0
13 19 0.2802488350452418
13 20 0.0
13 21 0.0
13 22 0.20153641985867757
13 23 0.5989335149596992
13 24 0.0
13 25 0.0
13 26 0.0
13 27 0.0
13 28 0.0
13 29 0.0
13 30 0.0
13 31 0.0
13 32 0.0
13 33 0.0
13 34 0.3226629848040143
13 35 0.3827233579946815
13 36 0.0
13 37 0.0
13 38 0.0
13 39 0.0
13 40 0.0
13 41 0.0
13 42 0.0
13 43 0.1853258578533275
13 44 0.1525547665357023
13 45 0.34616063199079666
13 46 0.0
13 47 0.17967652693791875
13 48 0.0
13 49 0.0
13 50 0.0
13 51 0.0
13 52 0.0
13 53 0.19373430984359757
13 54 0.24804848997112286
13 55 0.0
13 56 0.0
13 57 0.0
13 58 0.0
13 59 0.0
13 60 0.0
13 61 0.0
13 62 0.0
13 63 0.0
13 64 0.0
13 65 0.0
14 15 0.0
14 16 0.0
14 17 0.0
14 18 0.0
14 19 0.0
14 20 0.0
14 21 0.0
14 22 0.0
14 23 0.0701485880099455
14 24 0.0
14 25 0.0
14 26 0.0
14 27 0.0
14 28 0.0
14 29 0.0
14 30 0.0
14 31 0.0
14 32 0.0
14 33 0.0
14 34 0.0
14 35 0.0
14 36 0.0553630855134123
14 37 0.04134590780229139
14 38 0.0
14 39 0.0
14 40 0.0
14 41 0.0
14 42 0.0
14 43 0.0
14 44 0.0
14 45 0.0
14 46 0.0
14 47 0.0
14 48 0.0
14 49 0.0
14 50 0.0
14 51 0.0
14 52 0.0
14 53 0.0
14 54 0.0
14 55 0.0
14 56 0.0
14 57 0.0
14 58 0.0
14 59 0.0
14 60 0.0
14 61 0.0
14 62 0.0
14 63 0.0
14 64 0.0
14 65 0.0
15 16 0.0
15 17 0.0
15 18 0.04588204392508388
15 19 0.14984331993171568
15 20 0.0
15 21 0.0
15 22 0.15661440781553013
15 23 0.0
15 24 0.0
15 25 0.0
15 26 0.0
15 27 0.0
15 28 0.0
15 29 0.0
15 30 0.0
15 31 0.5040252818449328
15 32 0.0
15 33 0.0409188714616032
15 34 0.0
15 35 0.0
15 36 0.0
15 37 0.0
15 38 0.0
15 39 0.0
15 40 0.0
15 41 0.0
15 42 0.0
15 43 0.0
15 44 0.0
15 45 0.1850850096086511
15 46 0.0
15 47 0.0
15 48 0.0
15 49 0.0
15 50 0.0
15 51 0.0
15 52 0.0
15 53 0.0
15 54 0.0
15 55 0.03635926406359066
15 56 0.03444895191679815
15 57 0.0
15 58 0.0
15 59 0.027784241570462925
15 60 0.0
15 61 0.0
15 62 0.0
15 63 0.0
15 64 0.0
15 65 0.0
16 17 0.0
16 18 0.0
16 19 0.0
16 20 0.0
16 21 0.0
16 22 0.0
16 23 0.0
16 24 0.0
16 25 0.8802605808728579
16 26 0.0
16 27 0.0
16 28 0.0
16 29 0.0
16 30 0.0
16 31 0.0
16 32 0.26085335311102675
16 33 0.0
16 34 0.0
16 35 0.0
16 36 0.0
16 37 0.0
16 38 0.0
16 39 0.0
16 40 0.0
16 41 0.0
16 42 0.0
16 43 0.0
16 44 0.0
16 45 0.0
16 46 0.0
16 47 0.0
16 48 0.0
16 49 0.0
16 50 0.0
16 51 0.0
16 52 0.0
16 53 0.0
16 54 0.0
16 55 0.0
16 56 0.0
16 57 0.0
16 58 0.0
16 59 0.0
16 60 0.0
16 61 0.0
16 62 0.0
16 63 0.0
16 64 0.0
16 65 0.0
17 18 0.0
17 19 0.0
17 20 0.0
17 21 0.0
17 22 0.0
17 23 0.0
17 24 0.0
17 25 0.0
17 26 0.0
17 27 0.0
17 28 0.0
17 29 0.0
17 30 0.0
17 31 0.0
17 32 0.0
17 33 0.0
17 34 0.0
17 35 0.0
17 36 0.0
17 37 0.0
17 38 0.0
17 39 0.0
17 40 0.0
17 41 0.0
17 42 0.0
17 43 0.0
17 44 0.0
17 45 0.0
17 46 0.0
17 47 0.0
17 48 0.0
17 49 0.0
17 50 0.0
17 51 0.0
17 52 0.0
17 53 0.0
17 54 0.0
17 55 0.0
17 56 0.0
17 57 0.0
17 58 0.0
17 59 0.0
17 60 0.0
17 61 0.0
17 62 0.0
17 63 0.0
17 64 0.0
17 65 0.0
18 19 0.0
18 20 0.0
18 21 0.0
18 22 0.0
18 23 0.0
18 24 0.0
18 25 0.0
18 26 0.0
18 27 0.0
18 28 0.0
18 29 0.0
18 30 0.0
18 31 0.0
18 32 0.0
18 33 0.044598302911350175
18 34 0.0
18 35 0.0
18 36 0.0
18 37 0.0
18 38 0.0
18 39 0.0
18 40 0.0
18 41 0.0
18 42 0.10560563208301758
18 43 0.0
18 44 0.0
18 45 0.0
18 46 0.0
18 47 0.0
18 48 0.0
18 49 0.0
18 50 0.0
18 51 0.0
18 52 0.0
18 53 0.0
18 54 0.0
18 55 0.03962869488869947
18 56 0.03754660716890911
18 57 0.0
18 58 0.0
18 59 0.03028260500498867
18 60 0.0
18 61 0.0
18 62 0.0
18 63 0.0
18 64 0.0
18 65 0.0
19 20 0.19965244161818718
19 21 0.0
19 22 0.5286469617755525
19 23 0.0
19 24 0.0
19 25 0.0
19 26 0.0
19 27 0.0
19 28 0.0
19 29 0.0
19 30 0.0
19 31 0.15474480933894855
19 32 0.0
19 33 0.0
19 34 0.24036383753632912
19 35 0.28510507673592766
19 36 0.0
19 37 0.0
19 38 0.0
19 39 0.0
19 40 0.0
19 41 0.0
19 42 0.0
19 43 0.13805622735249623
19 44 0.11364380435906749
19 45 0.7051924149342471
19 46 0.0
19 47 0.13384782749787685
19 48 0.0
19 49 0.0
19 50 0.0
19 51 0.0
19 52 0.0
19 53 0.1443200006494206
19 54 0.18478068372411888
19 55 0.0
19 56 0.0
19 57 0.0
19 58 0.0
19 59 0.0
19 60 0.0
19 61 0.0
19 62 0.0
19 63 0.0
19 64 0.0
19 65 0.0
20 21 0.0
20 22 0.20867429343667945
20 23 0.0
20 24 0.050191082529418375
20 25 0.0
20 26 0.10684845789196558
20 27 0.0
20 28 0.07449932775086404
20 29 0.0
20 30 0.0
20 31 0.0
20 32 0.0
20 33 0.0
20 34 0.09130446245833716
20 35 0.0
20 36 0.35733460145799606
20 37 0.1516716907967026
20 38 0.08317720705951905
20 39 0.05360017332678151
20 40 0.0
20 41 0.162515329123987
20 42 0.0
20 43 0.07621904075070021
20 44 0.06274126072844444
20 45 0.24660875167563248
20 46 0.11248136762771428
20 47 0.0
20 48 0.0
20 49 0.0
20 50 0.0
20 51 0.0
20 52 0.0
20 53 0.07967718821225907
20 54 0.0
20 55 0.0
20 56 0.04791380864479792
20 57 0.0
20 58 0.0
20 59 0.0
20 60 0.0
20 61 0.0
20 62 0.0
20 63 0.07652976040624665
20 64 0.0
20 65 0.21238432649812908
21 22 0.0
21 23 0.0
21 24 0.0
21 25 0.0
21 26 0.0
21 27 0.0
21 28 0.0
21 29 0.0
21 30 0.0
21 31 0.0
21 32 0.0
21 33 0.0
21 34 0.0
21 35 0.0
21 36 0.0
21 37 0.0
21 38 0.0
21 39 0.0
21 40 0.0
21 41 0.0
21 42 0.0
21 43 0.0
21 44 0.0
21 45 0.0
21 46 0.0
21 47 0.0
21 48 0.0
21 49 0.0
21 50 0.0
21 51 0.0
21 52 0.0
21 53 0.0
21 54 0.0
21 55 0.0
21 56 0.0
21 57 0.0
21 58 0.0
21 59 0.0
21 60 0.0
21 61 0.0
21 62 0.0
21 63 0.0
21 64 0.0
21 65 0.0
22 23 0.0
22 24 0.0
22 25 0.0
22 26 0.0
22 27 0.0
22 28 0.2673870275386308
22 29 0.0
22 30 0.0
22 31 0.16173738467747956
22 32 0.0
22 33 0.0
22 34 0.17285376859013307
22 35 0.20502870757559635
22 36 0.0
22 37 0.0
22 38 0.0
22 39 0.0
22 40 0.0
22 41 0.0
22 42 0.0
22 43 0.1973028346270238
22 44 0.18867076523465648
22 45 0.7620966195853681
22 46 0.0
22 47 0.19128840676322093
22 48 0.0
22 49 0.0
22 50 0.0
22 51 0.0
22 52 0.0
22 53 0.49222568623061835
22 54 0.2640790160808998
22 55 0.0
22 56 0.0
22 57 0.0
22 58 0.0
22 59 0.0
22 60 0.0
22 61 0.0
22 62 0.0
22 63 0.0
22 64 0.0
22 65 0.0
23 24 0.0
23 25 0.0
23 26 0.0
23 27 0.0
23 28 0.0
23 29 0.0
23 30 0.0
23 31 0.0
23 32 0.0
23 33 0.0
23 34 0.0
23 35 0.0
23 36 0.07118812623562024
23 37 0.053164264178209145
23 38 0.0
23 39 0.0
23 40 0.0
23 41 0.0
23 42 0.0
23 43 0.0
23 44 0.0
23 45 0.0
23 46 0.0
23 47 0.0
23 48 0.0
23 49 0.0
23 50 0.0
23 51 0.0
23 52 0.0
23 53 0.0
23 54 0.0
23 55 0.0
23 56 0.0
23 57 0.0
23 58 0.0
23 59 0.0
23 60 0.0
23 61 0.0
23 62 0.0
23 63 0.0
23 64 0.0
23 65 0.0
24 25 0.0
24 26 0.0
24 27 0.0
24 28 0.0
24 29 0.0
24 30 0.0
24 31 0.0
24 32 0.0
24 33 0.0
24 34 0.0
24 35 0.24745821562726725
24 36 0.0
24 37 0.0
24 38 0.0
24 39 0.058114777920960786
24 40 0.0
24 41 0.0
24 42 0.0
24 43 0.0
24 44 0.0
24 45 0.0
24 46 0.0
24 47 0.0
24 48 0.0
24 49 0.0
24 50 0.0
24 51 0.0
24 52 0.0
24 53 0.0
24 54 0.0
24 55 0.0
24 56 0.05194946538257847
24 57 0.0
24 58 0.19043799519595547
24 59 0.0
24 60 0.0
24 61 0.0
24 62 0.0
24 63 0.0
24 64 0.0
24 65 0.0
25 26 0.0
25 27 0.0
25 28 0.0
25 29 0.0
25 30 0.0
25 31 0.0
25 32 0.2963365153218233
25 33 0.0
25 34 0.0
25 35 0.0
25 36 0.0
25 37 0.0
25 38 0.0
25 39 0.0
25 40 0.0
25 41 0.0
25 42 0.0
25 43 0.0
25 44 0.0
25 45 0.0
25 46 0.0
25 47 0.0
25 48 0.0
25 49 0.0
25 50 0.0
25 51 0.0
25 52 0.0
25 53 0.0
25 54 0.0
25 55 0.0
25 56 0.0
25 57 0.0
25 58 0.0
25 59 0.0
25 60 0.0
25 61 0.0
25 62 0.0
25 63 0.0
25 64 0.0
25 65 0.0
26 27 0.0
26 28 0.0
26 29 0.0
26 30 0.0
26 31 0.0
26 32 0.0
26 33 0.0
26 34 0.0
26 35 0.0
26 36 0.12373123049868028
26 37 0.0
26 38 0.09422432433570485
26 39 0.0
26 40 0.2592824540284523
26 41 0.09204983926633252
26 42 0.0
26 43 0.0
26 44 0.0
26 45 0.0
26 46 0.0
26 47 0.0
26 48 0.08612411143714038
26 49 0.0
26 50 0.08619866718917585
26 51 0.0
26 52 0.0
26 53 0.0
26 54 0.0
26 55 0.0
26 56 0.0
26 57 0.0
26 58 0.0
26 59 0.0
26 60 0.0
26 61 0.0
26 62 0.0
26 63 0.0
26 64 0.0
26 65 0.0
27 28 0.0
27 29 0.6807831293562929
27 30 0.2377093043796716
27 31 0.0
27 32 0.0
27 33 0.1488987678250784
27 34 0.0
27 35 0.0
27 36 0.0
27 37 0.0
27 38 0.0
27 39 0.0
27 40 0.0
27 41 0.0
27 42 0.1645331567532822
27 43 0.0
27 44 0.0
27 45 0.0
27 46 0.0
27 47 0.0
27 48 0.0
27 49 0.0
27 50 0.0
27 51 0.17866804034697248
27 52 0.0
27 53 0.0
27 54 0.0
27 55 0.0
27 56 0.12535552203803735
27 57 0.0
27 58 0.0
27 59 0.0
27 60 0.17277331919517958
27 61 0.0
27 62 0.13325780052679873
27 63 0.5037249124020454
27 64 0.23534690547092363
27 65 0.0
28 29 0.0
28 30 0.0
28 31 0.0
28 32 0.0
28 33 0.0
28 34 0.35094071313085773
28 35 0.0
28 36 0.0
28 37 0.0
28 38 0.08895357990410925
28 39 0.0
28 40 0.05043171842510646
28 41 0.2480703234108958
28 42 0.0
28 43 0.4712140882108156
28 44 0.12444344083874424
28 45 0.0
28 46 0.0
28 47 0.0
28 48 0.06948778640177797
28 49 0.0
28 50 0.0695479404525544
28 51 0.0
28 52 0.0
28 53 0.7496292581784324
28 54 0.0
28 55 0.0
28 56 0.0
28 57 0.0
28 58 0.0455541093484975
28 59 0.0
28 60 0.0
28 61 0.0
28 62 0.0
28 63 0.0
28 64 0.0
28 65 0.07710400412101755
29 30 0.2377093043796716
29 31 0.0
29 32 0.0
29 33 0.1488987678250784
29 34 0.0
29 35 0.0
29 36 0.0
29 37 0.0
29 38 0.0
29 39 0.0
29 40 0.0
29 41 0.0
29 42 0.1645331567532822
29 43 0.0
29 44 0.0
29 45 0.0
29 46 0.0
29 47 0.0
29 48 0.0
29 49 0.0
29 50 0.0
29 51 0.17866804034697248
29 52 0.0
29 53 0.0
29 54 0.0
29 55 0.0
29 56 0.12535552203803735
29 57 0.0
29 58 0.0
29 59 0.0
29 60 0.17277331919517958
29 61 0.0
29 62 0.13325780052679873
29 63 0.5037249124020454
29 64 0.23534690547092363
29 65 0.0
30 31 0.0
30 32 0.0
30 33 0.0
30 34 0.0
30 35 0.0
30 36 0.0
30 37 0.0
30 38 0.0
30 39 0.0
30 40 0.0
30 41 0.0
30 42 0.0
30 43 0.0
30 44 0.1905054826936397
30 45 0.0
30 46 0.0
30 47 0.0
30 48 0.0
30 49 0.0
30 50 0.0
30 51 0.0
30 52 0.0
30 53 0.0
30 54 0.0
30 55 0.0
30 56 0.0
30 57 0.0
30 58 0.0
30 59 0.0
30 60 0.0
30 61 0.0
30 62 0.0
30 63 0.2636870035716658
30 64 0.7608906340264335
30 65 0.0
31 32 0.0
31 33 0.0
31 34 0.0
31 35 0.0
31 36 0.0
31 37 0.0
31 38 0.0
31 39 0.0
31 40 0.0
31 41 0.0
31 42 0.0
31 43 0.0
31 44 0.0
31 45 0.19113928159386742
31 46 0.0
31 47 0.0
31 48 0.0
31 49 0.0
31 50 0.0
31 51 0.0
31 52 0.0
31 53 0.0
31 54 0.0
31 55 0.0
31 56 0.0
31 57 0.0
31 58 0.0
31 59 0.0
31 60 0.0
31 61 0.0
31 62 0.0
31 63 0.0
31 64 0.0
31 65 0.0
32 33 0.0
32 34 0.0
32 35 0.0
32 36 0.0
32 37 0.0
32 38 0.0
32 39 0.0
32 40 0.0
32 41 0.0
32 42 0.0
32 43 0.0
32 44 0.0
32 45 0.0
32 46 0.4113631671911355
32 47 0.0
32 48 0.0
32 49 0.0
32 50 0.0
32 51 0.0
32 52 0.0
32 53 0.0
32 54 0.0
32 55 0.0
32 56 0.0
32 57 0.0
32 58 0.0
32 59 0.0
32 60 0.0
32 61 0.0
32 62 0.0
32 63 0.0
32 64 0.0
32 65 0.0
33 34 0.0
33 35 0.0
33 36 0.0
33 37 0.0
33 38 0.0
33 39 0.0
33 40 0.0
33 41 0.0
33 42 0.20601050793108
33 43 0.0
33 44 0.0
33 45 0.0
33 46 0.0
33 47 0.0
33 48 0.0
33 49 0.0
33 50 0.0
33 51 0.22370867045432916
33 52 0.0
33 53 0.0
33 54 0.0
33 55 0.03534196242411232
33 56 0.2991520057019916
33 57 0.0
33 58 0.0
33 59 0.02700686185089928
33 60 0.21632794232295385
33 61 0.0
33 62 0.2824142650994905
33 63 0.16517094282770425
33 64 0.0
33 65 0.0
34 35 0.32825419248412274
34 36 0.0
34 37 0.0
34 38 0.10901922261701538
34 39 0.0
34 40 0.0
34 41 0.2130066092717866
34 42 0.0
34 43 0.5179919824770768
34 44 0.21307728975701076
34 45 0.2968950714670297
34 46 0.0
34 47 0.15410497432763917
34 48 0.0
34 49 0.0
34 50 0.0
34 51 0.0
34 52 0.0
34 53 0.5414938875347639
34 54 0.21274624365494943
34 55 0.0
34 56 0.0
34 57 0.0
34 58 0.0
34 59 0.0
34 60 0.0
34 61 0.0
34 62 0.0
34 63 0.0
34 64 0.0
34 65 0.0
35 36 0.0
35 37 0.0
35 38 0.0
35 39 0.0
35 40 0.0
35 41 0.0
35 42 0.0
35 43 0.18853724375301972
35 44 0.15519828445521097
35 45 0.3521590144371555
35 46 0.0
35 47 0.18279001941974374
35 48 0.0
35 49 0.0
35 50 0.0
35 51 0.0
35 52 0.0
35 53 0.19709140009600434
35 54 0.2523467537555735
35 55 0.0
35 56 0.0
35 57 0.1720889115284642
35 58 0.2730660960327889
35 59 0.0
35 60 0.0
35 61 0.0
35 62 0.0
35 63 0.0
35 64 0.0
35 65 0.0
36 37 0.04195861652323686
36 38 0.0
36 39 0.0
36 40 0.0
36 41 0.0
36 42 0.0
36 43 0.0
36 44 0.0
36 45 0.0
36 46 0.0
36 47 0.0
36 48 0.0
36 49 0.0
36 50 0.0
36 51 0.0
36 52 0.0
36 53 0.0
36 54 0.0
36 55 0.0
36 56 0.0
36 57 0.0
36 58 0.0
36 59 0.0
36 60 0.0
36 61 0.0
36 62 0.0
36 63 0.0
36 64 0.0
36 65 0.0
37 38 0.0
37 39 0.0
37 40 0.0
37 41 0.0
37 42 0.0
37 43 0.0
37 44 0.0
37 45 0.0
37 46 0.0
37 47 0.0
37 48 0.0
37 49 0.0
37 50 0.0
37 51 0.0
37 52 0.0
37 53 0.0
37 54 0.0
37 55 0.14117787458972791
37 56 0.0
37 57 0.0
37 58 0.0
37 59 0.0
37 60 0.0
37 61 0.0
37 62 0.0
37 63 0.0
37 64 0.0
37 65 0.1836731958186097
38 39 0.0
38 40 0.15026098184374545
38 41 0.3046881150591919
38 42 0.0
38 43 0.09100694914060266
38 44 0.07491422967138794
38 45 0.0
38 46 0.0
38 47 0.0
38 48 0.10351920712740992
38 49 0.0
38 50 0.10360882143179821
38 51 0.0
38 52 0.0
38 53 0.09513604138651759
38 54 0.0
38 55 0.0
38 56 0.0
38 57 0.0
38 58 0.0
38 59 0.0
38 60 0.0
38 61 0.0
38 62 0.0
38 63 0.0
38 64 0.0
38 65 0.0
39 40 0.0
39 41 0.0
39 42 0.0
39 43 0.0
39 44 0.0
39 45 0.0
39 46 0.24725731176297872
39 47 0.0
39 48 0.0
39 49 0.0
39 50 0.0
39 51 0.0
39 52 0.0
39 53 0.0
39 54 0.0
39 55 0.0
39 56 0.05547798948364522
39 57 0.0
39 58 0.0
39 59 0.0
39 60 0.0
39 61 0.0
39 62 0.0
39 63 0.0
39 64 0.0
39 65 0.0
40 41 0.20180001696240768
40 42 0.0
40 43 0.0
40 44 0.04247218988706111
40 45 0.0
40 46 0.0
40 47 0.0
40 48 0.18880909828208628
40 49 0.0
40 50 0.18897254617233045
40 51 0.0
40 52 0.0
40 53 0.0
40 54 0.0
40 55 0.0
40 56 0.0
40 57 0.0
40 58 0.0
40 59 0.0
40 60 0.0
40 61 0.0
40 62 0.0
40 63 0.0
40 64 0.0
40 65 0.05710654999330417
41 42 0.0
41 43 0.17781342768063493
41 44 0.20891792328867065
41 45 0.0
41 46 0.0
41 47 0.0
41 48 0.17692170958398243
41 49 0.0
41 50 0.17707486682287085
41 51 0.0
41 52 0.0
41 53 0.1858810318843682
41 54 0.0
41 55 0.0
41 56 0.0
41 57 0.0
41 58 0.0
41 59 0.0
41 60 0.0
41 61 0.0
41 62 0.0
41 63 0.0
41 64 0.0
41 65 0.08409862870446565
42 43 0.0
42 44 0.0
42 45 0.0
42 46 0.0
42 47 0.0
42 48 0.0
42 49 0.0
42 50 0.0
42 51 0.5266689892831687
42 52 0.0
42 53 0.0
42 54 0.0
42 55 0.0
42 56 0.17343699443745328
42 57 0.0
42 58 0.0
42 59 0.0
42 60 0.23904240286361025
42 61 0.0
42 62 0.18437027769467298
42 63 0.18251391213178944
42 64 0.0
42 65 0.0
43 44 0.17787243025990138
43 45 0.17052570763725147
43 46 0.0
43 47 0.17590214267797893
43 48 0.0
43 49 0.0
43 50 0.0
43 51 0.0
43 52 0.0
43 53 0.693629081574102
43 54 0.24283784653202561
43 55 0.0
43 56 0.0
43 57 0.0
43 58 0.0
43 59 0.0
43 60 0.0
43 61 0.0
43 62 0.0
43 63 0.0
43 64 0.0
43 65 0.0
44 45 0.2229688244101972
44 46 0.0
44 47 0.10589559495246527
44 48 0.058520680061114286
44 49 0.0
44 50 0.0585713401287629
44 51 0.0
44 52 0.0
44 53 0.18594271148000358
44 54 0.14619184191838502
44 55 0.0
44 56 0.0
44 57 0.0
44 58 0.0
44 59 0.0
44 60 0.0
44 61 0.0
44 62 0.0
44 63 0.0
44 64 0.0
44 65 0.06493484668668985
45 46 0.0
45 47 0.16532753311813225
45 48 0.0
45 49 0.0
45 50 0.0
45 51 0.0
45 52 0.0
45 53 0.17826265941712374
45 54 0.22823930114573557
45 55 0.0
45 56 0.0
45 57 0.0
45 58 0.0
45 59 0.0
45 60 0.0
45 61 0.0
45 62 0.0
45 63 0.0
45 64 0.0
45 65 0.0
46 47 0.0
46 48 0.0
46 49 0.0
46 50 0.0
46 51 0.0
46 52 0.0
46 53 0.0
46 54 0.0
46 55 0.0
46 56 0.0
46 57 0.0
46 58 0.0
46 59 0.0
46 60 0.0
46 61 0.0
46 62 0.0
46 63 0.12251502227306513
46 64 0.0
46 65 0.0
47 48 0.0
47 49 0.0
47 50 0.0
47 51 0.0
47 52 0.0
47 53 0.18388302963474673
47 54 0.23543536438660154
47 55 0.0
47 56 0.0
47 57 0.0
47 58 0.0
47 59 0.0
47 60 0.0
47 61 0.0
47 62 0.0
47 63 0.0
47 64 0.0
47 65 0.0
48 49 0.0
48 50 0.16567563490083795
48 51 0.0
48 52 0.0
48 53 0.0
48 54 0.0
48 55 0.0
48 56 0.0
48 57 0.14078344512795435
48 58 0.0
48 59 0.0
48 60 0.0
48 61 0.0
48 62 0.0
48 63 0.0
48 64 0.0
48 65 0.07868476173323652
49 50 0.0
49 51 0.0
49 52 0.0
49 53 0.0
49 54 0.0
49 55 0.0
49 56 0.0
49 57 0.0
49 58 0.0
49 59 0.0
49 60 0.0
49 61 0.0
49 62 0.14012457541369927
49 63 0.0
49 64 0.0
49 65 0.0
50 51 0.0
50 52 0.0
50 53 0.0
50 54 0.0
50 55 0.0
50 56 0.0
50 57 0.0
50 58 0.0
50 59 0.0
50 60 0.05757264721109513
50 61 0.0
50 62 0.0444050295126235
50 63 0.0
50 64 0.0
50 65 0.07875287740359711
51 52 0.0
51 53 0.0
51 54 0.0
51 55 0.0
51 56 0.18833679807331832
51 57 0.0
51 58 0.0
51 59 0.0
51 60 0.2595783033781778
51 61 0.0
51 62 0.20020934906955906
51 63 0.19819350494529328
51 64 0.0
51 65 0.0
52 53 0.0
52 54 0.0
52 55 0.0
52 56 0.0
52 57 0.0
52 58 0.0
52 59 0.0
52 60 0.0
52 61 0.0
52 62 0.0
52 63 0.0
52 64 0.0
52 65 0.0
53 54 0.25385568504434547
53 55 0.0
53 56 0.0
53 57 0.0
53 58 0.0
53 59 0.0
53 60 0.0
53 61 0.0
53 62 0.0
53 63 0.0
53 64 0.0
53 65 0.0
54 55 0.0
54 56 0.0
54 57 0.0
54 58 0.0
54 59 0.0
54 60 0.0
54 61 0.0
54 62 0.0
54 63 0.0
54 64 0.0
54 65 0.0
55 56 0.02975384023814011
55 57 0.0
55 58 0.0
55 59 0.02399747565098872
55 60 0.0
55 61 0.0
55 62 0.0
55 63 0.0
55 64 0.0
55 65 0.0
56 57 0.0
56 58 0.0
56 59 0.02273665064781306
56 60 0.18212307957555146
56 61 0.0
56 62 0.23776011144783066
56 63 0.13905480929167513
56 64 0.0
56 65 0.0
57 58 0.0
57 59 0.0
57 60 0.0
57 61 0.0
57 62 0.0
57 63 0.0
57 64 0.0
57 65 0.0
58 59 0.0
58 60 0.0
58 61 0.0
58 62 0.0
58 63 0.0
58 64 0.0
58 65 0.0
59 60 0.0
59 61 0.0
59 62 0.0
59 63 0.0
59 64 0.0
59 65 0.0
60 61 0.0
60 62 0.25159635264187924
60 63 0.1916545881727123
60 64 0.0
60 65 0.0
61 62 0.0
61 63 0.0
61 64 0.0
61 65 0.0
62 63 0.14782067624639125
62 64 0.0
62 65 0.0
63 64 0.261066433497161
63 65 0.0
64 65 0.0
