0 1 0.0
0 2 0.0
0 3 0.0
0 4 0.0
0 5 0.0
0 6 0.0
0 7 0.0
0 8 0.0
0 9 0.0
0 10 0.0
0 11 0.0
0 12 0.0391394692430543
0 13 0.0
0 14 0.0
0 15 0.0
0 16 0.0
0 17 0.0
0 18 0.0
0 19 0.0
0 20 0.0
0 21 0.0
0 22 0.0
0 23 0.0
0 24 0.0
0 25 0.03397390456223058
0 26 0.0
0 27 0.0
0 28 0.0
0 29 0.0
0 30 0.0
0 31 0.0
1 2 0.0
1 3 0.0
1 4 0.0
1 5 0.0
1 6 0.0
1 7 0.0
1 8 0.0
1 9 0.0
1 10 0.0
1 11 0.0
1 12 0.0
1 13 0.0
1 14 0.0
1 15 0.0
1 16 0.0
1 17 0.0
1 18 0.0
1 19 0.0
1 20 0.0
1 21 0.0
1 22 0.0
1 23 0.0
1 24 0.0
1 25 0.0
1 26 0.0
1 27 0.0
1 28 0.0
1 29 0.0
1 30 0.0
1 31 0.0
2 3 0.5145078224349968
2 4 0.504798256244916
2 5 0.1443852560914793
2 6 0.14100542076465197
2 7 0.0
2 8 0.08151961134037185
2 9 0.08013200532376295
2 10 0.0
2 11 0.0
2 12 0.0
2 13 0.044463339630508185
2 14 0.07310545552859883
2 15 0.0
2 16 0.0
2 17 0.0
2 18 0.14131126341548897
2 19 0.07200937608338978
2 20 0.0816880338093213
2 21 0.0
2 22 0.0
2 23 0.0
2 24 0.0
2 25 0.0
2 26 0.0
2 27 0.0
2 28 0.06616111392147381
2 29 0.0
2 30 0.0
2 31 0.0
3 4 0.34471792777862065
3 5 0.06419671714282676
3 6 0.0626939713754321
3 7 0.40482373496700974
3 8 0.0
3 9 0.0
3 10 0.0
3 11 0.0
3 12 0.0
3 13 0.050148075376168624
3 14 0.0
3 15 0.0
3 16 0.0
3 17 0.0
3 18 0.6994832036265173
3 19 0.0
3 20 0.0
3 21 0.0
3 22 0.0
3 23 0.0
3 24 0.0
3 25 0.0
3 26 0.0
3 27 0.0
3 28 0.0
3 29 0.0
3 30 0.0
3 31 0.0
4 5 0.0
4 6 0.0
4 7 0.0
4 8 0.0
4 9 0.0
4 10 0.0
4 11 0.0
4 12 0.0
4 13 0.0
4 14 0.0
4 15 0.0
4 16 0.0
4 17 0.0
4 18 0.0
4 19 0.0
4 20 0.0
4 21 0.0
4 22 0.14142266751289456
4 23 0.0
4 24 0.0
4 25 0.0
4 26 0.0
4 27 0.0
4 28 0.0
4 29 0.0
4 30 0.0
4 31 0.0
5 6 0.16353737656802494
5 7 0.0
5 8 0.09454603450813888
5 9 0.33881149720331005
5 10 0.0
5 11 0.0
5 12 0.0
5 13 0.2612149489574524
5 14 0.08478733899111583
5 15 0.0
5 16 0.0
5 17 0.0
5 18 0.0
5 19 0.18747093973541298
5 20 0.09474137003905493
5 21 0.2920492454449463
5 22 0.0
5 23 0.0
5 24 0.0
5 25 0.0
5 26 0.0
5 27 0.0
5 28 0.07673332658320346
5 29 0.0
5 30 0.0
5 31 0.0
6 7 0.0
6 8 0.21941649594177406
6 9 0.21568164435323045
6 10 0.0
6 11 0.0
6 12 0.0
6 13 0.050361221868937885
6 14 0.1348579486267925
6 15 0.0
6 16 0.0
6 17 0.0
6 18 0.0779385831790015
6 19 0.13283600615418098
6 20 0.2198698183677171
6 21 0.0
6 22 0.0
6 23 0.0
6 24 0.0
6 25 0.0
6 26 0.0
6 27 0.0
6 28 0.07493711819634039
6 29 0.0
6 30 0.0
6 31 0.0
7 8 0.0
7 9 0.0
7 10 0.07956182465894296
7 11 0.0
7 12 0.0
7 13 0.0
7 14 0.0
7 15 0.0
7 16 0.0
7 17 0.0
7 18 0.5209470371468952
7 19 0.0
7 20 0.0
7 21 0.0
7 22 0.0
7 23 0.0
7 24 0.0
7 25 0.0
7 26 0.0
7 27 0.0
7 28 0.0
7 29 0.0
7 30 0.2160091904169978
7 31 0.0
8 9 0.20583725390911747
8 10 0.0
8 11 0.0
8 12 0.0
8 13 0.0
8 14 0.4366633697547963
8 15 0.0
8 16 0.0
8 17 0.0
8 18 0.0
8 19 0.07783842155676816
8 20 0.609461351319039
8 21 0.06903941173392249
8 22 0.0
8 23 0.0
8 24 0.0
8 25 0.07657602302728124
8 26 0.0
8 27 0.0
8 28 0.07151675179245096
8 29 0.0
8 30 0.0
8 31 0.0
9 10 0.0
9 11 0.0
9 12 0.0
9 13 0.1920682024026144
9 14 0.32423350817267904
9 15 0.0
9 16 0.0
9 17 0.0
9 18 0.0
9 19 0.07651347581304355
9 20 0.48176351149094154
9 21 0.18195440393646298
9 22 0.0
9 23 0.0
9 24 0.0
9 25 0.0
9 26 0.0
9 27 0.0
9 28 0.07029941189786802
9 29 0.0
9 30 0.0
9 31 0.0
10 11 0.0
10 12 0.0
10 13 0.0
10 14 0.0
10 15 0.0
10 16 0.0
10 17 0.0
10 18 0.0
10 19 0.0
10 20 0.0
10 21 0.0
10 22 0.0
10 23 0.0
10 24 0.0
10 25 0.06355623290202715
10 26 0.0
10 27 0.0
10 28 0.0
10 29 0.0
10 30 0.0
10 31 0.0
11 12 0.0
11 13 0.0
11 14 0.0
11 15 0.0
11 16 0.0
11 17 0.0
11 18 0.0
11 19 0.0
11 20 0.0
11 21 0.0
11 22 0.0
11 23 0.0
11 24 0.0
11 25 0.0
11 26 0.0
11 27 0.0
11 28 0.0
11 29 0.0
11 30 0.0
11 31 0.0
12 13 0.0
12 14 0.0
12 15 0.0
12 16 0.0
12 17 0.0
12 18 0.0
12 19 0.0
12 20 0.0
12 21 0.0
12 22 0.0
12 23 0.0
12 24 0.0
12 25 0.04250587326024647
12 26 0.0
12 27 0.0
12 28 0.0
12 29 0.0
12 30 0.0
12 31 0.0
13 14 0.0
13 15 0.0
13 16 0.0
13 17 0.0
13 18 0.0
13 19 0.0
13 20 0.0
13 21 0.1551444899819926
13 22 0.0
13 23 0.0
13 24 0.0
13 25 0.0
13 26 0.0
13 27 0.0
13 28 0.0
13 29 0.0
13 30 0.0
13 31 0.0
14 15 0.0
14 16 0.0
14 17 0.0
14 18 0.0667038632077004
14 19 0.113687911970576
14 20 0.6889086167600529
14 21 0.0
14 22 0.0
14 23 0.0
14 24 0.0
14 25 0.06867212630104197
14 26 0.0
14 27 0.0
14 28 0.06413505451937322
14 29 0.0
14 30 0.0
14 31 0.0
15 16 0.0
15 17 0.0
15 18 0.0
15 19 0.0
15 20 0.0
15 21 0.0
15 22 0.0
15 23 0.0
15 24 0.0
15 25 0.0
15 26 0.0
15 27 0.0
15 28 0.0
15 29 0.0
15 30 0.0
15 31 0.0
16 17 0.0
16 18 0.0
16 19 0.0
16 20 0.0
16 21 0.0
16 22 0.0
16 23 0.0
16 24 0.0
16 25 0.0
16 26 0.0
16 27 0.0
16 28 0.0
16 29 0.0
16 30 0.0
16 31 0.0
17 18 0.0
17 19 0.0
17 20 0.0
17 21 0.0
17 22 0.0
17 23 0.0
17 24 0.0
17 25 0.0
17 26 0.5744246687217144
17 27 0.0
17 28 0.0
17 29 0.0
17 30 0.0
17 31 0.0
18 19 0.06570376365494683
18 20 0.0
18 21 0.0
18 22 0.0
18 23 0.0
18 24 0.0
18 25 0.0
18 26 0.0
18 27 0.0
18 28 0.0
18 29 0.0
18 30 0.0
18 31 0.0
19 20 0.07799923855432452
19 21 0.07692955400561141
19 22 0.0
19 23 0.0
19 24 0.024047957470407496
19 25 0.0
19 26 0.0
19 27 0.0
19 28 0.06317346944384425
19 29 0.0
19 30 0.0
19 31 0.0
20 21 0.0
20 22 0.0
20 23 0.0
20 24 0.0
20 25 0.07673423186376274
20 26 0.0
20 27 0.0
20 28 0.07166450799135919
20 29 0.0
20 30 0.0
20 31 0.0
21 22 0.0
21 23 0.0
21 24 0.0
21 25 0.0
21 26 0.0
21 27 0.0
21 28 0.0
21 29 0.0
21 30 0.0
21 31 0.0
22 23 0.0
22 24 0.0
22 25 0.0
22 26 0.0
22 27 0.04917871972823155
22 28 0.0
22 29 0.0
22 30 0.0
22 31 0.0
23 24 0.0
23 25 0.0
23 26 0.0
23 27 0.0
23 28 0.0
23 29 0.0
23 30 0.0
23 31 0.0
24 25 0.0
24 26 0.0
24 27 0.0
24 28 0.0
24 29 0.0
24 30 0.0
24 31 0.0
25 26 0.0
25 27 0.0
25 28 0.0
25 29 0.0
25 30 0.0
25 31 0.0
26 27 0.0
26 28 0.0
26 29 0.0
26 30 0.0
26 31 0.0
27 28 0.0
27 29 0.0
27 30 0.0
27 31 0.0
28 29 0.0
28 30 0.0
28 31 0.0
29 30 0.0
29 31 0.0
30 31 0.0
