0:9 
1:10. 53 
2:11. 
3:134. 
4:17. 
5:19. 137 136 143 142 144 
6:18. 
7:155. 
8:159. 
9:23. 22 
10:0 1 2 3 4 5 6 7 8 12 13 14 15 16 21 20 25 24 27 26 29 31 34 35 32 33 38 39 36 37 42 43 40 41 46 47 44 45 51 50 49 48 55 54 52 59 58 57 56 63 61 60 68 69 70 71 64 65 66 67 76 77. 78 79 72 73 74 75 85 84 87 86 81 80 83 82 93 92 95 94 89 88 91 90 102 103 100 101 98 99 96 97 110 111 108 109 106 107 104 105 119 118 117 116 115 114 113 112 127 126 125 124 123 122 121 120 139 138 141 140 129 128 131 130 133 132 135 152 153 154 156 157 158 145 146 147 148 149 150 151 171 170 169 168 175 174 173 172 163 162 161 160 167 166 165 164 186 187 184 185 190 191 188 189 178 179 176 177 182 183 180 181 
11:28. 
12:62. 
13:30. 
