0 1 0.15057519418529833
0 2 0.13782299456462416
0 3 0.0
0 4 0.37586888134298574
0 5 0.11959225192845423
0 6 0.5460810777114412
0 7 0.1798808356955643
0 8 0.11825931489855858
0 9 0.40276505373922156
0 10 0.0
0 11 0.0
0 12 0.0
0 13 0.34864582594605953
0 14 0.1283198421654158
0 15 0.0
0 16 0.20968148117603871
0 17 0.0
0 18 0.11820596284809512
0 19 0.09863981784014098
0 20 0.0
0 21 0.0
0 22 0.08155452970064668
0 23 0.28438639942039134
0 24 0.0
0 25 0.0
0 26 0.0
0 27 0.0
0 28 0.1304739857970622
0 29 0.0
0 30 0.0
0 31 0.19253145856103904
0 32 0.5460810777114412
0 33 0.40276505373922156
1 2 0.2935391754850777
1 3 0.22721219146994415
1 4 0.0
1 5 0.21202634787077468
1 6 0.3541106917936068
1 7 0.0
1 8 0.22608255965049773
1 9 0.5298628560800936
1 10 0.10768225340905493
1 11 0.0
1 12 0.0
1 13 0.06822660903969677
1 14 0.0
1 15 0.0
1 16 0.0
1 17 0.06960854499083179
1 18 0.18446440409802792
1 19 0.0
1 20 0.0
1 21 0.0
1 22 0.10015990060913237
1 23 0.3414199038180246
1 24 0.06896850820654778
1 25 0.0
1 26 0.0
1 27 0.0
1 28 0.08552669839766654
1 29 0.0
1 30 0.0
1 31 0.0
1 32 0.3541106917936068
1 33 0.5298628560800936
2 3 0.16078751165934463
2 4 0.36039715271105255
2 5 0.1716175270264854
2 6 0.28611766671338695
2 7 0.15633325755391206
2 8 0.28417553819268726
2 9 0.5926100361019667
2 10 0.15240345567287245
2 11 0.0
2 12 0.0
2 13 0.39674317187177505
2 14 0.14170582039427027
2 15 0.0
2 16 0.21090838300951031
2 17 0.0
2 18 0.0
2 19 0.0
2 20 0.0
2 21 0.0
2 22 0.1417570164946011
2 23 0.27048528750068235
2 24 0.0
2 25 0.2260760216450525
2 26 0.0
2 27 0.0
2 28 0.24122010804200314
2 29 0.0
2 30 0.0
2 31 0.10277927514059455
2 32 0.28611766671338695
2 33 0.5926100361019667
3 4 0.14602788791562227
3 5 0.0
3 6 0.2178235042624013
3 7 0.30126004018275604
3 8 0.32601866136400515
3 9 0.0
3 10 0.22725441942457794
3 11 0.04390533445117683
3 12 0.0
3 13 0.13545152610556976
3 14 0.05708257396870394
3 15 0.0
3 16 0.0
3 17 0.06151727764072365
3 18 0.3013595953681238
3 19 0.0
3 20 0.0
3 21 0.0
3 22 0.2113791209038516
3 23 0.0
3 24 0.0
3 25 0.14698869064907835
3 26 0.044030683488478564
3 27 0.0
3 28 0.1568349778155219
3 29 0.0
3 30 0.044030683488478564
3 31 0.08750203562852849
3 32 0.2178235042624013
3 33 0.0
4 5 0.09744459408382995
4 6 0.39789572907795456
4 7 0.3192215798565365
4 8 0.39704061764965554
4 9 0.3737314981794576
4 10 0.1384134533414698
4 11 0.0
4 12 0.0
4 13 0.6108202737077119
4 14 0.12869781641603736
4 15 0.0
4 16 0.29330431004208646
4 17 0.0
4 18 0.0
4 19 0.09719117062671802
4 20 0.0
4 21 0.0
4 22 0.20910111391405994
4 23 0.25560240303277537
4 24 0.0
4 25 0.20532318467082178
4 26 0.08194002015498998
4 27 0.0
4 28 0.3476349216445174
4 29 0.0
4 30 0.08194002015498998
4 31 0.18970389696321943
4 32 0.39789572907795456
4 33 0.3737314981794576
5 6 0.24827102463460526
5 7 0.0
5 8 0.1517272831362282
5 9 0.34892777543720505
5 10 0.1550684655947861
5 11 0.0
5 12 0.0
5 13 0.2661623093949237
5 14 0.1229614711670887
5 15 0.0
5 16 0.08283774891638135
5 17 0.0
5 18 0.0
5 19 0.030010830634086827
5 20 0.0
5 21 0.0
5 22 0.17479959264817707
5 23 0.31556840841894357
5 24 0.10535097998891636
5 25 0.23002931022457174
5 26 0.0
5 27 0.10013662478945996
5 28 0.10465617882668177
5 29 0.0
5 30 0.0
5 31 0.0
5 32 0.24827102463460526
5 33 0.34892777543720505
6 7 0.0
6 8 0.4547037469878888
6 9 0.5850719305010267
6 10 0.1830449631732601
6 11 0.0
6 12 0.0
6 13 0.3690773351843532
6 14 0.3690626383497243
6 15 0.0
6 16 0.3382515655194221
6 17 0.0
6 18 0.3111604452407979
6 19 0.0
6 20 0.0
6 21 0.0
6 22 0.17025800201999072
6 23 0.4587631882265223
6 24 0.0
6 25 0.11839391081974439
6 26 0.0
6 27 0.0
6 28 0.2745833133291126
6 29 0.0
6 30 0.0
6 31 0.10764910180716476
6 32 1.0000000000000002
6 33 0.5850719305010267
7 8 0.13821444023506196
7 9 0.0
7 10 0.09634369468391393
7 11 0.0
7 12 0.11685778680414104
7 13 0.2961013185535028
7 14 0.0
7 15 0.0
7 16 0.0
7 17 0.05981308069371964
7 18 0.07953990494829272
7 19 0.13530124771516333
7 20 0.0
7 21 0.0
7 22 0.2014792948501577
7 23 0.0
7 24 0.0
7 25 0.14291670164931725
7 26 0.0
7 27 0.0
7 28 0.1524902197145925
7 29 0.0
7 30 0.0
7 31 0.18593223077917986
7 32 0.0
7 33 0.0
8 9 0.29823758876996415
8 10 0.22187946941938247
8 11 0.06298607963323022
8 12 0.055664679672618025
8 13 0.49521628029230313
8 14 0.18844828758502724
8 15 0.0
8 16 0.22690263727679516
8 17 0.0
8 18 0.37995417637557793
8 19 0.0
8 20 0.0
8 21 0.0587855164814667
8 22 0.20637964846288795
8 23 0.3174460075756098
8 24 0.0
8 25 0.19987411041738876
8 26 0.079765413059994
8 27 0.0
8 28 0.3384090346402597
8 29 0.0
8 30 0.079765413059994
8 31 0.0
8 32 0.4547037469878888
8 33 0.29823758876996415
9 10 0.07496526891492349
9 11 0.0
9 12 0.0
9 13 0.4080984533454003
9 14 0.13940648374100084
9 15 0.0
9 16 0.31770952816222275
9 17 0.0
9 18 0.0
9 19 0.0
9 20 0.0
9 21 0.0
9 22 0.1043797903902992
9 23 0.6466602669996365
9 24 0.0
9 25 0.11120384169119672
9 26 0.0
9 27 0.0
9 28 0.25790785265117433
9 29 0.0
9 30 0.0
9 31 0.10111156555837908
9 32 0.5850719305010267
9 33 1.0
10 11 0.0
10 12 0.0
10 13 0.21474184934441948
10 14 0.08732922545473742
10 15 0.0
10 16 0.058832708999157275
10 17 0.0
10 18 0.10405255356581966
10 19 0.0
10 20 0.0
10 21 0.0
10 22 0.8333620443719089
10 23 0.07979351436558789
10 24 0.0
10 25 0.3512979409774871
10 26 0.0
10 27 0.07111865041556045
10 28 0.1486570215733212
10 29 0.0
10 30 0.0
10 31 0.11962912192862955
10 32 0.1830449631732601
10 33 0.07496526891492349
11 12 0.0
11 13 0.0
11 14 0.038694805174113424
11 15 0.0
11 16 0.0960958763176695
11 17 0.0
11 18 0.07521126508856091
11 19 0.0
11 20 0.0
11 21 0.17596284685601613
11 22 0.0
11 23 0.0
11 24 0.0345874926361845
11 25 0.0
11 26 0.029847265125147168
11 27 0.0
11 28 0.0
11 29 0.0
11 30 0.029847265125147168
11 31 0.023208692887414853
11 32 0.0
11 33 0.0
12 13 0.0
12 14 0.0
12 15 0.0
12 16 0.048610680401511654
12 17 0.0
12 18 0.0
12 19 0.0
12 20 0.0
12 21 0.06577453209628335
12 22 0.0
12 23 0.0
12 24 0.0
12 25 0.0
12 26 0.0
12 27 0.0
12 28 0.0
12 29 0.0
12 30 0.0
12 31 0.1322858700104968
12 32 0.0
12 33 0.0
13 14 0.11937661969116088
13 15 0.0
13 16 0.27206115883493226
13 17 0.0
13 18 0.0
13 19 0.09015190573038072
13 20 0.0
13 21 0.0
13 22 0.27427743966763757
13 23 0.30248191655193074
13 24 0.0
13 25 0.31854909566285533
13 26 0.07600535033094294
13 27 0.097217214963246
13 28 0.3224567672412561
13 29 0.0
13 30 0.07600535033094294
13 31 0.17596421285425487
13 32 0.3690773351843532
13 33 0.4080984533454003
14 15 0.0
14 16 0.10940614512885888
14 17 0.0
14 18 0.14696882977068473
14 19 0.0
14 20 0.0
14 21 0.0
14 22 0.081228672923402
14 23 0.4274814794505299
14 24 0.0
14 25 0.12954459449087882
14 26 0.03880527823251927
14 27 0.0
14 28 0.13822235923988857
14 29 0.0
14 30 0.03880527823251927
14 31 0.030174281668119293
14 32 0.3690626383497243
14 33 0.13940648374100084
15 16 0.0
15 17 0.0
15 18 0.0
15 19 0.0
15 20 0.0
15 21 0.0
15 22 0.0
15 23 0.0
15 24 0.0830076024229226
15 25 0.0
15 26 0.0
15 27 0.0
15 28 0.0
15 29 0.0
15 30 0.0
15 31 0.0
15 32 0.0
15 33 0.0
16 17 0.0
16 18 0.0
16 19 0.0
16 20 0.0
16 21 0.16522360220905785
16 22 0.05472283593041979
16 23 0.2172878637745417
16 24 0.0
16 25 0.08727272445632642
16 26 0.0
16 27 0.0
16 28 0.20240596563248597
16 29 0.0
16 30 0.0
16 31 0.07935231073067112
16 32 0.3382515655194221
16 33 0.31770952816222275
17 18 0.049943393830740444
17 19 0.0
17 20 0.0
17 21 0.0
17 22 0.0
17 23 0.0
17 24 0.143484589729161
17 25 0.10851650856717046
17 26 0.0
17 27 0.0
17 28 0.062147178817708267
17 29 0.0
17 30 0.0
17 31 0.032518499673907374
17 32 0.0
17 33 0.0
18 19 0.0
18 20 0.0
18 21 0.0
18 22 0.09678376049291097
18 23 0.0
18 24 0.0
18 25 0.0
18 26 0.0
18 27 0.0
18 28 0.0
18 29 0.0
18 30 0.0
18 31 0.043243356522100415
18 32 0.3111604452407979
18 33 0.0
19 20 0.0
19 21 0.0
19 22 0.061342997338503825
19 23 0.0
19 24 0.0
19 25 0.0
19 26 0.0
19 27 0.06792104475502977
19 28 0.0
19 29 0.0
19 30 0.0
19 31 0.07355905311472742
19 32 0.0
19 33 0.0
20 21 0.0
20 22 0.0
20 23 0.0
20 24 0.0
20 25 0.0
20 26 0.0
20 27 0.0
20 28 0.0
20 29 0.0
20 30 0.0
20 31 0.0
20 32 0.0
20 33 0.0
21 22 0.0
21 23 0.0
21 24 0.040991201047720534
21 25 0.0
21 26 0.0
21 27 0.0
21 28 0.0
21 29 0.0
21 30 0.0
21 31 0.0
21 32 0.0
21 33 0.0
22 23 0.07421938355757522
22 24 0.0
22 25 0.32675734151695596
22 26 0.0
22 27 0.06615051906481721
22 28 0.13827229682009468
22 29 0.0
22 30 0.0
22 31 0.1720901725087877
22 32 0.17025800201999072
22 33 0.1043797903902992
23 24 0.0
23 25 0.11836608429385136
23 26 0.0
23 27 0.0
23 28 0.27451877707361405
23 29 0.0
23 30 0.0
23 31 0.0
23 32 0.4587631882265223
23 33 0.6466602669996365
24 25 0.10751872076404645
24 26 0.0
24 27 0.0
24 28 0.0615757478175624
24 29 0.0
24 30 0.0
24 31 0.0
24 32 0.0
24 33 0.0
25 26 0.0
25 27 0.1054977492454396
25 28 0.22051854322146663
25 29 0.0
25 30 0.0
25 31 0.0
25 32 0.11839391081974439
25 33 0.11120384169119672
26 27 0.0
26 28 0.0
26 29 0.0
26 30 1.0
26 31 0.023274953339517866
26 32 0.0
26 33 0.0
27 28 0.0
27 29 0.0
27 30 0.0
27 31 0.14657851127163993
27 32 0.0
27 33 0.0
28 29 0.0
28 30 0.0
28 31 0.0
28 32 0.2745833133291126
28 33 0.25790785265117433
29 30 0.0
29 31 0.0
29 32 0.0
29 33 0.0
30 31 0.023274953339517866
30 32 0.0
30 33 0.0
31 32 0.10764910180716476
31 33 0.10111156555837908
32 33 0.5850719305010267
