34
0	0	0	0	0	0	0	0	0	0	0	0	0	0	0	0	0	0	0	0	0	0	0	1.0	0	0	0	0	0	0	0	0	0	
0	0	0	0	0	0	0	0	0	0	0	0	0	0	0	0	0	0	0	0	0	0	0	0	0	0	0	0	0	0	0	0	
0	0	0	0	0	0	0	0	0	0	0	0	0	0	0	0	0	0	0	0	0	0	0	0	0	0	0	0	0	0	0	
0	0	0	0	0	0	0	0	0	0	0	0	0	0	0	0	0	0	0	0	0	0	0	0	0	0	0	0	0	0	
0	0	0	0	0	0	0	0	0	0	0	0	0	0	0	0	0	0	0	0	0	0	0	0	0	0	0	0	0	
0	0	0	0	0	0	0	0	0	0	0	0	0	0	0	0	0	0	0	0	0	0	0	0	0	0	0	0	
0	0	0	0	0	0	0	0	0	0	0	0	0	0	0	0	0	0	0	0	0	0	0	0	0	0	0	
0	0	0	0	0	0	0	0	0	0	0	0	0	0	0	0	0	0	0	0	0	0	0	0	0	0	
0	0	0	0	0	0	0	0	0	0	0	0	0	0	0	0	0	0	0	0	0	0	0	0	0	
0	0	0	0	0	0	0	0	0	0	0	0	0	0	0	0	0	0	0	0	0	0	0	0	
0	0	0	0	0	0	0	0	0	0	0	0	0	0	0	0	0	0	0	0	0	0	0	
0	0	0	1.0	0	0	0	0	0	0	0	0	0	0	0	0	0	0	0	0	0	0	
1.0	1.0	0	0	0	0	0	0	1.0	1.0	0	0	0	0	0	0	0	1.0	0	0	0	
1.0	0	0	0	0	0	0	1.0	1.0	0	0	0	0	0	0	0	1.0	0	0	0	
0	0	0	0	0	0	1.0	1.0	0	0	0	0	0	0	0	1.0	0	0	0	
0	0	0	0	0	0	0	0	0	0	0	0	0	0	0	0	0	0	
0	0	0	0	0	0	0	0	0	0	0	0	0	0	0	0	0	
0	0	0	0	0	0	0	0	0	0	0	0	0	0	0	0	
0	0	0	0	0	0	0	0	0	0	0	0	0	0	0	
0	0	0	0	0	0	0	0	0	0	0	0	0	0	
0	0	0	0	0	0	0	0	0	0	0	0	0	
1.0	0	0	0	0	0	0	0	1.0	0	0	0	
0	0	0	0	0	0	0	1.0	0	0	0	
0	0	0	0	0	0	0	0	0	0	
0	0	0	0	0	0	0	0	0	
0	0	0	0	0	0	0	0	
0	0	0	0	0	0	0	
0	0	0	0	0	0	
0	0	0	0	0	
0	0	0	0	
0	0	0	
0	0	
0	

0	0	1.0	1.0	1.0	1.0	1.0	1.0	1.0	0	0	0	0	0	0	0	0	0	0	0	0	1.0	1.0	0	1.0	0	0	1.0	0	0	0	1.0	1.0	
2.0	2.0	2.0	3.0	1.0	1.0	2.0	3.0	2.0	0	2.0	2.0	1.0	0	1.0	1.0	1.0	1.0	0	1.0	2.0	2.0	1.0	1.0	0	1.0	2.0	0	0	0	1.0	3.0	
6.0	4.0	5.0	1.0	4.0	6.0	4.0	5.0	0	2.0	5.0	1.0	0	2.0	1.0	4.0	2.0	0	1.0	5.0	4.0	1.0	4.0	0	1.0	5.0	0	0	0	1.0	4.0	
5.0	6.0	2.0	5.0	8.0	5.0	6.0	0	3.0	5.0	1.0	0	3.0	1.0	5.0	1.0	0	2.0	7.0	5.0	1.0	5.0	0	1.0	6.0	0	0	0	2.0	5.0	
5.0	2.0	4.0	5.0	5.0	4.0	0	2.0	4.0	1.0	0	1.0	1.0	3.0	1.0	0	1.0	5.0	5.0	1.0	4.0	0	1.0	5.0	0	0	0	2.0	5.0	
2.0	5.0	6.0	6.0	5.0	0	3.0	5.0	1.0	0	2.0	1.0	4.0	1.0	0	1.0	6.0	6.0	1.0	5.0	0	1.0	6.0	0	0	0	2.0	6.0	
2.0	2.0	2.0	1.0	0	1.0	1.0	0	0	1.0	0	1.0	1.0	0	1.0	2.0	2.0	3.0	2.0	0	2.0	2.0	0	0	0	3.0	2.0	
5.0	4.0	4.0	0	1.0	4.0	0	0	2.0	0	4.0	1.0	0	1.0	5.0	4.0	1.0	5.0	0	1.0	5.0	0	0	0	2.0	4.0	
5.0	5.0	0	3.0	5.0	1.0	0	3.0	1.0	5.0	1.0	0	2.0	7.0	5.0	1.0	5.0	0	1.0	7.0	0	0	0	2.0	5.0	
4.0	0	2.0	4.0	1.0	0	1.0	1.0	3.0	1.0	0	1.0	5.0	5.0	1.0	4.0	0	1.0	5.0	0	0	0	2.0	6.0	
0	2.0	5.0	1.0	0	2.0	1.0	4.0	1.0	0	1.0	6.0	4.0	1.0	4.0	0	1.0	5.0	0	0	0	1.0	4.0	
0	0	0	3.0	0	0	0	0	0	0	0	0	1.0	0	0	1.0	0	0	0	0	0	0	
2.0	1.0	0	3.0	1.0	2.0	1.0	0	3.0	2.0	3.0	1.0	1.0	0	1.0	2.0	0	0	0	1.0	2.0	
1.0	0	2.0	1.0	4.0	1.0	0	1.0	5.0	4.0	1.0	4.0	0	1.0	5.0	0	0	0	1.0	4.0	
0	0	1.0	0	0	0	0	1.0	1.0	0	0	0	0	1.0	0	0	0	0	1.0	
0	0	0	0	0	0	0	0	1.0	0	0	1.0	0	0	0	0	0	0	
0	3.0	1.0	0	4.0	2.0	1.0	1.0	2.0	0	1.0	2.0	0	0	0	1.0	1.0	
0	0	0	0	1.0	2.0	0	0	0	0	1.0	0	0	0	0	1.0	
1.0	0	2.0	4.0	3.0	1.0	4.0	0	1.0	4.0	0	0	0	1.0	3.0	
0	1.0	1.0	1.0	1.0	1.0	0	1.0	1.0	0	0	0	1.0	1.0	
0	0	0	0	0	0	0	0	0	0	0	0	0	
1.0	1.0	1.0	1.0	0	1.0	1.0	0	0	0	1.0	1.0	
5.0	1.0	5.0	0	1.0	7.0	0	0	0	2.0	5.0	
1.0	4.0	0	1.0	5.0	0	0	0	2.0	5.0	
1.0	1.0	8.0	1.0	0	1.0	0	2.0	1.0	
0	1.0	5.0	0	0	0	2.0	4.0	
1.0	0	0	3.0	0	0	0	
1.0	0	1.0	0	2.0	1.0	
0	0	0	2.0	5.0	
0	0	0	0	
0	0	0	
0	0	
2.0	

0	0	0	0	0	0	0	0	0	0	0	0	0	1.0	0	0	0	0	0	0	0	0	0	0	0	0	0	0	0	0	0	0	0	
0	0	0	0	0	0	0	0	0	0	0	0	1.0	0	0	0	0	0	0	0	0	0	0	1.0	0	0	0	0	0	0	0	0	
0	0	0	0	0	0	0	0	0	0	0	1.0	0	0	0	0	0	0	0	0	0	0	1.0	0	0	0	0	0	0	0	0	
0	0	0	0	0	0	0	0	0	0	1.0	0	0	0	0	0	0	0	0	0	0	1.0	0	0	0	0	0	0	0	0	
0	0	0	0	0	0	0	0	0	1.0	0	0	0	0	0	0	0	0	0	0	1.0	0	0	0	0	0	0	0	0	
0	0	0	0	0	0	0	0	1.0	0	0	0	0	0	0	0	0	0	0	1.0	0	0	0	0	0	0	0	0	
0	0	0	0	0	0	0	1.0	0	0	0	0	0	0	0	0	0	0	1.0	0	0	0	0	0	0	0	0	
0	0	0	0	0	0	1.0	0	0	0	0	0	0	0	0	0	0	1.0	0	0	0	0	0	0	0	0	
0	0	0	0	0	1.0	0	0	0	0	0	0	0	0	0	0	1.0	0	0	0	0	0	0	0	0	
0	0	0	0	1.0	0	0	0	0	0	0	0	0	0	0	1.0	0	0	0	0	0	0	0	0	
0	0	0	1.0	0	0	0	0	0	0	0	0	0	0	1.0	0	0	0	0	0	0	0	0	
0	0	0	0	0	0	0	0	0	0	0	0	0	0	0	0	0	0	0	0	0	0	
0	1.0	0	0	0	0	0	0	0	0	0	0	1.0	0	0	0	0	0	0	0	0	
1.0	0	0	0	0	0	0	0	0	0	0	1.0	0	0	0	0	0	0	0	0	
0	0	0	0	0	0	0	0	0	0	1.0	0	0	0	0	0	0	1.0	0	
0	0	0	0	0	0	0	0	0	0	0	0	0	0	0	0	0	0	
0	0	0	0	0	0	0	0	1.0	0	0	0	0	0	0	0	0	
0	0	0	0	0	0	0	1.0	0	0	0	0	0	0	0	0	
0	0	0	0	0	0	1.0	0	0	0	0	0	0	0	0	
0	0	0	0	0	1.0	0	0	0	0	0	0	0	0	
0	0	0	0	0	0	0	0	0	0	0	0	0	
0	0	0	1.0	0	0	0	0	0	0	0	0	
0	0	1.0	0	0	0	0	0	0	0	0	
0	1.0	0	0	0	0	0	0	0	0	
1.0	0	0	0	0	0	0	0	0	
0	0	0	0	0	0	0	0	
0	0	0	0	0	0	0	
0	0	0	0	0	0	
0	0	0	0	0	
0	0	0	0	
0	0	0	
0	0	
0	

1.0	0	0	0	0	0	0	0	0	0	0	0	0	0	0	0	0	0	0	0	0	0	0	0	0	0	0	0	0	0	0	0	0	
0	0	0	0	0	0	0	0	0	0	0	0	0	0	0	0	0	0	0	0	0	0	0	0	0	0	0	0	0	0	0	0	
0	0	0	0	0	0	0	0	0	0	0	0	0	0	0	0	0	0	0	0	0	0	0	0	0	0	0	0	0	0	0	
1.0	1.0	0	0	0	0	0	0	0	0	0	0	0	0	0	0	0	0	0	0	0	0	0	0	0	0	0	0	0	0	
1.0	0	0	0	0	0	0	0	0	0	0	0	0	0	0	0	0	0	0	0	0	0	0	0	0	0	0	0	0	
0	0	0	0	0	0	0	0	0	0	0	0	0	0	0	0	0	0	0	0	0	0	0	0	0	0	0	0	
1.0	1.0	1.0	0	0	0	0	0	0	0	0	0	0	0	0	0	0	0	0	0	0	0	0	0	0	0	0	
1.0	1.0	0	0	0	0	0	0	0	0	0	0	0	0	0	0	0	0	0	0	0	0	0	0	0	0	
1.0	0	0	0	0	0	0	0	0	0	0	0	0	0	0	0	0	0	0	0	0	0	0	0	0	
0	0	0	0	0	0	0	0	0	0	0	0	0	0	0	0	0	0	0	0	0	0	0	0	
1.0	1.0	1.0	1.0	0	0	0	0	0	0	0	0	0	0	0	0	0	0	0	0	0	0	0	
1.0	1.0	1.0	0	0	0	0	0	0	0	0	0	0	0	0	0	0	0	0	0	0	0	
1.0	1.0	0	0	0	0	0	0	0	0	0	0	0	0	0	0	0	0	0	0	0	
1.0	0	0	0	0	0	0	0	0	0	0	0	0	0	0	0	0	0	0	0	
0	0	0	0	0	0	0	0	0	0	0	0	0	0	0	0	0	0	0	
1.0	0	0	0	0	0	0	0	0	0	0	0	0	0	0	0	0	0	
0	0	0	0	0	0	0	0	0	0	0	0	0	0	0	0	0	
0	0	0	0	0	0	0	0	0	0	0	0	0	0	0	0	
1.0	0	0	0	0	0	0	0	0	0	0	0	0	0	0	
0	0	0	0	0	0	0	0	0	0	0	0	0	0	
0	0	0	0	0	0	0	0	0	0	0	0	0	
0	0	0	0	0	0	0	0	0	0	0	0	
0	0	0	0	0	0	0	0	0	0	0	
0	0	0	0	0	0	0	0	0	0	
0	0	0	0	0	0	0	0	0	
1.0	1.0	0	0	0	0	0	0	
1.0	0	0	0	0	0	0	
0	0	0	0	0	0	
0	0	0	0	0	
0	0	0	0	
0	0	0	
0	0	
0	

0	0	0	0	0	0	0	0	0	0	0	0	0	0	0	0	0	0	0	0	0	0	0	0	0	0	0	0	0	0	0	0	0	
0	0	0	0	0	0	0	0	0	0	0	0	0	0	0	0	0	0	0	0	0	0	0	0	0	0	0	0	0	0	0	0	
0	0	0	0	0	0	0	0	0	0	0	0	0	0	0	0	0	0	0	0	0	0	0	0	0	0	0	0	0	0	0	
0	0	0	0	0	0	0	0	0	0	0	0	0	0	0	0	0	0	0	0	0	0	0	0	0	0	0	0	0	0	
0	0	0	0	0	0	0	0	0	0	0	0	0	0	0	0	0	0	0	0	0	0	0	0	0	0	0	0	0	
0	0	0	0	0	0	0	0	0	0	0	0	0	0	0	0	0	0	0	0	0	0	0	0	0	0	0	0	
0	0	0	0	0	0	0	0	0	0	0	0	0	0	0	0	0	0	0	0	0	0	0	0	0	0	0	
0	0	0	0	0	0	0	0	0	0	0	0	0	0	0	0	0	0	0	0	0	0	0	0	0	0	
0	0	0	0	0	0	0	0	0	0	0	0	0	0	0	0	0	0	0	0	0	0	0	0	0	
0	0	0	0	0	0	0	0	0	0	0	0	0	0	0	0	0	0	0	0	0	0	0	0	
0	0	0	0	0	0	0	0	0	0	0	0	0	0	0	0	0	0	0	0	0	0	0	
0	0	0	0	0	0	0	0	0	0	0	0	0	0	0	0	0	0	0	0	0	0	
0	0	0	0	0	0	0	0	0	0	0	0	0	0	0	0	0	0	0	0	0	
0	0	0	0	0	0	0	0	0	0	0	0	0	0	0	0	0	0	0	0	
0	0	0	0	0	0	0	0	0	0	0	0	0	0	0	0	0	0	0	
0	0	0	0	0	0	0	0	0	0	0	0	0	0	0	0	0	0	
0	0	0	0	0	0	0	0	0	0	0	0	0	0	0	0	0	
0	0	0	0	0	0	0	0	0	0	0	0	0	0	0	0	
0	0	0	0	0	0	0	0	0	0	0	0	0	0	0	
0	0	0	0	0	0	0	0	0	0	0	0	0	0	
0	0	0	0	0	0	0	0	0	0	0	0	0	
0	0	0	0	0	0	0	0	0	0	0	0	
0	0	0	0	0	0	0	0	0	0	0	
0	0	0	0	0	0	0	0	0	0	
0	0	0	0	0	0	0	0	0	
0	0	0	0	0	0	0	0	
0	0	0	0	0	0	0	
0	0	0	0	0	0	
0	0	0	0	0	
0	0	0	0	
0	0	0	
0	0	
0	

0	0	0	0	0	0	0	0	0	0	0	0	0	0	0	0	0	0	0	0	0	0	0	0	0	0	0	0	0	0	0	0	0	
0	0	0	0	0	0	0	0	0	0	0	0	0	0	0	0	0	0	0	0	0	0	0	0	0	0	0	0	0	0	0	0	
0	0	0	0	0	0	0	0	0	0	0	0	0	0	0	0	0	0	0	0	0	0	0	0	0	0	0	0	0	0	0	
0	0	0	0	0	0	0	0	0	0	0	0	0	0	0	0	0	0	0	0	0	0	0	0	0	0	0	0	0	0	
0	0	0	0	0	0	0	0	0	0	0	0	0	0	0	0	0	0	0	0	0	0	0	0	0	0	0	0	0	
0	0	0	0	0	0	0	0	0	0	0	0	0	0	0	0	0	0	0	0	0	0	0	0	0	0	0	0	
0	0	0	0	0	0	0	0	0	0	0	0	0	0	0	0	0	0	0	0	0	0	0	0	0	0	0	
0	0	0	0	0	0	0	0	0	0	0	0	0	0	0	0	0	0	0	0	0	0	0	0	0	0	
0	0	0	0	0	0	0	0	0	0	0	0	0	0	0	0	0	0	0	0	0	0	0	0	0	
0	0	0	0	0	0	0	0	0	0	0	0	0	0	0	0	0	0	0	0	0	0	0	0	
0	0	0	0	0	0	0	0	0	0	0	0	0	0	0	0	0	0	0	0	0	0	0	
0	0	0	0	0	0	0	0	0	0	0	0	0	0	0	0	0	0	0	0	0	0	
0	0	0	0	0	0	0	0	0	0	0	0	0	0	0	0	0	0	0	0	0	
0	0	0	0	0	0	0	0	0	0	0	0	0	0	0	0	0	0	0	0	
0	0	0	0	0	0	0	0	0	0	0	0	0	0	0	0	0	0	0	
0	0	0	0	0	0	0	0	0	0	0	0	0	0	0	0	0	0	
0	0	0	0	0	0	0	0	0	0	0	0	0	0	0	0	0	
0	0	0	0	0	0	0	0	0	0	0	0	0	0	0	0	
0	0	0	0	0	0	0	0	0	0	0	0	0	0	0	
0	0	0	0	0	0	0	0	0	0	0	0	0	0	
0	0	0	0	0	0	0	0	0	0	0	0	0	
0	0	0	0	0	0	0	0	0	0	0	0	
0	0	0	0	0	0	0	0	0	0	0	
0	0	0	0	0	0	0	0	0	0	
0	0	0	0	0	0	0	0	0	
0	0	0	0	0	0	0	0	
0	0	0	0	0	0	0	
0	0	0	0	0	0	
0	0	0	0	0	
0	0	0	0	
0	0	0	
0	0	
0	

0	0.03515123718486179	0	0.09603998655842073	0	0.22065655981571944	0.0732516074218325	0.021161862990218192	0.07297952133270115	0	0	0	0.053500667464315824	0.08536968737969476	0	0.020606614984894165	0	0.0694151314561329	0.03359995282068031	0	0	0.04250314086787884	0.030394029529355278	0	0	0	0	0.026390297160927965	0	0	0.05270310887049824	0.22065655981571944	0.07297952133270115	
0.2149552577991834	0.05895883895701692	0	0.08375874588963193	0.17819329914617774	0	0.0398178672753678	0.4462810722601729	0.04266440857264372	0	0	0.050333056149697505	0	0	0	0.10655704455771575	0.04910296705844448	0	0	0	0.03726366534655347	0.24305317995264786	0	0	0	0	0.14856547180304513	0	0	0	0.17819329914617774	0.4462810722601729	
0	0.07364206253632465	0.058730595621820245	0.08776537937181661	0.045249514029840274	0.039222914037104595	0.4912874324505519	0.04202692269567959	0	0	0.14151347170956952	0.016937585730330537	0	0.03819377757628519	0	0	0	0	0	0.036706876651313544	0.22456116032321416	0	0.05200598546005529	0	0	0.04891366877458696	0	0	0.022208205942151314	0.08776537937181661	0.4912874324505519	
0	0	0.08910453456662328	0.10729232144506802	0.03982139112982837	0	0.042668184344093675	0.05009993355934606	0	0	0.08140165795398113	0	0	0.05950035997481925	0.13114146057905954	0	0	0	0.03726696315586205	0	0	0	0.0617642978373251	0	0	0	0.0617642978373251	0.09514557994229304	0.08910453456662328	0	
0.007740359592730754	0.09920249728781395	0.09381228701852702	0.0935095853692457	0.07644627763156424	0.027694550923266732	0	0	0.14157345206392766	0.011161388948757284	0	0.025168616929145085	0	0	0.02935362310511677	0	0	0.061320426173000646	0.03712282132306728	0	0.0342704704569348	0.05658886653635705	0	0.055287838196324046	0	0.05658886653635705	0.046042540669889505	0.09920249728781395	0.07644627763156424	
0.0791154070407993	0	0.0070714371238012235	0.21948118981824424	0.04842705123989157	0	0	0.09288700642977757	0.010724744766680469	0	0.00688589573930309	0	0	0.08740585768020867	0	0	0.10185725707639487	0.09140807780941963	0.09329421502134745	0.05992578949669463	0	0.030221992962519297	0.008818567965315416	0	0	0	0.0791154070407993	0.21948118981824424	
0	0.2484113059547509	0.26003766481444524	0.08059843815778765	0	0	0.11456302127911878	0.3806248117982755	0	0.05145046167811882	0	0.19817664262747373	0	0	0	0.07039575438747439	0.16231736517855988	0	0.019947219230343365	0	0	0.06589112155236719	0	0	0.029916455540022046	0.9999999999999999	0.26003766481444524	
0.02724126070549288	0	0.029188712412330408	0	0.1810672907799537	0.03443519200051018	0	0	0	0.06481154527993525	0.08935676853104317	0.043252575394874336	0	0	0.08020729075719989	0	0	0.03611941241344899	0	0	0.033971723821696234	0	0	0.10363856731665695	0	0	
0.04071648284593418	0.054117155142387546	0.0751066151579107	0	0.24998211361612166	0.1019682086082282	0	0.006546938584321152	0	0.27091378616172473	0	0	0	0.04726664745158296	0.03391466426065162	0	0.03130881377486562	0.05169845235547413	0	0.05050985898424794	0	0.05169845235547413	0	0.2484113059547509	0.04071648284593418	
0.012421966681352018	0	0	0.1469021612693166	0.017582551826418342	0	0.03964815791185512	0	0	0	0	0	0.10849511919795864	0.4914023304481067	0	0.015371494679578225	0	0	0.05077625170093544	0	0	0.023053871913422168	0.26003766481444524	1.0	
0	0	0.08107877466145161	0.010925781844105134	0	0.007014972970043464	0	0.03553554458253656	0	0	0	0.6989182473906942	0.010346837447850013	0	0.19935748306481213	0	0.030788509114774005	0.03155231700282737	0	0	0.06824738450976557	0.08059843815778765	0.012421966681352018	
0	0	0.051315138235953336	0	0.07313595698512383	0	0.09262067263586482	0	0	0.17191832694849993	0	0	0.05930858813715963	0	0.03893585906273206	0	0	0	0.03893585906273206	0.026783633267337743	0	0	
0	0	0	0.07830525654948815	0	0	0	0	0.09203481606181292	0	0	0	0	0	0	0	0	0	0.08886680374902586	0	0	
0.012889619461203577	0	0.02906572793680904	0	0	0	0	0	0.0708152867172333	0.09169737689071406	0	0.10033048592910705	0.06535109194234223	0.036322541666100654	0.06384861225202251	0	0.06535109194234223	0.016900597763338035	0.11456302127911878	0.1469021612693166	
0	0.00992927520823848	0	0.08402393661217626	0	0	0	0.009542724062258229	0.25933002670332134	0	0.013520048941929307	0.06326242883764617	0	0.0127161362276209	0	0.06326242883764617	0.04351766557554603	0.3806248117982755	0.017582551826418342	
0	0	0	0	0	0	0	0	0.07690157122139767	0	0	0	0	0	0	0	0	0	
0	0	0	0	0.17934602437076774	0.006126971260499999	0.009403134532659634	0	0.00868063990610155	0	0	0.008164482248771938	0	0	0.013019056682085604	0.05145046167811882	0.03964815791185512	
0.04955396455379863	0	0	0	0	0	0.056831493236145406	0.09542521468606255	0	0	0.08975115657567911	0	0	0.03180914040439581	0	0	
0	0	0	0.031037220145136067	0	0	0	0	0	0	0	0	0.043855797358483974	0.19817664262747373	0	
0	0	0.025096654798580857	0	0	0	0	0.0658773689919272	0	0	0	0.02122811973769139	0	0	
0	0	0	0	0	0	0	0	0	0	0	0	0	
0	0	0.07271908327942177	0	0	0	0	0	0	0	0	0	
0.009037066279622372	0	0.17412149334285335	0	0.026891095846759028	0.02755821587681912	0	0	0.0864612452432416	0.07039575438747439	0.10849511919795864	
0	0.01280363736757153	0	0	0.04229391657839438	0	0	0	0.16231736517855988	0.4914023304481067	
0.08424572635518543	0	0	0	0	0	0	0	0	
0	0.03809907208657749	0.03904424197703112	0	0	0	0.019947219230343365	0.015371494679578225	
0	0	0	1.0	0.03301945102042826	0	0	
0	0	0	0.14097570986241326	0	0	
0	0	0	0.06589112155236719	0.05077625170093544	
0	0	0	0	
0.03301945102042826	0	0	
0.029916455540022046	0.023053871913422168	
0.26003766481444524	

0	0	0	0	0	0	0	0	0	0	0	0	0	0	0	0	0	0	0	0	0	0	0	0	0	0	0	0	0	0	0	0	0	
0	0	0	0	0	0	0	0	0	0	0	0	0	0	0	0	0	0	0	0	0	0	0	0	0	0	0	0	0	0	0	0	
0	0	0	0	0	0	0	0	0	0	0	0	0	0	0	0	0	0	0	0	0	0	0	0	0	0	0	0	0	0	0	
0	0	0	0	0	0	0	0	0	0	0	0	0	0	0	0	0	0	0	0	0	0	0	0	0	0	0	0	0	0	
0	0	0	0	0	0	0	0	0	0	0	0	0	0	0	0	0	0	0	0	0	0	0	0	0	0	0	0	0	
0	0	0	0	0	0	0	0	0	0	0	0	0	0	0	0	0	0	0	0	0	0	0	0	0	0	0	0	
0	0	0	0	0	0	0	0	0	0	0	0	0	0	0	0	0	0	0	0	0	0	0	0	0	0	0	
0	0	0	0	0	0	0	0	0	0	0	0	0	0	0	0	0	0	0	0	0	0	0	0	0	0	
0	0	0	0	0	0	0	0	0	0	0	0	0	0	0	0	0	0	0	0	0	0	0	0	0	
0	0	0	0	0	0	0	0	0	0	0	0	0	0	0	0	0	0	0	0	0	0	0	0	
0	0	0	0	0	0	0	0	0	0	0	0	0	0	0	0	0	0	0	0	0	0	0	
0	0	0	0	0	0	0	0	0	0	0	0	0	0	0	0	0	0	0	0	0	0	
0	0	0	0	0	0	0	0	0	0	0	0	0	0	0	0	0	0	0	0	0	
0	0	0	0	0	0	0	0	0	0	0	0	0	0	0	0	0	0	0	0	
0	0	0	0	0	0	0	0	0	0	0	0	0	0	0	0	0	0	0	
0	0	0	0	0	0	0	0	0	0	0	0	0	0	0	0	0	0	
0	0	0	0	0	0	0	0	0	0	0	0	0	0	0	0	0	
0	0	0	0	0	0	0	0	0	0	0	0	0	0	0	0	
0	0	0	0	0	0	0	0	0	0	0	0	0	0	0	
0	0	0	0	0	0	0	0	0	0	0	0	0	0	
0	0	0	0	0	0	0	0	0	0	0	0	0	
0	0	0	0	0	0	0	0	0	0	0	0	
0	0	0	0	0	0	0	0	0	0	0	
0	0	0	0	0	0	0	0	0	0	
0	0	0	0	0	0	0	0	0	
0	0	0	0	0	0	0	0	
0	0	0	0	0	0	0	
0	0	0	0	0	0	
0	0	0	0	0	
0	0	0	0	
0	0	0	
0	0	
0	

