27
0	0	0	0	1.0	0	0	0	0	0	1.0	1.0	0	1.0	0	0	0	0	0	0	1.0	1.0	0	0	0	0	
0	0	0	0	0	0	0	0	0	0	0	0	0	0	0	0	0	0	0	0	0	0	0	0	0	
0	0	0	0	0	0	0	0	0	0	0	0	0	0	0	0	0	0	0	0	0	0	0	0	
0	0	0	0	0	0	0	0	0	0	0	0	0	0	0	0	0	0	0	0	0	0	0	
0	0	0	0	0	0	0	0	0	0	0	0	0	0	0	0	0	0	0	0	0	0	
0	0	0	0	0	1.0	1.0	0	1.0	0	0	0	0	1.0	0	1.0	0	0	0	0	0	
0	0	0	0	0	0	0	0	0	0	0	0	0	0	0	0	0	0	0	0	
0	0	0	0	0	0	0	0	0	0	0	0	0	0	0	0	0	0	0	
0	0	0	0	0	0	0	0	0	0	0	0	0	0	0	0	0	0	
0	0	0	0	0	0	0	0	0	0	0	0	0	0	0	0	0	
0	0	0	0	0	0	0	0	0	0	0	0	0	0	0	0	
1.0	0	1.0	0	0	0	0	1.0	0	1.0	1.0	0	0	0	0	
0	1.0	0	0	0	0	1.0	0	1.0	1.0	0	0	0	0	
0	0	0	0	0	0	0	0	0	0	0	0	0	
0	0	0	0	1.0	0	1.0	1.0	0	0	0	0	
0	0	0	0	0	0	0	0	0	0	0	
0	0	0	0	0	0	0	0	0	0	
0	0	0	0	0	0	0	0	0	
0	0	0	0	0	0	0	0	
0	1.0	0	0	0	0	0	
0	0	0	0	0	0	
1.0	0	0	0	0	
0	0	0	0	
0	0	0	
0	0	
0	

1.0	2.0	1.0	1.0	1.0	1.0	1.0	1.0	1.0	1.0	1.0	1.0	1.0	2.0	1.0	0	1.0	0	1.0	1.0	1.0	2.0	0	0	0	0	
1.0	1.0	1.0	1.0	1.0	1.0	1.0	1.0	1.0	1.0	1.0	1.0	1.0	1.0	0	1.0	0	1.0	1.0	1.0	1.0	0	0	0	0	
2.0	1.0	1.0	1.0	1.0	1.0	1.0	1.0	1.0	1.0	1.0	3.0	2.0	0	1.0	0	1.0	1.0	1.0	2.0	0	0	0	0	
1.0	1.0	1.0	1.0	1.0	1.0	1.0	1.0	1.0	1.0	1.0	2.0	0	1.0	0	1.0	1.0	1.0	1.0	0	0	0	0	
1.0	1.0	1.0	1.0	1.0	1.0	1.0	1.0	1.0	1.0	1.0	0	1.0	0	1.0	2.0	1.0	1.0	0	0	0	0	
1.0	1.0	1.0	1.0	1.0	1.0	1.0	1.0	1.0	1.0	0	1.0	0	1.0	1.0	1.0	1.0	0	0	0	0	
2.0	1.0	3.0	1.0	1.0	1.0	1.0	1.0	1.0	0	3.0	0	1.0	2.0	1.0	1.0	0	0	0	0	
1.0	3.0	1.0	1.0	1.0	1.0	1.0	1.0	0	2.0	0	1.0	2.0	1.0	1.0	0	0	0	0	
1.0	1.0	1.0	1.0	1.0	1.0	1.0	0	1.0	0	1.0	1.0	1.0	1.0	0	0	0	0	
1.0	1.0	1.0	1.0	1.0	1.0	0	3.0	0	1.0	2.0	1.0	1.0	0	0	0	0	
1.0	1.0	1.0	1.0	1.0	0	1.0	0	1.0	1.0	1.0	1.0	0	0	0	0	
2.0	2.0	1.0	1.0	0	1.0	0	2.0	1.0	1.0	1.0	0	0	0	0	
2.0	1.0	1.0	0	1.0	0	2.0	1.0	1.0	1.0	0	0	0	0	
1.0	1.0	0	1.0	0	2.0	1.0	1.0	1.0	0	0	0	0	
1.0	0	1.0	0	1.0	1.0	1.0	2.0	0	0	0	0	
0	1.0	0	1.0	1.0	1.0	1.0	0	0	0	0	
0	0	0	0	0	0	0	0	0	0	
0	1.0	2.0	1.0	1.0	0	0	0	0	
0	0	0	0	0	0	0	0	
1.0	1.0	1.0	0	0	0	0	
1.0	1.0	0	0	0	0	
0	0	0	0	0	
0	0	0	0	
0	0	0	
0	0	
0	

0	0	0	0	0	1.0	0	0	0	0	0	0	0	0	0	0	0	0	0	0	0	0	0	0	0	0	
0	0	0	0	1.0	0	0	0	0	0	0	0	0	0	0	0	0	0	0	0	0	0	0	0	0	
0	0	0	1.0	0	0	0	0	0	0	0	0	0	0	0	0	0	0	0	0	0	0	0	0	
0	0	1.0	0	0	0	0	0	0	0	0	0	0	0	0	0	0	0	0	0	0	0	0	
0	1.0	0	0	0	0	0	0	0	0	0	0	0	0	0	0	0	0	0	0	0	0	
1.0	0	0	0	0	0	0	0	0	0	0	0	0	0	0	0	0	0	0	0	0	
0	0	1.0	0	0	0	0	0	0	0	0	0	0	0	0	0	0	0	0	0	
0	0	0	0	0	0	0	0	0	0	0	0	0	0	0	0	0	0	0	
0	0	0	0	0	0	0	0	0	0	0	0	0	0	0	0	0	0	
0	0	0	0	0	0	0	0	0	0	0	0	0	0	0	0	0	
0	0	0	0	0	0	0	0	0	0	0	0	0	0	0	0	
0	0	0	0	0	0	0	0	0	0	0	0	0	0	0	
0	0	0	0	0	0	0	0	0	0	0	0	0	0	
0	0	0	0	0	0	0	0	0	0	0	0	0	
0	0	0	0	0	0	0	0	0	0	0	0	
0	0	0	0	0	0	0	0	0	0	0	
0	0	0	0	0	0	0	0	0	0	
0	0	0	0	0	0	0	0	0	
0	0	0	0	0	0	0	0	
0	0	0	0	0	0	0	
0	0	0	0	0	0	
0	0	0	0	0	
0	0	0	0	
0	0	0	
0	0	
0	

0	0	0	0	0	0	0	0	0	0	0	0	0	0	0	0	0	0	0	0	0	0	0	0	0	0	
1.0	1.0	0	0	0	0	0	0	0	0	0	0	0	0	0	0	0	0	0	0	0	0	0	0	0	
1.0	0	0	0	0	0	0	0	0	0	0	0	0	0	0	0	0	0	0	0	0	0	0	0	
0	0	0	0	0	0	0	0	0	0	0	0	0	0	0	0	0	0	0	0	0	0	0	
1.0	1.0	1.0	0	0	0	0	0	0	0	0	0	0	0	0	0	0	0	0	0	0	0	
1.0	1.0	0	0	0	0	0	0	0	0	0	0	0	0	0	0	0	0	0	0	0	
1.0	0	0	0	0	0	0	0	0	0	0	0	0	0	0	0	0	0	0	0	
0	0	0	0	0	0	0	0	0	0	0	0	0	0	0	0	0	0	0	
0	0	0	0	0	0	1.0	0	0	0	0	0	0	0	0	0	0	0	
0	0	0	0	0	0	0	0	0	0	0	0	0	0	0	0	0	
1.0	1.0	1.0	1.0	0	0	0	0	0	0	0	0	0	0	0	0	
1.0	1.0	1.0	0	0	0	0	0	0	1.0	0	0	0	0	0	
1.0	1.0	0	0	0	0	0	0	1.0	0	0	0	0	0	
1.0	0	0	0	0	0	0	1.0	0	0	0	0	0	
0	0	0	0	0	0	1.0	0	0	0	0	0	
0	0	0	0	0	0	0	0	0	0	0	
0	0	0	0	0	0	0	0	0	0	
0	0	0	0	0	0	0	0	0	
0	0	0	0	0	0	0	0	
0	0	0	0	0	0	0	
0	0	0	0	0	0	
0	0	0	0	0	
0	0	0	0	
0	0	0	
0	0	
0	

0	0	0	0	0	0	0	0	0	0	0	0	0	0	0	0	0	0	0	0	0	0	0	0	0	0	
0	0	0	0	0	0	0	0	0	0	0	0	0	0	0	0	0	0	0	0	0	0	0	0	0	
0	0	0	0	0	0	0	0	0	0	0	0	0	0	0	0	0	0	0	0	0	0	0	0	
0	0	0	0	0	0	0	0	0	0	0	0	0	0	0	0	0	0	0	0	0	0	0	
0	0	0	0	0	0	0	0	0	0	0	0	0	0	0	0	0	0	0	0	0	0	
0	0	0	0	0	0	0	0	0	0	0	0	0	0	0	0	0	0	0	0	0	
0	0	0	0	0	0	0	0	0	0	0	0	0	0	0	0	0	0	0	0	
0	0	0	0	0	0	0	0	0	0	0	0	0	0	0	0	0	0	0	
0	0	0	0	0	0	0	0	0	0	0	0	0	0	0	0	0	0	
0	0	0	0	0	0	0	0	0	0	0	0	0	0	0	0	0	
0	0	0	0	0	0	0	0	0	0	0	0	0	0	0	0	
0	0	0	0	0	0	0	0	0	0	0	0	0	0	0	
0	0	0	0	0	0	0	0	0	0	0	0	0	0	
0	0	0	0	0	0	0	0	0	0	0	0	0	
0	0	0	0	0	0	0	0	0	0	0	0	
0	0	0	0	0	0	0	0	0	0	0	
0	0	0	0	0	0	0	0	0	0	
0	0	0	0	0	0	0	0	0	
0	0	0	0	0	0	0	0	
0	0	0	0	0	0	0	
0	0	0	0	0	0	
0	0	0	0	0	
0	0	0	0	
0	0	0	
0	0	
0	

0	0	0	0	0	0	0	0	0	0	0	0	0	0	0	0	0	0	0	0	0	0	0	0	0	0	
0	0	0	0	0	0	0	0	0	0	0	0	0	0	0	0	0	0	0	0	0	0	0	0	0	
0	0	0	0	0	0	0	0	0	0	0	0	0	0	0	0	0	0	0	0	0	0	0	0	
0	0	0	0	0	0	0	0	0	0	0	0	0	0	0	0	0	0	0	0	0	0	0	
0	0	0	0	0	0	0	0	0	0	0	0	0	0	0	0	0	0	0	0	0	0	
0	0	0	0	0	0	0	0	0	0	0	0	0	0	0	0	0	0	0	0	0	
0	0	0	0	0	0	0	0	0	0	0	0	0	0	0	0	0	0	0	0	
0	0	0	0	0	0	0	0	0	0	0	0	0	0	0	0	0	0	0	
0	0	0	0	0	0	0	0	0	0	0	0	0	0	0	0	0	0	
0	0	0	0	0	0	0	0	0	0	0	0	0	0	0	0	0	
0	0	0	0	0	0	0	0	0	0	0	0	0	0	0	0	
0	0	0	0	0	0	0	0	0	0	0	0	0	0	0	
0	0	0	0	0	0	0	0	0	0	0	0	0	0	
0	0	0	0	0	0	0	0	0	0	0	0	0	
0	0	0	0	0	0	0	0	0	0	0	0	
0	0	0	0	0	0	0	0	0	0	0	
0	0	0	0	0	0	0	0	0	0	
0	0	0	0	0	0	0	0	0	
0	0	0	0	0	0	0	0	
0	0	0	0	0	0	0	
0	0	0	0	0	0	
0	0	0	0	0	
0	0	0	0	
0	0	0	
0	0	
0	

0	0	0	0	0	0	0	0	0	0	0.11542819186078104	0	0.10075952858658886	0	0	0	0	0	0	0	0	0	0	0	0	0	
0	0	0.013400932734432082	0.0727028978647128	0.0577900264601995	0.08364207675836742	0	0.1750636947851827	0	0.05369682499761815	0	0	0	0	0	0.05704797902545945	0	0.011834816271814309	0.016638349299641857	0	0	0	0	0	0	
0.20653231389136664	0	0	0	0	0	0	0	0	0	0	0.21116728147160077	0	0.12805846450834538	0	0	0	0	0.26255953042366537	0	0	0	0	0	
0	0	0.14033761815958953	0	0	0	0	0	0	0	0	0.14457734754210017	0	0	0	0	0	0.19271924312613278	0	0	0	0	0	
0.24216486596916012	0.013400932734432082	0.019395766243143146	0	0.10612221395204914	0	0.012451759999473927	0	0	0	0	0	0.013228859309867069	0	0.013721881308721444	0.5412632051821603	0	0.2852317026678353	0	0	0	0	
0.0727028978647128	0.10522613911492339	0	0.11514709662424107	0	0.06755343478082418	0	0	0	0	0	0.07176936309819332	0	0.014888822368855284	0.5872935011930478	0	0.10149608297984165	0	0	0	0	
0.08364207675836742	0	0.01191456252666849	0	0.05369682499761815	0	0	0	0	0	0.05704797902545945	0	0.011834816271814309	0.016638349299641857	0	0	0	0	0	0	
0	0.017244476502953545	0.21835897610515567	0.07771780414782484	0	0	0	0	0	0.08256807848744394	0	0.01712905619986198	0.02408142329215969	0	0	0	0	0	0	
0	0	0	0.06391855770798113	0	0	0	0	0.08219973102534925	0	0	0	0	0	0	0	0	0	
0	0.011070667693123745	0.09190095319520615	0	0	0	0.15552290036867858	0.2910011013170428	0	0.012199912952045262	0.131759370722664	0	0	0	0	0	0	
0	0	0.12236834417746442	0	0	0	0	0	0	0	0	0	0	0	0	0	
0	0	0	0	0	0.053007335933780986	0	0.1615753940052813	0.015459874052963483	0	0	0	0	0	0	
0	0	0	0	0.2959400327788303	0	0	0	0	0	0	0	0	0	
0	0	0	0	0	0	0	0	0.13409684955095164	0	0	0	0	
0	0	0.14164462207670261	0	0	0	0.08339696617159724	0	0	0	0	0	
0	0	0	0	0	0	0	0	0	0	0	
0	0	0	0	0	0	0	0	0	0	
0	0.01168285241934631	0.016424706130182314	0	0	0	0	0	0	
0	0	0	0	0	0	0	0	
0.017036833091186296	0	0	0	0	0	0	
0	0.11613892504714612	0	0	0	0	
0	0	0	0	0	
0	0	0	0	
0	0	0	
0	0.23243903327099033	
0	

0	0	0	0	0	0	0	0	0	0	0	0	0	0	0	0	0	0	0	0	0	0	0	0	0	0	
0	0	0	0	0	0	0	0	0	0	0	0	0	0	0	0	0	0	0	0	0	0	0	0	0	
0	0	0	0	0	0	0	0	0	0	0	0	0	0	0	0	0	0	0	0	0	0	0	0	
0	0	0	0	0	0	0	0	0	0	0	0	0	0	0	0	0	0	0	0	0	0	0	
0	0	0	0	0	0	0	0	0	0	0	0	0	0	0	0	0	0	0	0	0	0	
0	0	0	0	0	0	0	0	0	0	0	0	0	0	0	0	0	0	0	0	0	
0	0	0	0	0	0	0	0	0	0	0	0	0	0	0	0	0	0	0	0	
0	0	0	0	0	0	0	0	0	0	0	0	0	0	0	0	0	0	0	
0	0	0	0	0	0	0	0	0	0	0	0	0	0	0	0	0	0	
0	0	0	0	0	0	0	0	0	0	0	0	0	0	0	0	0	
0	0	0	0	0	0	0	0	0	0	0	0	0	0	0	0	
0	0	0	0	0	0	0	0	0	0	0	0	0	0	0	
0	0	0	0	0	0	0	0	0	0	0	0	0	0	
0	0	0	0	0	0	0	0	0	0	0	0	0	
0	0	0	0	0	0	0	0	0	0	0	0	
0	0	0	0	0	0	0	0	0	0	0	
0	0	0	0	0	0	0	0	0	0	
0	0	0	0	0	0	0	0	0	
0	0	0	0	0	0	0	0	
0	0	0	0	0	0	0	
0	0	0	0	0	0	
0	0	0	0	0	
0	0	0	0	
0	0	0	
0	0	
0	

