0 1 0.0
0 2 0.0
0 3 0.0
0 4 0.13842446217602802
0 5 0.0
0 6 0.0
0 7 0.0
0 8 0.0
0 9 0.0
0 10 0.0
0 11 0.1426289782991894
0 12 0.0
0 13 0.07860538705593517
0 14 0.0
0 15 0.0
0 16 0.12647308313620312
0 17 0.0
0 18 0.0
0 19 0.16855436503991947
0 20 0.0
0 21 0.0
0 22 0.0
0 23 0.0
0 24 0.0
0 25 0.06270735470779597
0 26 0.0
0 27 0.0
0 28 0.0
0 29 0.0
0 30 0.11495081561343656
0 31 0.0
0 32 0.0
0 33 0.0
0 34 0.0
0 35 0.0
0 36 0.0
0 37 0.0
0 38 0.0
0 39 0.0
0 40 0.0
0 41 0.0
0 42 0.0
0 43 0.0
0 44 0.0
0 45 0.28298418539388853
0 46 0.0
0 47 0.0
0 48 0.0
0 49 0.0
0 50 0.0
0 51 0.0
0 52 0.0
0 53 0.0
0 54 0.0
0 55 0.0
0 56 0.5274282538288569
0 57 0.0
0 58 0.0
0 59 0.0
0 60 0.0
0 61 0.09064996492944383
0 62 0.0
0 63 0.0
0 64 0.0
0 65 0.0
0 66 0.1271773123187394
0 67 0.31786392488777643
0 68 0.0
0 69 0.0
0 70 0.0
0 71 0.0
0 72 0.0
0 73 0.0
0 74 0.0
0 75 0.0
0 76 0.0
0 77 0.0
0 78 0.1271773123187394
0 79 0.0
0 80 0.0
0 81 0.09064996492944383
0 82 0.0
1 2 0.0
1 3 0.0
1 4 0.0
1 5 0.0
1 6 0.0
1 7 0.0
1 8 0.0
1 9 0.0
1 10 0.0
1 11 0.0
1 12 0.0
1 13 0.0
1 14 0.092018955388973
1 15 0.0
1 16 0.0
1 17 0.08393232185715546
1 18 0.0
1 19 0.0
1 20 0.0
1 21 0.0
1 22 0.0
1 23 0.0
1 24 0.07670751956485736
1 25 0.0
1 26 0.0
1 27 0.08070135588479617
1 28 0.0
1 29 0.0
1 30 0.0
1 31 0.0
1 32 0.062372994221700076
1 33 0.0
1 34 0.0
1 35 0.0
1 36 0.0
1 37 0.0
1 38 0.0
1 39 0.0
1 40 0.0
1 41 0.08396492212746912
1 42 0.0
1 43 0.06720008524004548
1 44 0.0
1 45 0.0
1 46 0.0
1 47 0.0
1 48 0.21019015729335927
1 49 0.13902481515906565
1 50 0.0899133152057994
1 51 0.05432797449870265
1 52 0.0
1 53 0.0
1 54 0.34698082543935616
1 55 0.11402258713042814
1 56 0.0
1 57 0.0
1 58 0.0
1 59 0.0
1 60 0.07527935994473273
1 61 0.0
1 62 0.0
1 63 0.0
1 64 0.0
1 65 0.0
1 66 0.0
1 67 0.0
1 68 0.0
1 69 0.05927530734857927
1 70 0.0
1 71 0.0
1 72 0.0
1 73 0.06949138955922085
1 74 0.0
1 75 0.07160599545548274
1 76 0.0
1 77 0.0
1 78 0.0
1 79 0.0
1 80 0.0
1 81 0.0
1 82 0.0
2 3 0.0
2 4 0.0
2 5 0.11780387456976833
2 6 0.0
2 7 0.0
2 8 0.0
2 9 0.10019786824514954
2 10 0.0
2 11 0.0
2 12 0.0
2 13 0.0
2 14 0.06493519866279569
2 15 0.0
2 16 0.060769376965986145
2 17 0.0
2 18 0.0
2 19 0.0
2 20 0.0
2 21 0.0
2 22 0.0
2 23 0.0
2 24 0.0
2 25 0.050764114339093
2 26 0.0
2 27 0.0
2 28 0.0
2 29 0.0
2 30 0.0
2 31 0.0444297412267943
2 32 0.0
2 33 0.049723610448109495
2 34 0.0
2 35 0.0
2 36 0.03231263360879584
2 37 0.0
2 38 0.0
2 39 0.06438965597108198
2 40 0.0
2 41 0.07180346059118137
2 42 0.0
2 43 0.05746683912756314
2 44 0.0
2 45 0.0
2 46 0.0
2 47 0.0
2 48 0.08126555800631027
2 49 0.0
2 50 0.0
2 51 0.0
2 52 0.0
2 53 0.06758539647550765
2 54 0.06061677718608659
2 55 0.0
2 56 0.0
2 57 0.0
2 58 0.04797800069690795
2 59 0.0
2 60 0.0
2 61 0.0
2 62 0.0
2 63 0.0
2 64 0.0
2 65 0.0
2 66 0.0
2 67 0.0
2 68 0.0
2 69 0.0
2 70 0.0
2 71 0.0
2 72 0.0
2 73 0.0
2 74 0.0
2 75 0.0
2 76 0.045639604314502605
2 77 0.0
2 78 0.0
2 79 0.0
2 80 0.0
2 81 0.0
2 82 0.0
3 4 0.0926272036583183
3 5 0.0
3 6 0.2884960275772647
3 7 0.0
3 8 0.0
3 9 0.0
3 10 0.0
3 11 0.3022778906472767
3 12 0.0
3 13 0.0
3 14 0.0
3 15 0.0
3 16 0.0
3 17 0.0
3 18 0.0
3 19 0.35722234381277557
3 20 0.27916535928201536
3 21 0.0
3 22 0.0
3 23 0.0
3 24 0.0
3 25 0.0
3 26 0.0
3 27 0.0
3 28 0.0
3 29 0.0
3 30 0.0
3 31 0.0
3 32 0.0
3 33 0.0
3 34 0.0
3 35 0.4687545555176143
3 36 0.0
3 37 0.0
3 38 0.0
3 39 0.0
3 40 0.0
3 41 0.0
3 42 0.09054101030480904
3 43 0.0
3 44 0.0
3 45 0.1504270717653533
3 46 0.0
3 47 0.09570380084635624
3 48 0.0
3 49 0.0
3 50 0.0
3 51 0.0
3 52 0.0
3 53 0.0
3 54 0.0
3 55 0.14800053025280888
3 56 0.0
3 57 0.0
3 58 0.0
3 59 0.0
3 60 0.0
3 61 0.1314584666974289
3 62 0.0
3 63 0.0
3 64 0.0
3 65 0.0
3 66 0.08510113475380704
3 67 0.25894487108934033
3 68 0.231096259248706
3 69 0.0
3 70 0.0
3 71 0.0
3 72 0.0
3 73 0.0
3 74 0.0
3 75 0.11263318851022566
3 76 0.0
3 77 0.27916535928201536
3 78 0.08510113475380704
3 79 0.0
3 80 0.3394900457355855
3 81 0.1314584666974289
3 82 0.0
4 5 0.0
4 6 0.12673966413420862
4 7 0.04164150067329211
4 8 0.0
4 9 0.0
4 10 0.0
4 11 0.476061494468161
4 12 0.0
4 13 0.0
4 14 0.0
4 15 0.0
4 16 0.3317859422362971
4 17 0.12639080853001664
4 18 0.0
4 19 0.3186208397915752
4 20 0.0
4 21 0.0
4 22 0.0
4 23 0.0
4 24 0.0
4 25 0.0
4 26 0.05278219222221682
4 27 0.0
4 28 0.0
4 29 0.0
4 30 0.30155874849719333
4 31 0.0
4 32 0.0
4 33 0.0
4 34 0.0
4 35 0.16410972364746162
4 36 0.03692051167100289
4 37 0.0
4 38 0.0
4 39 0.0
4 40 0.0
4 41 0.0
4 42 0.0
4 43 0.0
4 44 0.0
4 45 0.27212281486703155
4 46 0.0
4 47 0.0
4 48 0.0
4 49 0.0
4 50 0.0
4 51 0.0
4 52 0.0
4 53 0.0
4 54 0.0
4 55 0.0
4 56 0.0
4 57 0.0
4 58 0.0
4 59 0.0
4 60 0.0
4 61 0.4220177691023756
4 62 0.0
4 63 0.057816608112297656
4 64 0.0
4 65 0.051398438366790436
4 66 0.424487520606794
4 67 0.23096324660321016
4 68 0.10152327755018682
4 69 0.0
4 70 0.0
4 71 0.0
4 72 0.0
4 73 0.0
4 74 0.05433406093990334
4 75 0.0
4 76 0.0
4 77 0.0
4 78 0.424487520606794
4 79 0.0
4 80 0.1197701603068536
4 81 0.4220177691023756
4 82 0.0
5 6 0.0
5 7 0.0
5 8 0.0
5 9 0.04062977637214264
5 10 0.0
5 11 0.0
5 12 0.0
5 13 0.0
5 14 0.044114668799729924
5 15 0.0
5 16 0.04128455742380563
5 17 0.0
5 18 0.0
5 19 0.0
5 20 0.0
5 21 0.0
5 22 0.0
5 23 0.0
5 24 0.0
5 25 0.0
5 26 0.0
5 27 0.0
5 28 0.0
5 29 0.0
5 30 0.0
5 31 0.0
5 32 0.0
5 33 0.0
5 34 0.3591579267736225
5 35 0.0
5 36 0.0
5 37 0.0
5 38 0.0
5 39 0.043744046461511796
5 40 0.0
5 41 0.04878072213351492
5 42 0.0
5 43 0.03904093045506149
5 44 0.0
5 45 0.0
5 46 0.0
5 47 0.0
5 48 0.05520893521694312
5 49 0.0
5 50 0.0
5 51 0.0
5 52 0.0
5 53 0.04591511911279782
5 54 0.04118088655056877
5 55 0.0
5 56 0.0
5 57 0.0
5 58 0.0
5 59 0.0
5 60 0.0
5 61 0.0
5 62 0.0
5 63 0.0
5 64 0.0
5 65 0.0
5 66 0.0
5 67 0.0
5 68 0.0
5 69 0.0
5 70 0.0
5 71 0.0
5 72 0.0
5 73 0.0
5 74 0.0
5 75 0.0
5 76 0.0
5 77 0.0
5 78 0.0
5 79 0.0
5 80 0.0
5 81 0.0
5 82 0.0
6 7 0.0
6 8 0.0
6 9 0.0
6 10 0.0
6 11 0.0
6 12 0.0
6 13 0.0
6 14 0.0
6 15 0.23277266916276174
6 16 0.1543688593962246
6 17 0.40999641510512835
6 18 0.0
6 19 0.0
6 20 0.4987784198663129
6 21 0.0
6 22 0.0
6 23 0.0
6 24 0.0
6 25 0.0
6 26 0.0
6 27 0.0
6 28 0.0
6 29 0.0
6 30 0.0
6 31 0.0
6 32 0.0
6 33 0.0
6 34 0.0
6 35 0.34742521543405597
6 36 0.0
6 37 0.0
6 38 0.0
6 39 0.0
6 40 0.0
6 41 0.0
6 42 0.08631460277167678
6 43 0.0
6 44 0.0
6 45 0.0
6 46 0.0
6 47 0.0912363969209447
6 48 0.0
6 49 0.0
6 50 0.0
6 51 0.0
6 52 0.0
6 53 0.0
6 54 0.0
6 55 0.14109194204662207
6 56 0.0
6 57 0.0
6 58 0.0
6 59 0.0
6 60 0.0
6 61 0.0
6 62 0.0
6 63 0.0
6 64 0.0
6 65 0.0
6 66 0.0
6 67 0.0
6 68 0.5035501824942237
6 69 0.0
6 70 0.0
6 71 0.0
6 72 0.12274761932102311
6 73 0.0
6 74 0.0
6 75 0.10737552952456003
6 76 0.0
6 77 0.4987784198663129
6 78 0.0
6 79 0.0
6 80 0.0
6 81 0.0
6 82 0.0
7 8 0.0
7 9 0.0
7 10 0.0
7 11 0.15419769653245236
7 12 0.42602503511254497
7 13 0.0
7 14 0.0
7 15 0.0
7 16 0.0
7 17 0.0
7 18 0.0
7 19 0.0
7 20 0.0
7 21 0.0
7 22 0.0
7 23 0.0
7 24 0.0
7 25 0.0
7 26 0.6163748941127826
7 27 0.0
7 28 0.0
7 29 0.0
7 30 0.0
7 31 0.0
7 32 0.06224834413880273
7 33 0.0
7 34 0.0
7 35 0.0
7 36 0.029953125595007287
7 37 0.30511477842234896
7 38 0.4212348584909123
7 39 0.0
7 40 0.0890488026945305
7 41 0.0
7 42 0.0
7 43 0.0
7 44 0.08809564929871361
7 45 0.0
7 46 0.0
7 47 0.0
7 48 0.0
7 49 0.0
7 50 0.0
7 51 0.0
7 52 0.0
7 53 0.0
7 54 0.0
7 55 0.0
7 56 0.0
7 57 0.10514460788047375
7 58 0.0
7 59 0.0
7 60 0.07238287747039444
7 61 0.0
7 62 0.0
7 63 0.07076334075872417
7 64 0.0
7 65 0.0416988771311331
7 66 0.0
7 67 0.0
7 68 0.0
7 69 0.0
7 70 0.0
7 71 0.0
7 72 0.0
7 73 0.0
7 74 0.0
7 75 0.0
7 76 0.0
7 77 0.0
7 78 0.0
7 79 0.0
7 80 0.0
7 81 0.0
7 82 0.0
8 9 0.0
8 10 0.0
8 11 0.0
8 12 0.0
8 13 0.0
8 14 0.0
8 15 0.11230720027498724
8 16 0.0
8 17 0.0
8 18 0.0
8 19 0.0
8 20 0.0
8 21 0.09207681877994138
8 22 0.0
8 23 0.0
8 24 0.0
8 25 0.0
8 26 0.0
8 27 0.0
8 28 0.0
8 29 0.0
8 30 0.0
8 31 0.0
8 32 0.0
8 33 0.0
8 34 0.0
8 35 0.0
8 36 0.0
8 37 0.0
8 38 0.0
8 39 0.0
8 40 0.0
8 41 0.0
8 42 0.0
8 43 0.0
8 44 0.0
8 45 0.0
8 46 0.30690015074329974
8 47 0.0
8 48 0.0
8 49 0.0
8 50 0.0
8 51 0.0
8 52 0.0
8 53 0.0
8 54 0.0
8 55 0.0
8 56 0.0
8 57 0.0
8 58 0.0
8 59 0.0
8 60 0.0
8 61 0.0
8 62 0.0
8 63 0.3379334459626173
8 64 0.0
8 65 0.0
8 66 0.0
8 67 0.0
8 68 0.0
8 69 0.27614654878802075
8 70 0.0
8 71 0.32630897421652943
8 72 0.0
8 73 0.0
8 74 0.0
8 75 0.0
8 76 0.0
8 77 0.0
8 78 0.0
8 79 0.0
8 80 0.0
8 81 0.0
8 82 0.0
9 10 0.0
9 11 0.0
9 12 0.06108709609683988
9 13 0.0
9 14 0.058680811804221585
9 15 0.0
9 16 0.054916231052419204
9 17 0.0
9 18 0.0
9 19 0.0
9 20 0.0
9 21 0.0
9 22 0.0
9 23 0.03766719262557425
9 24 0.0
9 25 0.0
9 26 0.0
9 27 0.0
9 28 0.0
9 29 0.0
9 30 0.038325974633293174
9 31 0.08579727638382875
9 32 0.0
9 33 0.09602014845509595
9 34 0.0
9 35 0.0
9 36 0.029200366068686465
9 37 0.0
9 38 0.0
9 39 0.05818781434394026
9 40 0.0
9 41 0.06488754088092212
9 42 0.0
9 43 0.05193178493746714
9 44 0.0
9 45 0.0
9 46 0.0
9 47 0.0
9 48 0.07343827405991392
9 49 0.0
9 50 0.0
9 51 0.0
9 52 0.0
9 53 0.0610757495620822
9 54 0.054778329280344054
9 55 0.0
9 56 0.0
9 57 0.0
9 58 0.04335688636694862
9 59 0.045503788633558244
9 60 0.0
9 61 0.0
9 62 0.0
9 63 0.0
9 64 0.0
9 65 0.0
9 66 0.0
9 67 0.0
9 68 0.0
9 69 0.0
9 70 0.0
9 71 0.0
9 72 0.0
9 73 0.0
9 74 0.0
9 75 0.0
9 76 0.04124371814901231
9 77 0.0
9 78 0.0
9 79 0.0
9 80 0.0
9 81 0.0
9 82 0.0
10 11 0.0
10 12 0.0
10 13 0.0
10 14 0.0
10 15 0.0
10 16 0.0
10 17 0.0
10 18 0.0
10 19 0.0
10 20 0.0
10 21 0.0
10 22 0.0
10 23 0.0
10 24 0.0
10 25 0.0
10 26 0.0
10 27 0.0
10 28 0.0
10 29 0.0
10 30 0.0
10 31 0.0
10 32 0.0
10 33 0.0
10 34 0.0
10 35 0.0
10 36 0.0
10 37 0.0
10 38 0.0
10 39 0.0
10 40 0.0
10 41 0.0
10 42 0.0
10 43 0.0
10 44 0.0
10 45 0.0
10 46 0.0
10 47 0.0
10 48 0.0
10 49 0.0
10 50 0.0
10 51 0.0
10 52 0.0
10 53 0.0
10 54 0.0
10 55 0.0
10 56 0.0
10 57 0.0
10 58 0.0
10 59 0.0
10 60 0.0
10 61 0.0
10 62 0.0
10 63 0.0
10 64 0.0
10 65 0.0
10 66 0.0
10 67 0.0
10 68 0.0
10 69 0.0
10 70 0.31197416144584955
10 71 0.0
10 72 0.0
10 73 0.0
10 74 0.0
10 75 0.0
10 76 0.24838199757224638
10 77 0.0
10 78 0.0
10 79 0.0
10 80 0.0
10 81 0.0
10 82 0.0
11 12 0.1686485800091277
11 13 0.0
11 14 0.0
11 15 0.0
11 16 0.3418636360314649
11 17 0.0
11 18 0.0
11 19 0.6989483035454693
11 20 0.0
11 21 0.06349830051397934
11 22 0.0
11 23 0.0
11 24 0.0
11 25 0.0
11 26 0.19545146853506778
11 27 0.0
11 28 0.0
11 29 0.0
11 30 0.3107183189965497
11 31 0.0
11 32 0.0
11 33 0.0
11 34 0.0
11 35 0.0
11 36 0.0
11 37 0.1754804090971959
11 38 0.16675231472270416
11 39 0.0
11 40 0.0
11 41 0.0
11 42 0.0
11 43 0.0
11 44 0.0
11 45 0.4458624686599469
11 46 0.0
11 47 0.0
11 48 0.0
11 49 0.0
11 50 0.0
11 51 0.0
11 52 0.0
11 53 0.0
11 54 0.0
11 55 0.0
11 56 0.06077329297462402
11 57 0.0
11 58 0.0
11 59 0.0
11 60 0.0
11 61 0.3896399484488723
11 62 0.0
11 63 0.0
11 64 0.0
11 65 0.0
11 66 0.5141648735023523
11 67 0.5066566565459667
11 68 0.0
11 69 0.0
11 70 0.0
11 71 0.0
11 72 0.0
11 73 0.0
11 74 0.0
11 75 0.0
11 76 0.0
11 77 0.0
11 78 0.5141648735023523
11 79 0.0
11 80 0.12340806911406584
11 81 0.3896399484488723
11 82 0.0
12 13 0.0
12 14 0.0
12 15 0.0
12 16 0.0
12 17 0.0
12 18 0.0
12 19 0.0
12 20 0.0
12 21 0.0
12 22 0.0
12 23 0.0
12 24 0.0
12 25 0.0
12 26 0.5400030001610716
12 27 0.0
12 28 0.0
12 29 0.0
12 30 0.0
12 31 0.0
12 32 0.0
12 33 0.0
12 34 0.0
12 35 0.0
12 36 0.0
12 37 0.33370909733336473
12 38 0.4607115562189156
12 39 0.0
12 40 0.02877703567422964
12 41 0.0
12 42 0.0
12 43 0.0
12 44 0.0284690143595745
12 45 0.0
12 46 0.0
12 47 0.0
12 48 0.0
12 49 0.0
12 50 0.0
12 51 0.0
12 52 0.04988405244609831
12 53 0.0
12 54 0.0
12 55 0.0
12 56 0.0
12 57 0.03397856052381405
12 58 0.0
12 59 0.0
12 60 0.0
12 61 0.0
12 62 0.0
12 63 0.0
12 64 0.0
12 65 0.0
12 66 0.0
12 67 0.0
12 68 0.0
12 69 0.0
12 70 0.0
12 71 0.0
12 72 0.0
12 73 0.0
12 74 0.0
12 75 0.0
12 76 0.0
12 77 0.0
12 78 0.0
12 79 0.0
12 80 0.07610128538014156
12 81 0.0
12 82 0.0
13 14 0.0
13 15 0.0
13 16 0.0
13 17 0.0
13 18 0.0
13 19 0.0
13 20 0.0
13 21 0.0
13 22 0.0
13 23 0.0
13 24 0.0
13 25 0.4682475112207959
13 26 0.0
13 27 0.0
13 28 0.0
13 29 0.0
13 30 0.0
13 31 0.0
13 32 0.06454755064112161
13 33 0.0
13 34 0.0
13 35 0.0
13 36 0.0
13 37 0.0
13 38 0.0
13 39 0.0
13 40 0.0
13 41 0.0
13 42 0.0
13 43 0.0
13 44 0.0
13 45 0.0
13 46 0.0
13 47 0.0
13 48 0.0
13 49 0.0
13 50 0.0
13 51 0.0
13 52 0.0
13 53 0.0
13 54 0.0
13 55 0.0
13 56 0.06721579759652717
13 57 0.0
13 58 0.0
13 59 0.0
13 60 0.0
13 61 0.0
13 62 0.0
13 63 0.0
13 64 0.0
13 65 0.0
13 66 0.0
13 67 0.0
13 68 0.0
13 69 0.0
13 70 0.0
13 71 0.0
13 72 0.0
13 73 0.0
13 74 0.0
13 75 0.0
13 76 0.0
13 77 0.0
13 78 0.0
13 79 0.0
13 80 0.0
13 81 0.0
13 82 0.0
14 15 0.0
14 16 0.05962649960012957
14 17 0.08479604437082208
14 18 0.0
14 19 0.0
14 20 0.0
14 21 0.0
14 22 0.0
14 23 0.0
14 24 0.07749689379101601
14 25 0.0
14 26 0.0
14 27 0.0
14 28 0.0
14 29 0.07447685060697812
14 30 0.0
14 31 0.36973961861325966
14 32 0.0
14 33 0.0
14 34 0.0
14 35 0.0
14 36 0.0
14 37 0.0
14 38 0.0
14 39 0.8994138029173927
14 40 0.0
14 41 0.07045306744915907
14 42 0.0
14 43 0.05638607192201858
14 44 0.0
14 45 0.0
14 46 0.0
14 47 0.0
14 48 0.196082823683844
14 49 0.0
14 50 0.0
14 51 0.0
14 52 0.0
14 53 0.06631433161108533
14 54 0.05947676973338677
14 55 0.11519595959757703
14 56 0.0
14 57 0.0
14 58 0.0
14 59 0.0
14 60 0.0
14 61 0.0
14 62 0.0
14 63 0.0
14 64 0.0
14 65 0.0
14 66 0.0
14 67 0.0
14 68 0.0
14 69 0.0
14 70 0.0
14 71 0.0
14 72 0.0
14 73 0.0
14 74 0.0
14 75 0.0
14 76 0.0
14 77 0.0
14 78 0.0
14 79 0.0
14 80 0.0
14 81 0.0
14 82 0.07447685060697812
15 16 0.0
15 17 0.0
15 18 0.0
15 19 0.0
15 20 0.0
15 21 0.07678293398501779
15 22 0.0
15 23 0.0
15 24 0.0
15 25 0.0
15 26 0.0
15 27 0.0
15 28 0.0
15 29 0.0
15 30 0.0
15 31 0.0
15 32 0.0
15 33 0.0
15 34 0.0
15 35 0.0
15 36 0.0
15 37 0.0
15 38 0.0
15 39 0.0
15 40 0.0
15 41 0.0
15 42 0.0
15 43 0.0
15 44 0.0
15 45 0.0
15 46 0.0
15 47 0.0
15 48 0.0
15 49 0.0
15 50 0.0
15 51 0.0
15 52 0.0
15 53 0.0
15 54 0.0
15 55 0.0
15 56 0.0
15 57 0.0
15 58 0.0
15 59 0.0
15 60 0.0
15 61 0.0
15 62 0.0
15 63 0.0
15 64 0.0
15 65 0.0
15 66 0.0
15 67 0.0
15 68 0.0
15 69 0.0
15 70 0.0
15 71 0.0
15 72 0.0
15 73 0.0
15 74 0.0
15 75 0.0
15 76 0.0
15 77 0.0
15 78 0.0
15 79 0.0
15 80 0.0
15 81 0.0
15 82 0.0
16 17 0.15394395341212738
16 18 0.0
16 19 0.1810944335516801
16 20 0.14937619230739818
16 21 0.0
16 22 0.0
16 23 0.0
16 24 0.0
16 25 0.0
16 26 0.0
16 27 0.0
16 28 0.0
16 29 0.0
16 30 0.27552257794316154
16 31 0.0
16 32 0.0
16 33 0.0
16 34 0.0
16 35 0.0
16 36 0.0
16 37 0.0
16 38 0.0
16 39 0.05912555709499855
16 40 0.0
16 41 0.06593325503570063
16 42 0.0
16 43 0.05276870681576242
16 44 0.0
16 45 0.24862810262661655
16 46 0.0
16 47 0.0
16 48 0.07462179005765972
16 49 0.0
16 50 0.0
16 51 0.0
16 52 0.0
16 53 0.062060033678319304
16 54 0.05566112547705454
16 55 0.0
16 56 0.0
16 57 0.0
16 58 0.0
16 59 0.0
16 60 0.0
16 61 0.21727650991019234
16 62 0.0
16 63 0.0
16 64 0.0
16 65 0.0
16 66 0.30482794540385877
16 67 0.13127251294116793
16 68 0.12365531078726125
16 69 0.0
16 70 0.0
16 71 0.0
16 72 0.24248635980820113
16 73 0.0
16 74 0.0
16 75 0.0
16 76 0.0
16 77 0.14937619230739818
16 78 0.30482794540385877
16 79 0.0
16 80 0.0
16 81 0.21727650991019234
16 82 0.0
17 18 0.0
17 19 0.0
17 20 0.14558905032004232
17 21 0.0
17 22 0.0
17 23 0.0
17 24 0.24845275241232948
17 25 0.0
17 26 0.0
17 27 0.0
17 28 0.0
17 29 0.0
17 30 0.0
17 31 0.0
17 32 0.0
17 33 0.0
17 34 0.0
17 35 0.10100635224325911
17 36 0.0
17 37 0.0
17 38 0.0
17 39 0.0
17 40 0.0
17 41 0.0
17 42 0.0
17 43 0.0
17 44 0.0
17 45 0.0
17 46 0.0
17 47 0.0
17 48 0.10612114853620778
17 49 0.0
17 50 0.0
17 51 0.0
17 52 0.0
17 53 0.0
17 54 0.0
17 55 0.10507252898837348
17 56 0.0
17 57 0.0
17 58 0.0
17 59 0.0
17 60 0.0
17 61 0.0
17 62 0.0
17 63 0.0
17 64 0.0
17 65 0.0
17 66 0.0
17 67 0.0
17 68 0.21092647244877102
17 69 0.0
17 70 0.0
17 71 0.0
17 72 0.38289056021792045
17 73 0.0
17 74 0.0
17 75 0.0
17 76 0.0
17 77 0.14558905032004232
17 78 0.0
17 79 0.0
17 80 0.0
17 81 0.0
17 82 0.0
18 19 0.0
18 20 0.0
18 21 0.0
18 22 0.5832628022103284
18 23 0.0
18 24 0.0
18 25 0.0
18 26 0.0
18 27 0.0
18 28 0.0
18 29 0.0
18 30 0.0
18 31 0.0
18 32 0.0
18 33 0.0
18 34 0.0
18 35 0.0
18 36 0.0
18 37 0.0
18 38 0.0
18 39 0.0
18 40 0.0
18 41 0.0
18 42 0.0
18 43 0.0
18 44 0.0
18 45 0.0
18 46 0.0
18 47 0.0
18 48 0.0
18 49 0.0
18 50 0.0
18 51 0.0
18 52 0.0
18 53 0.0
18 54 0.0
18 55 0.0
18 56 0.0
18 57 0.0
18 58 0.0
18 59 0.0
18 60 0.0
18 61 0.0
18 62 0.0
18 63 0.0
18 64 0.0
18 65 0.0
18 66 0.0
18 67 0.0
18 68 0.0
18 69 0.0
18 70 0.0
18 71 0.0
18 72 0.0
18 73 0.0
18 74 0.0
18 75 0.0
18 76 0.0
18 77 0.0
18 78 0.0
18 79 0.0
18 80 0.0
18 81 0.0
18 82 0.0
19 20 0.0
19 21 0.07504026076521791
19 22 0.0
19 23 0.0
19 24 0.0
19 25 0.0
19 26 0.0
19 27 0.0
19 28 0.0
19 29 0.0
19 30 0.16459591498532888
19 31 0.0
19 32 0.0
19 33 0.0
19 34 0.0
19 35 0.0
19 36 0.0
19 37 0.0
19 38 0.0
19 39 0.0
19 40 0.0
19 41 0.0
19 42 0.0
19 43 0.0
19 44 0.0
19 45 0.34408136496003344
19 46 0.0
19 47 0.0
19 48 0.0
19 49 0.0
19 50 0.0
19 51 0.0
19 52 0.0
19 53 0.0
19 54 0.0
19 55 0.0
19 56 0.07181993400552157
19 57 0.0
19 58 0.0
19 59 0.0
19 60 0.0
19 61 0.3006932736639395
19 62 0.0
19 63 0.0
19 64 0.0
19 65 0.0
19 66 0.38347332007939045
19 67 0.598750632975959
19 68 0.0
19 69 0.0
19 70 0.0
19 71 0.0
19 72 0.0
19 73 0.0
19 74 0.0
19 75 0.0
19 76 0.0
19 77 0.0
19 78 0.38347332007939045
19 79 0.0
19 80 0.14583970928186954
19 81 0.3006932736639395
19 82 0.0
20 21 0.0
20 22 0.0
20 23 0.0
20 24 0.0
20 25 0.0
20 26 0.0
20 27 0.0
20 28 0.0
20 29 0.0
20 30 0.0
20 31 0.0
20 32 0.0
20 33 0.0
20 34 0.0
20 35 0.23817929916429093
20 36 0.0
20 37 0.0
20 38 0.0
20 39 0.0
20 40 0.07483732972102099
20 41 0.0
20 42 0.08352297706278193
20 43 0.0
20 44 0.07403629194399268
20 45 0.0
20 46 0.0
20 47 0.08828558833175172
20 48 0.0
20 49 0.0
20 50 0.0
20 51 0.0
20 52 0.0
20 53 0.0
20 54 0.0
20 55 0.13652868299094234
20 56 0.0
20 57 0.0
20 58 0.0
20 59 0.0
20 60 0.0
20 61 0.0
20 62 0.0
20 63 0.0
20 64 0.0
20 65 0.0
20 66 0.0
20 67 0.0
20 68 0.6838077819441983
20 69 0.0
20 70 0.0
20 71 0.0
20 72 0.11877766060258191
20 73 0.0
20 74 0.0
20 75 0.10390274184899279
20 76 0.0
20 77 1.0
20 78 0.0
20 79 0.0
20 80 0.0
20 81 0.0
20 82 0.0
21 22 0.0
21 23 0.0
21 24 0.0
21 25 0.0
21 26 0.0
21 27 0.0
21 28 0.0
21 29 0.0
21 30 0.0
21 31 0.0
21 32 0.0
21 33 0.0
21 34 0.0
21 35 0.0
21 36 0.0
21 37 0.0
21 38 0.0
21 39 0.0
21 40 0.0
21 41 0.0
21 42 0.0
21 43 0.0
21 44 0.0
21 45 0.0
21 46 0.0
21 47 0.0
21 48 0.0
21 49 0.0
21 50 0.0
21 51 0.0
21 52 0.0
21 53 0.0
21 54 0.0
21 55 0.23961641016796711
21 56 0.044813244175606726
21 57 0.0
21 58 0.0
21 59 0.0
21 60 0.0
21 61 0.0
21 62 0.0
21 63 0.0
21 64 0.0
21 65 0.0
21 66 0.056619231887335315
21 67 0.05439550741132812
21 68 0.0
21 69 0.0
21 70 0.0
21 71 0.0
21 72 0.0
21 73 0.0
21 74 0.0
21 75 0.0
21 76 0.0
21 77 0.0
21 78 0.056619231887335315
21 79 0.0
21 80 0.0
21 81 0.0
21 82 0.0
22 23 0.0
22 24 0.0
22 25 0.0
22 26 0.0
22 27 0.042344881745556374
22 28 0.0
22 29 0.0
22 30 0.0
22 31 0.0
22 32 0.03272779045007035
22 33 0.0
22 34 0.0
22 35 0.0
22 36 0.02935539339742469
22 37 0.0
22 38 0.0
22 39 0.0
22 40 0.0
22 41 0.0
22 42 0.0
22 43 0.0
22 44 0.0
22 45 0.0
22 46 0.07156363042994547
22 47 0.0
22 48 0.0
22 49 0.0
22 50 0.047178497287897546
22 51 0.12969807037975667
22 52 0.0
22 53 0.0
22 54 0.0
22 55 0.0
22 56 0.0
22 57 0.0
22 58 0.11841159125146215
22 59 0.0
22 60 0.0
22 61 0.0
22 62 0.0
22 63 0.0
22 64 0.0
22 65 0.0
22 66 0.0
22 67 0.0
22 68 0.0
22 69 0.06439244006269772
22 70 0.05207819575120501
22 71 0.0
22 72 0.0
22 73 0.0
22 74 0.0
22 75 0.0
22 76 0.0
22 77 0.0
22 78 0.0
22 79 0.0
22 80 0.0
22 81 0.0
22 82 0.0
23 24 0.0
23 25 0.0
23 26 0.0
23 27 0.0
23 28 0.028075972332561788
23 29 0.0
23 30 0.03478727461191063
23 31 0.04143223832832195
23 32 0.0
23 33 0.04636895065659956
23 34 0.0
23 35 0.0
23 36 0.0
23 37 0.0
23 38 0.0
23 39 0.0
23 40 0.0
23 41 0.0
23 42 0.0
23 43 0.0
23 44 0.0
23 45 0.0
23 46 0.0
23 47 0.0
23 48 0.0
23 49 0.0
23 50 0.0
23 51 0.15449909875985265
23 52 0.0
23 53 0.0
23 54 0.0
23 55 0.0
23 56 0.0
23 57 0.0
23 58 0.0
23 59 0.25107873163835304
23 60 0.0
23 61 0.0
23 62 0.0
23 63 0.0
23 64 0.0
23 65 0.0
23 66 0.0
23 67 0.0
23 68 0.0
23 69 0.0
23 70 0.0
23 71 0.0
23 72 0.0
23 73 0.0
23 74 0.0
23 75 0.0
23 76 0.0
23 77 0.0
23 78 0.0
23 79 0.0
23 80 0.0
23 81 0.0
23 82 0.0
24 25 0.0
24 26 0.0
24 27 0.0
24 28 0.0
24 29 0.0
24 30 0.0
24 31 0.0
24 32 0.0
24 33 0.0
24 34 0.0
24 35 0.0
24 36 0.0
24 37 0.0
24 38 0.0
24 39 0.0
24 40 0.0
24 41 0.0
24 42 0.0
24 43 0.0
24 44 0.0
24 45 0.0
24 46 0.0
24 47 0.0
24 48 0.09698635635792685
24 49 0.0
24 50 0.0
24 51 0.0
24 52 0.0
24 53 0.0
24 54 0.0
24 55 0.09602800083169123
24 56 0.0
24 57 0.0
24 58 0.0
24 59 0.0
24 60 0.0
24 61 0.0
24 62 0.40148025298690476
24 63 0.0
24 64 0.0
24 65 0.0
24 66 0.0
24 67 0.0
24 68 0.0
24 69 0.0
24 70 0.0
24 71 0.0
24 72 0.0
24 73 0.0
24 74 0.0
24 75 0.0
24 76 0.0
24 77 0.0
24 78 0.0
24 79 0.0
24 80 0.0
24 81 0.0
24 82 0.0
25 26 0.0
25 27 0.0
25 28 0.0
25 29 0.0
25 30 0.0
25 31 0.0
25 32 0.0
25 33 0.0
25 34 0.0
25 35 0.0
25 36 0.0
25 37 0.0
25 38 0.0
25 39 0.0
25 40 0.0
25 41 0.0
25 42 0.0
25 43 0.0
25 44 0.0
25 45 0.0
25 46 0.0
25 47 0.0
25 48 0.0
25 49 0.0
25 50 0.0
25 51 0.0
25 52 0.0
25 53 0.0
25 54 0.0
25 55 0.0
25 56 0.05362132316521172
25 57 0.0
25 58 0.0
25 59 0.0
25 60 0.0
25 61 0.0
25 62 0.0
25 63 0.0
25 64 0.0
25 65 0.0
25 66 0.0
25 67 0.0
25 68 0.0
25 69 0.0
25 70 0.0
25 71 0.0
25 72 0.0
25 73 0.0
25 74 0.0
25 75 0.0
25 76 0.0
25 77 0.0
25 78 0.0
25 79 0.0
25 80 0.0
25 81 0.0
25 82 0.0
26 27 0.0
26 28 0.0
26 29 0.0
26 30 0.0
26 31 0.0
26 32 0.07890215320593141
26 33 0.0
26 34 0.0
26 35 0.0
26 36 0.037966730479189685
26 37 0.3867446327374232
26 38 0.5339312683758732
26 39 0.0
26 40 0.0
26 41 0.0
26 42 0.0
26 43 0.0
26 44 0.0
26 45 0.0
26 46 0.0
26 47 0.0
26 48 0.0
26 49 0.0
26 50 0.0
26 51 0.0
26 52 0.0
26 53 0.0
26 54 0.0
26 55 0.0
26 56 0.0
26 57 0.0
26 58 0.0
26 59 0.0
26 60 0.09174806120015565
26 61 0.0
26 62 0.0
26 63 0.08969523657462183
26 64 0.0
26 65 0.05285491907350284
26 66 0.0
26 67 0.0
26 68 0.0
26 69 0.0
26 70 0.0
26 71 0.0
26 72 0.0
26 73 0.0
26 74 0.0
26 75 0.0
26 76 0.0
26 77 0.0
26 78 0.0
26 79 0.0
26 80 0.0
26 81 0.0
26 82 0.0
27 28 0.0
27 29 0.2357973851575967
27 30 0.0
27 31 0.0
27 32 0.10341618418555736
27 33 0.0
27 34 0.0
27 35 0.0
27 36 0.03268913657752572
27 37 0.0
27 38 0.0
27 39 0.0
27 40 0.0
27 41 0.09015553392148921
27 42 0.0
27 43 0.07215464995237413
27 44 0.0
27 45 0.0
27 46 0.0
27 47 0.0
27 48 0.1020360259960294
27 49 0.0
27 50 0.14907881338847132
27 51 0.0
27 52 0.0
27 53 0.0
27 54 0.0
27 55 0.0
27 56 0.0
27 57 0.0
27 58 0.04853703466222339
27 59 0.0
27 60 0.0
27 61 0.0
27 62 0.0
27 63 0.0
27 64 0.0
27 65 0.0
27 66 0.0
27 67 0.0
27 68 0.0
27 69 0.0
27 70 0.05799245237747721
27 71 0.0
27 72 0.0
27 73 0.07461488881210017
27 74 0.0
27 75 0.07688540153075189
27 76 0.0
27 77 0.0
27 78 0.0
27 79 0.0
27 80 0.0
27 81 0.0
27 82 0.2357973851575967
28 29 0.0
28 30 0.0
28 31 0.0
28 32 0.0
28 33 0.0
28 34 0.0
28 35 0.0
28 36 0.0
28 37 0.0
28 38 0.0
28 39 0.0
28 40 0.0
28 41 0.0
28 42 0.0
28 43 0.0
28 44 0.0
28 45 0.0
28 46 0.0
28 47 0.0
28 48 0.0
28 49 0.0
28 50 0.0
28 51 0.0
28 52 0.0
28 53 0.0
28 54 0.0
28 55 0.0
28 56 0.0
28 57 0.0
28 58 0.0
28 59 0.0
28 60 0.0
28 61 0.0
28 62 0.0
28 63 0.0
28 64 0.0
28 65 0.6943482628062507
28 66 0.0
28 67 0.0
28 68 0.0
28 69 0.0
28 70 0.0
28 71 0.0
28 72 0.0
28 73 0.0
28 74 0.0
28 75 0.0
28 76 0.0
28 77 0.0
28 78 0.0
28 79 0.0
28 80 0.0
28 81 0.0
28 82 0.0
29 30 0.0
29 31 0.07544975876321706
29 32 0.0
29 33 0.0
29 34 0.0
29 35 0.0
29 36 0.0
29 37 0.0
29 38 0.0
29 39 0.07385114525168258
29 40 0.0
29 41 0.0
29 42 0.0
29 43 0.0
29 44 0.0
29 45 0.0
29 46 0.0
29 47 0.0
29 48 0.0
29 49 0.10032626551308578
29 50 0.0
29 51 0.0
29 52 0.0
29 53 0.0
29 54 0.0
29 55 0.0
29 56 0.0
29 57 0.0
29 58 0.0
29 59 0.0
29 60 0.10054700367088024
29 61 0.0
29 62 0.0
29 63 0.0
29 64 0.0
29 65 0.0
29 66 0.0
29 67 0.0
29 68 0.0
29 69 0.0
29 70 0.0
29 71 0.0
29 72 0.0
29 73 0.0
29 74 0.0
29 75 0.0
29 76 0.0
29 77 0.0
29 78 0.0
29 79 0.0
29 80 0.0
29 81 0.0
29 82 0.9999999999999999
30 31 0.04215686926701549
30 32 0.0
30 33 0.04717992244079974
30 34 0.0
30 35 0.0
30 36 0.0
30 37 0.0
30 38 0.0
30 39 0.0
30 40 0.0
30 41 0.0
30 42 0.0
30 43 0.0
30 44 0.0
30 45 0.48935754488338334
30 46 0.0
30 47 0.0
30 48 0.0
30 49 0.0
30 50 0.0
30 51 0.0
30 52 0.0
30 53 0.0
30 54 0.0
30 55 0.0
30 56 0.0
30 57 0.0
30 58 0.0
30 59 0.042024708525879834
30 60 0.0
30 61 0.19748164121942005
30 62 0.0
30 63 0.0
30 64 0.0
30 65 0.0
30 66 0.2770567465980543
30 67 0.1193129957459949
30 68 0.0
30 69 0.0
30 70 0.0
30 71 0.0
30 72 0.0
30 73 0.0
30 74 0.0
30 75 0.0
30 76 0.0
30 77 0.0
30 78 0.2770567465980543
30 79 0.0
30 80 0.0
30 81 0.19748164121942005
30 82 0.0
31 32 0.0
31 33 0.10561789710898951
31 34 0.0
31 35 0.0
31 36 0.032119105298297194
31 37 0.0
31 38 0.0
31 39 0.3666333103101321
31 40 0.0
31 41 0.0
31 42 0.0
31 43 0.0
31 44 0.1780785613254161
31 45 0.0
31 46 0.0
31 47 0.0
31 48 0.0
31 49 0.0
31 50 0.0
31 51 0.0
31 52 0.0
31 53 0.0
31 54 0.0
31 55 0.0
31 56 0.0
31 57 0.0
31 58 0.047690648649767846
31 59 0.050052145755803586
31 60 0.0
31 61 0.0
31 62 0.0
31 63 0.0
31 64 0.0
31 65 0.0
31 66 0.0
31 67 0.0
31 68 0.0
31 69 0.0
31 70 0.0
31 71 0.0
31 72 0.0
31 73 0.0
31 74 0.0
31 75 0.0
31 76 0.045366257498463194
31 77 0.0
31 78 0.0
31 79 0.0
31 80 0.0
31 81 0.0
31 82 0.07544975876321706
32 33 0.0
32 34 0.0
32 35 0.0
32 36 0.02526499467707829
32 37 0.0
32 38 0.0
32 39 0.0
32 40 0.0
32 41 0.06968000146573416
32 42 0.0
32 43 0.05576735998057871
32 44 0.0
32 45 0.0
32 46 0.0
32 47 0.0
32 48 0.38422125416117736
32 49 0.0
32 50 0.11522101288274421
32 51 0.0
32 52 0.0
32 53 0.0
32 54 0.0
32 55 0.0
32 56 0.0
32 57 0.0
32 58 0.03751362228469902
32 59 0.0
32 60 0.07154939465739846
32 61 0.0
32 62 0.0
32 63 0.06994850677624401
32 64 0.0
32 65 0.0
32 66 0.0
32 67 0.0
32 68 0.0
32 69 0.0
32 70 0.04482158765964504
32 71 0.0
32 72 0.0
32 73 0.057668845556617276
32 74 0.0
32 75 0.05942369434605925
32 76 0.0
32 77 0.0
32 78 0.0
32 79 0.0
32 80 0.0
32 81 0.0
32 82 0.0
33 34 0.0
33 35 0.0
33 36 0.03594614408492633
33 37 0.0
33 38 0.0
33 39 0.0
33 40 0.0
33 41 0.0
33 42 0.13334448651003097
33 43 0.155674164303492
33 44 0.0
33 45 0.0
33 46 0.0
33 47 0.0
33 48 0.0
33 49 0.0
33 50 0.0
33 51 0.0
33 52 0.0
33 53 0.0
33 54 0.0
33 55 0.0
33 56 0.0
33 57 0.0
33 58 0.053373059801856824
33 59 0.05601593277236255
33 60 0.0
33 61 0.0
33 62 0.0
33 63 0.0
33 64 0.0
33 65 0.0
33 66 0.0
33 67 0.0
33 68 0.0
33 69 0.0
33 70 0.0
33 71 0.0
33 72 0.0
33 73 0.0
33 74 0.0
33 75 0.0
33 76 0.4012414367632822
33 77 0.0
33 78 0.0
33 79 0.0
33 80 0.0
33 81 0.0
33 82 0.0
34 35 0.0
34 36 0.0
34 37 0.0
34 38 0.0
34 39 0.0
34 40 0.0
34 41 0.0
34 42 0.0
34 43 0.0
34 44 0.0
34 45 0.0
34 46 0.0
34 47 0.0
34 48 0.0
34 49 0.0
34 50 0.0
34 51 0.0
34 52 0.0
34 53 0.0
34 54 0.0
34 55 0.0
34 56 0.0
34 57 0.0
34 58 0.0
34 59 0.0
34 60 0.0
34 61 0.0
34 62 0.0
34 63 0.0
34 64 0.0
34 65 0.0
34 66 0.0
34 67 0.0
34 68 0.0
34 69 0.0
34 70 0.0
34 71 0.0
34 72 0.0
34 73 0.0
34 74 0.0
34 75 0.0
34 76 0.0
34 77 0.0
34 78 0.0
34 79 0.0
34 80 0.0
34 81 0.0
34 82 0.0
35 36 0.0
35 37 0.0
35 38 0.0
35 39 0.0
35 40 0.0
35 41 0.0
35 42 0.0772481028286934
35 43 0.0
35 44 0.0
35 45 0.0
35 46 0.0
35 47 0.08165291091835154
35 48 0.0
35 49 0.0
35 50 0.0
35 51 0.0
35 52 0.0
35 53 0.0
35 54 0.0
35 55 0.1262716214584021
35 56 0.0
35 57 0.0
35 58 0.0
35 59 0.0
35 60 0.0
35 61 0.0
35 62 0.0
35 63 0.046204662763228564
35 64 0.0
35 65 0.0
35 66 0.0
35 67 0.0
35 68 0.2783007736007155
35 69 0.0
35 70 0.0
35 71 0.0
35 72 0.0
35 73 0.0
35 74 0.04342155384502676
35 75 0.0960967864028726
35 76 0.0
35 77 0.23817929916429093
35 78 0.0
35 79 0.0
35 80 0.0
35 81 0.0
35 82 0.0
36 37 0.0
36 38 0.0
36 39 0.0
36 40 0.0
36 41 0.0
36 42 0.0
36 43 0.0
36 44 0.0
36 45 0.0
36 46 0.0
36 47 0.0
36 48 0.0
36 49 0.0
36 50 0.03642056082795293
36 51 0.0
36 52 0.0
36 53 0.0
36 54 0.0
36 55 0.0
36 56 0.0
36 57 0.0
36 58 0.3077523148040205
36 59 0.0
36 60 0.0
36 61 0.0
36 62 0.0
36 63 0.0
36 64 0.0
36 65 0.03697138323295689
36 66 0.0
36 67 0.0
36 68 0.0
36 69 0.0
36 70 0.040202999357789156
36 71 0.0
36 72 0.0
36 73 0.0
36 74 0.0
36 75 0.0
36 76 0.032993738344487225
36 77 0.0
36 78 0.0
36 79 0.0
36 80 0.0
36 81 0.0
36 82 0.0
37 38 0.3299569105257276
37 39 0.0
37 40 0.0
37 41 0.0
37 42 0.0
37 43 0.0
37 44 0.0
37 45 0.0
37 46 0.0
37 47 0.0
37 48 0.0
37 49 0.0
37 50 0.0
37 51 0.0
37 52 0.0
37 53 0.0
37 54 0.0
37 55 0.0
37 56 0.0
37 57 0.0
37 58 0.0
37 59 0.0
37 60 0.0
37 61 0.0
37 62 0.0
37 63 0.0
37 64 0.0
37 65 0.0
37 66 0.0
37 67 0.0
37 68 0.0
37 69 0.0
37 70 0.0
37 71 0.0
37 72 0.0
37 73 0.0
37 74 0.0
37 75 0.0
37 76 0.0
37 77 0.0
37 78 0.0
37 79 0.0
37 80 0.0
37 81 0.0
37 82 0.0
38 39 0.0
38 40 0.0
38 41 0.0
38 42 0.0
38 43 0.0
38 44 0.0
38 45 0.0
38 46 0.0
38 47 0.0
38 48 0.0
38 49 0.0
38 50 0.0
38 51 0.0
38 52 0.0
38 53 0.0
38 54 0.0
38 55 0.0
38 56 0.0
38 57 0.0
38 58 0.0
38 59 0.0
38 60 0.0
38 61 0.0
38 62 0.0
38 63 0.0
38 64 0.0
38 65 0.0
38 66 0.0
38 67 0.0
38 68 0.0
38 69 0.0
38 70 0.0
38 71 0.0
38 72 0.0
38 73 0.0
38 74 0.0
38 75 0.0
38 76 0.0
38 77 0.0
38 78 0.0
38 79 0.0
38 80 0.0
38 81 0.0
38 82 0.0
39 40 0.0
39 41 0.1904551363935102
39 42 0.0
39 43 0.15242795533852238
39 44 0.0
39 45 0.0
39 46 0.0
39 47 0.0
39 48 0.07906731366438723
39 49 0.0
39 50 0.0
39 51 0.0
39 52 0.0
39 53 0.06575720235436011
39 54 0.058977085159796945
39 55 0.0
39 56 0.0
39 57 0.0
39 58 0.0
39 59 0.0
39 60 0.0
39 61 0.0
39 62 0.0
39 63 0.0
39 64 0.0
39 65 0.0
39 66 0.0
39 67 0.0
39 68 0.0
39 69 0.0
39 70 0.0
39 71 0.0
39 72 0.0
39 73 0.0
39 74 0.0
39 75 0.0
39 76 0.0
39 77 0.0
39 78 0.0
39 79 0.0
39 80 0.0
39 81 0.0
39 82 0.07385114525168258
40 41 0.0
40 42 0.0
40 43 0.0
40 44 0.6083854039129669
40 45 0.0
40 46 0.0
40 47 0.0
40 48 0.0
40 49 0.0
40 50 0.0
40 51 0.0
40 52 0.0
40 53 0.0
40 54 0.0
40 55 0.0
40 56 0.0
40 57 0.2790891344304415
40 58 0.0
40 59 0.0
40 60 0.0
40 61 0.0
40 62 0.0
40 63 0.0
40 64 0.0
40 65 0.0
40 66 0.0
40 67 0.0
40 68 0.15406517052294455
40 69 0.0
40 70 0.0
40 71 0.0
40 72 0.0
40 73 0.0
40 74 0.0
40 75 0.0
40 76 0.0
40 77 0.07483732972102099
40 78 0.0
40 79 0.0
40 80 0.0
40 81 0.0
40 82 0.0
41 42 0.0
41 43 0.24505104894452046
41 44 0.0
41 45 0.0
41 46 0.0
41 47 0.0
41 48 0.19433346634797374
41 49 0.2152717399138163
41 50 0.20010341012379257
41 51 0.10053686402675865
41 52 0.0
41 53 0.07332846583243353
41 54 0.4127721313417287
41 55 0.0
41 56 0.0
41 57 0.0
41 58 0.0
41 59 0.0
41 60 0.0
41 61 0.0
41 62 0.0
41 63 0.0
41 64 0.0
41 65 0.0
41 66 0.0
41 67 0.0
41 68 0.0
41 69 0.0
41 70 0.0
41 71 0.0
41 72 0.0
41 73 0.15465411316681277
41 74 0.0
41 75 0.1593601998008266
41 76 0.0
41 77 0.0
41 78 0.0
41 79 0.0
41 80 0.0
41 81 0.0
41 82 0.0
42 43 0.2707817035288725
42 44 0.0
42 45 0.0
42 46 0.0
42 47 0.07561618881494048
42 48 0.0
42 49 0.0
42 50 0.0
42 51 0.0
42 52 0.0
42 53 0.0
42 54 0.0
42 55 0.1169361712004962
42 56 0.0
42 57 0.0
42 58 0.0
42 59 0.0
42 60 0.0
42 61 0.0
42 62 0.0
42 63 0.0
42 64 0.1978715256228423
42 65 0.0
42 66 0.0
42 67 0.0
42 68 0.06914127028570717
42 69 0.0
42 70 0.24620330592007067
42 71 0.0
42 72 0.0
42 73 0.0
42 74 0.0
42 75 0.0889922069332555
42 76 0.0
42 77 0.08352297706278193
42 78 0.0
42 79 0.0
42 80 0.0
42 81 0.0
42 82 0.0
43 44 0.0
43 45 0.0
43 46 0.0
43 47 0.0
43 48 0.1555319194335919
43 49 0.0
43 50 0.0803910134297283
43 51 0.0
43 52 0.0
43 53 0.05868735454765826
43 54 0.05263619775531613
43 55 0.0
43 56 0.0
43 57 0.0
43 58 0.0
43 59 0.0
43 60 0.0
43 61 0.0
43 62 0.0
43 63 0.0
43 64 0.23100680948271343
43 65 0.0
43 66 0.0
43 67 0.0
43 68 0.0
43 69 0.0
43 70 0.287432160871389
43 71 0.0
43 72 0.0
43 73 0.06213187911622546
43 74 0.0
43 75 0.0640225369194204
43 76 0.0
43 77 0.0
43 78 0.0
43 79 0.0
43 80 0.0
43 81 0.0
43 82 0.0
44 45 0.0
44 46 0.0
44 47 0.0
44 48 0.0
44 49 0.0
44 50 0.0
44 51 0.0
44 52 0.0
44 53 0.0
44 54 0.0
44 55 0.0
44 56 0.0
44 57 0.2761018426514549
44 58 0.0
44 59 0.0
44 60 0.0
44 61 0.0
44 62 0.0
44 63 0.0
44 64 0.0
44 65 0.0
44 66 0.0
44 67 0.0
44 68 0.15241610017031115
44 69 0.0
44 70 0.0
44 71 0.0
44 72 0.0
44 73 0.0
44 74 0.0
44 75 0.0
44 76 0.0
44 77 0.07403629194399268
44 78 0.0
44 79 0.0
44 80 0.0
44 81 0.0
44 82 0.0
45 46 0.11173955037471382
45 47 0.0
45 48 0.0
45 49 0.0
45 50 0.0
45 51 0.0
45 52 0.0
45 53 0.0
45 54 0.0
45 55 0.0
45 56 0.15328086574213962
45 57 0.0
45 58 0.0
45 59 0.0
45 60 0.0
45 61 0.2833745121737939
45 62 0.0
45 63 0.0
45 64 0.0
45 65 0.0
45 66 0.46943777500264444
45 67 0.24941918174221908
45 68 0.0
45 69 0.1005424439328858
45 70 0.0
45 71 0.0
45 72 0.0
45 73 0.0
45 74 0.0
45 75 0.0
45 76 0.0
45 77 0.0
45 78 0.46943777500264444
45 79 0.0
45 80 0.0
45 81 0.2833745121737939
45 82 0.0
46 47 0.0
46 48 0.0
46 49 0.0
46 50 0.0
46 51 0.0
46 52 0.0
46 53 0.0
46 54 0.0
46 55 0.0
46 56 0.0
46 57 0.0
46 58 0.0
46 59 0.0
46 60 0.0
46 61 0.0
46 62 0.0
46 63 0.2517623261529858
46 64 0.0
46 65 0.0
46 66 0.0
46 67 0.0
46 68 0.0
46 69 0.8997928092221689
46 70 0.0
46 71 0.2431020290380963
46 72 0.0
46 73 0.12494848588156714
46 74 0.0
46 75 0.0
46 76 0.0
46 77 0.0
46 78 0.0
46 79 0.0
46 80 0.0
46 81 0.0
46 82 0.0
47 48 0.0
47 49 0.0
47 50 0.0
47 51 0.0
47 52 0.0
47 53 0.0
47 54 0.0
47 55 0.12360405525222297
47 56 0.0
47 57 0.0
47 58 0.0
47 59 0.0
47 60 0.0
47 61 0.0
47 62 0.0
47 63 0.3884105739765271
47 64 0.0
47 65 0.0
47 66 0.0
47 67 0.0
47 68 0.07308381405741775
47 69 0.0
47 70 0.0
47 71 0.03837080811059662
47 72 0.0
47 73 0.0
47 74 0.0
47 75 0.0940666822751992
47 76 0.0
47 77 0.08828558833175172
47 78 0.0
47 79 0.0
47 80 0.0
47 81 0.0
47 82 0.0
48 49 0.0
48 50 0.11368331135383752
48 51 0.0
48 52 0.0
48 53 0.08299152498439945
48 54 0.07443440507352728
48 55 0.1441662477292624
48 56 0.0
48 57 0.0
48 58 0.0
48 59 0.0
48 60 0.12914847104576765
48 61 0.0
48 62 0.0
48 63 0.0
48 64 0.0
48 65 0.0
48 66 0.0
48 67 0.0
48 68 0.0
48 69 0.0
48 70 0.0
48 71 0.0
48 72 0.0
48 73 0.08786252912140614
48 74 0.0
48 75 0.09053616427705766
48 76 0.0
48 77 0.0
48 78 0.0
48 79 0.0
48 80 0.0
48 81 0.0
48 82 0.0
49 50 0.0
49 51 0.0
49 52 0.0
49 53 0.0
49 54 0.18173328952921836
49 55 0.0
49 56 0.0
49 57 0.0
49 58 0.0
49 59 0.0
49 60 0.44874051897291484
49 61 0.0
49 62 0.0
49 63 0.0
49 64 0.0
49 65 0.0
49 66 0.0
49 67 0.0
49 68 0.0
49 69 0.0
49 70 0.0
49 71 0.0
49 72 0.0
49 73 0.0
49 74 0.0
49 75 0.0
49 76 0.0
49 77 0.0
49 78 0.0
49 79 0.0
49 80 0.0
49 81 0.0
49 82 0.10032626551308578
50 51 0.0
50 52 0.0
50 53 0.0
50 54 0.0
50 55 0.0
50 56 0.0
50 57 0.0
50 58 0.054077476752301845
50 59 0.0
50 60 0.0
50 61 0.0
50 62 0.0
50 63 0.0
50 64 0.0
50 65 0.0
50 66 0.0
50 67 0.0
50 68 0.0
50 69 0.0
50 70 0.06461221863009332
50 71 0.0
50 72 0.0
50 73 0.1656103962548884
50 74 0.0
50 75 0.1706498798891078
50 76 0.0
50 77 0.0
50 78 0.0
50 79 0.0
50 80 0.0
50 81 0.0
50 82 0.0
51 52 0.48510762790307943
51 53 0.15241629252672295
51 54 0.22157453351296283
51 55 0.0
51 56 0.0
51 57 0.0
51 58 0.0
51 59 0.0
51 60 0.19229736325549265
51 61 0.0
51 62 0.0
51 63 0.0
51 64 0.0
51 65 0.0
51 66 0.0
51 67 0.0
51 68 0.0
51 69 0.0
51 70 0.0
51 71 0.0
51 72 0.0
51 73 0.0
51 74 0.0
51 75 0.0
51 76 0.0
51 77 0.0
51 78 0.0
51 79 0.0
51 80 0.0
51 81 0.0
51 82 0.0
52 53 0.0
52 54 0.0
52 55 0.0
52 56 0.0
52 57 0.0
52 58 0.0
52 59 0.0
52 60 0.0
52 61 0.0
52 62 0.11246187447004292
52 63 0.0
52 64 0.0
52 65 0.0
52 66 0.0
52 67 0.0
52 68 0.0
52 69 0.0
52 70 0.0
52 71 0.0
52 72 0.0
52 73 0.0
52 74 0.0
52 75 0.0
52 76 0.0
52 77 0.0
52 78 0.0
52 79 0.0
52 80 0.06808999070111829
52 81 0.0
52 82 0.0
53 54 0.2683112398757292
53 55 0.0
53 56 0.0
53 57 0.0
53 58 0.0
53 59 0.0
53 60 0.211195080479852
53 61 0.0
53 62 0.0
53 63 0.0
53 64 0.0
53 65 0.0
53 66 0.0
53 67 0.0
53 68 0.0
53 69 0.0
53 70 0.0
53 71 0.0
53 72 0.0
53 73 0.0
53 74 0.0
53 75 0.0
53 76 0.0
53 77 0.0
53 78 0.0
53 79 0.0
53 80 0.0
53 81 0.0
53 82 0.0
54 55 0.0
54 56 0.0
54 57 0.0
54 58 0.0
54 59 0.0
54 60 0.1894191024074873
54 61 0.0
54 62 0.0
54 63 0.02424147706550379
54 64 0.0
54 65 0.0
54 66 0.0
54 67 0.0
54 68 0.0
54 69 0.05590270714442008
54 70 0.0
54 71 0.0
54 72 0.0
54 73 0.0
54 74 0.0
54 75 0.0
54 76 0.0
54 77 0.0
54 78 0.0
54 79 0.0
54 80 0.0
54 81 0.0
54 82 0.0
55 56 0.0
55 57 0.0
55 58 0.0
55 59 0.0
55 60 0.0
55 61 0.0
55 62 0.0
55 63 0.0
55 64 0.0
55 65 0.0
55 66 0.0
55 67 0.0
55 68 0.11301999646555658
55 69 0.0
55 70 0.0
55 71 0.0
55 72 0.0
55 73 0.0
55 74 0.0
55 75 0.14546881871705758
55 76 0.0
55 77 0.13652868299094234
55 78 0.0
55 79 0.0
55 80 0.0
55 81 0.0
55 82 0.0
56 57 0.0
56 58 0.0
56 59 0.0
56 60 0.0
56 61 0.0
56 62 0.0
56 63 0.0
56 64 0.0
56 65 0.0
56 66 0.05418943719178234
56 67 0.21938922728837687
56 68 0.0
56 69 0.0
56 70 0.0
56 71 0.0
56 72 0.0
56 73 0.0
56 74 0.0
56 75 0.0
56 76 0.0
56 77 0.0
56 78 0.05418943719178234
56 79 0.0
56 80 0.0
56 81 0.0
56 82 0.0
57 58 0.0
57 59 0.0
57 60 0.0
57 61 0.0
57 62 0.0
57 63 0.0
57 64 0.0
57 65 0.0
57 66 0.0
57 67 0.0
57 68 0.0
57 69 0.0
57 70 0.0
57 71 0.0
57 72 0.0
57 73 0.0
57 74 0.0
57 75 0.0
57 76 0.0
57 77 0.0
57 78 0.0
57 79 0.0
57 80 0.0
57 81 0.0
57 82 0.0
58 59 0.0
58 60 0.0
58 61 0.0
58 62 0.0
58 63 0.0
58 64 0.0
58 65 0.0
58 66 0.0
58 67 0.0
58 68 0.0
58 69 0.0
58 70 0.059693665163855346
58 71 0.0
58 72 0.0
58 73 0.0
58 74 0.0
58 75 0.0
58 76 0.04898930927296821
58 77 0.0
58 78 0.0
58 79 0.0
58 80 0.0
58 81 0.0
58 82 0.0
59 60 0.0
59 61 0.0
59 62 0.0
59 63 0.0
59 64 0.0
59 65 0.03744817249199716
59 66 0.0
59 67 0.0
59 68 0.0
59 69 0.0
59 70 0.0
59 71 0.0
59 72 0.0
59 73 0.0
59 74 0.0
59 75 0.0
59 76 0.0
59 77 0.0
59 78 0.0
59 79 0.035275434398529384
59 80 0.0
59 81 0.0
59 82 0.0
60 61 0.0
60 62 0.0
60 63 0.08133668879500104
60 64 0.0
60 65 0.0
60 66 0.0
60 67 0.0
60 68 0.0
60 69 0.0
60 70 0.0
60 71 0.0
60 72 0.0
60 73 0.0
60 74 0.0
60 75 0.0
60 76 0.0
60 77 0.0
60 78 0.0
60 79 0.0
60 80 0.0
60 81 0.0
60 82 0.10054700367088024
61 62 0.0
61 63 0.0
61 64 0.0
61 65 0.0
61 66 0.21848635199804284
61 67 0.21796783525710656
61 68 0.0
61 69 0.0
61 70 0.0
61 71 0.0
61 72 0.0
61 73 0.0
61 74 0.0
61 75 0.0
61 76 0.0
61 77 0.0
61 78 0.21848635199804284
61 79 0.0
61 80 0.0
61 81 0.9999999999999999
61 82 0.0
62 63 0.0
62 64 0.0
62 65 0.0
62 66 0.0
62 67 0.0
62 68 0.0
62 69 0.0
62 70 0.0
62 71 0.0
62 72 0.0
62 73 0.0
62 74 0.0
62 75 0.0
62 76 0.0
62 77 0.0
62 78 0.0
62 79 0.0
62 80 0.0
62 81 0.0
62 82 0.0
63 64 0.0
63 65 0.0
63 66 0.0
63 67 0.0
63 68 0.0
63 69 0.226533930705503
63 70 0.0
63 71 0.26768415132536943
63 72 0.0
63 73 0.0
63 74 0.049533298170762394
63 75 0.0
63 76 0.0
63 77 0.0
63 78 0.0
63 79 0.0
63 80 0.0
63 81 0.0
63 82 0.0
64 65 0.0
64 66 0.0
64 67 0.0
64 68 0.0
64 69 0.0
64 70 0.3411856798733355
64 71 0.0
64 72 0.0
64 73 0.0
64 74 0.0
64 75 0.0
64 76 0.0
64 77 0.0
64 78 0.0
64 79 0.0
64 80 0.0
64 81 0.0
64 82 0.0
65 66 0.0
65 67 0.0
65 68 0.0
65 69 0.0
65 70 0.0
65 71 0.0
65 72 0.0
65 73 0.0
65 74 0.0
65 75 0.0
65 76 0.0
65 77 0.0
65 78 0.0
65 79 0.03582752411195045
65 80 0.0
65 81 0.0
65 82 0.0
66 67 0.27797379182474263
66 68 0.0
66 69 0.0
66 70 0.0
66 71 0.0
66 72 0.0
66 73 0.0
66 74 0.0
66 75 0.0
66 76 0.0
66 77 0.0
66 78 1.0
66 79 0.0
66 80 0.11003869434898228
66 81 0.21848635199804284
66 82 0.0
67 68 0.0
67 69 0.0
67 70 0.0
67 71 0.0
67 72 0.0
67 73 0.0
67 74 0.0
67 75 0.0
67 76 0.0
67 77 0.0
67 78 0.27797379182474263
67 79 0.0
67 80 0.10571691657533432
67 81 0.21796783525710656
67 82 0.0
68 69 0.0
68 70 0.0
68 71 0.0
68 72 0.09832549825725254
68 73 0.0
68 74 0.0
68 75 0.18783349041070016
68 76 0.0
68 77 0.6838077819441983
68 78 0.0
68 79 0.0
68 80 0.0
68 81 0.0
68 82 0.0
69 70 0.0
69 71 0.21874145763579791
69 72 0.0
69 73 0.11242774911943176
69 74 0.0
69 75 0.0
69 76 0.0
69 77 0.0
69 78 0.0
69 79 0.0
69 80 0.0
69 81 0.0
69 82 0.0
70 71 0.0
70 72 0.0
70 73 0.0
70 74 0.0
70 75 0.0
70 76 0.32914705725793186
70 77 0.0
70 78 0.0
70 79 0.0
70 80 0.0
70 81 0.0
70 82 0.0
71 72 0.0
71 73 0.0
71 74 0.0
71 75 0.0
71 76 0.0
71 77 0.0
71 78 0.0
71 79 0.0
71 80 0.0
71 81 0.0
71 82 0.0
72 73 0.0
72 74 0.0
72 75 0.0
72 76 0.0
72 77 0.11877766060258191
72 78 0.0
72 79 0.0
72 80 0.0
72 81 0.0
72 82 0.0
73 74 0.0
73 75 0.13189033520191404
73 76 0.0
73 77 0.0
73 78 0.0
73 79 0.0
73 80 0.0
73 81 0.0
73 82 0.0
74 75 0.0
74 76 0.0
74 77 0.0
74 78 0.0
74 79 0.0
74 80 0.0
74 81 0.0
74 82 0.0
75 76 0.0
75 77 0.10390274184899279
75 78 0.0
75 79 0.0
75 80 0.0
75 81 0.0
75 82 0.0
76 77 0.0
76 78 0.0
76 79 0.0
76 80 0.0
76 81 0.0
76 82 0.0
77 78 0.0
77 79 0.0
77 80 0.0
77 81 0.0
77 82 0.0
78 79 0.0
78 80 0.11003869434898228
78 81 0.21848635199804284
78 82 0.0
79 80 0.0
79 81 0.0
79 82 0.0
80 81 0.0
80 82 0.0
81 82 0.0
