0 1 0.0
0 2 0.0
0 3 0.0
0 4 0.0
0 5 0.0
0 6 0.0
0 7 0.0
0 8 0.0
0 9 0.0
0 10 0.0
0 11 0.0
0 12 0.0
0 13 0.0
0 14 0.0
0 15 0.0
0 16 0.07997101976016274
0 17 0.0
0 18 0.0
0 19 0.6794633633306244
0 20 0.07666008285039438
0 21 0.11195009724067646
0 22 0.0
0 23 0.0
0 24 0.0
0 25 0.0
0 26 0.08876626577464607
0 27 0.0
0 28 0.0
0 29 0.18733503211715738
0 30 0.0
0 31 0.0
0 32 0.47500219408146654
0 33 0.09291020532151474
0 34 0.1382314749272028
0 35 0.0
1 2 0.0
1 3 0.0
1 4 0.0
1 5 0.0
1 6 0.0
1 7 0.4611343935509427
1 8 0.0
1 9 0.0
1 10 0.0
1 11 0.0
1 12 0.0
1 13 0.17394777568392844
1 14 0.0
1 15 0.03819623774526547
1 16 0.0
1 17 0.0
1 18 0.0
1 19 0.0
1 20 0.0
1 21 0.0
1 22 0.0
1 23 0.0
1 24 0.0
1 25 0.0
1 26 0.0
1 27 0.0
1 28 0.0
1 29 0.023553299761577603
1 30 0.0
1 31 0.0
1 32 0.0
1 33 0.0
1 34 0.0
1 35 0.0
2 3 0.0
2 4 0.0
2 5 0.0
2 6 0.0
2 7 0.0
2 8 0.0
2 9 0.0
2 10 0.0
2 11 0.0
2 12 0.0
2 13 0.0
2 14 0.0
2 15 0.0
2 16 0.0
2 17 0.0
2 18 0.0
2 19 0.0
2 20 0.1335021037348919
2 21 0.0
2 22 0.0
2 23 0.0
2 24 0.0
2 25 0.0
2 26 0.0
2 27 0.0
2 28 0.0
2 29 0.0
2 30 0.0
2 31 0.0
2 32 0.0
2 33 0.0
2 34 0.0
2 35 0.1323925713633258
3 4 0.0
3 5 0.0
3 6 0.16189311543238621
3 7 0.0
3 8 0.09828992043119412
3 9 0.0
3 10 0.08845974971197092
3 11 0.06741072183128696
3 12 0.48924278629785284
3 13 0.0
3 14 0.0
3 15 0.0
3 16 0.0
3 17 0.0
3 18 0.0
3 19 0.09947394944797024
3 20 0.0
3 21 0.0
3 22 0.0
3 23 0.05648588233843268
3 24 0.08717852382290635
3 25 0.0
3 26 0.0
3 27 0.0
3 28 0.09828992043119412
3 29 0.0
3 30 0.0
3 31 0.0
3 32 0.0
3 33 0.0
3 34 0.11287323898106658
3 35 0.09116133372387415
4 5 0.35362962916330615
4 6 0.06092011516702531
4 7 0.0
4 8 0.0
4 9 0.0
4 10 0.0
4 11 0.0
4 12 0.0
4 13 0.22290966242562524
4 14 0.05068724842495404
4 15 0.0
4 16 0.0
4 17 0.0
4 18 0.0
4 19 0.0
4 20 0.0
4 21 0.0
4 22 0.214367904597815
4 23 0.040264034679311174
4 24 0.062142237337565034
4 25 0.0
4 26 0.0
4 27 0.2975089394791056
4 28 0.0
4 29 0.0
4 30 0.47061085724227014
4 31 0.0
4 32 0.0
4 33 0.0
4 34 0.0
4 35 0.0
5 6 0.3373306016033742
5 7 0.26023382605699724
5 8 0.0
5 9 0.0
5 10 0.0
5 11 0.0
5 12 0.0
5 13 0.2130652348166603
5 14 0.04844873196771626
5 15 0.0
5 16 0.0
5 17 0.0
5 18 0.0
5 19 0.0
5 20 0.0
5 21 0.0
5 22 0.42505431723652837
5 23 0.038485841799145715
5 24 0.059397830700939805
5 25 0.0
5 26 0.0
5 27 0.5899085470808106
5 28 0.0
5 29 0.0
5 30 0.6671278721776283
5 31 0.0
5 32 0.0
5 33 0.0
5 34 0.0
5 35 0.0
6 7 0.2448216722317815
6 8 0.0
6 9 0.0
6 10 0.0
6 11 0.0
6 12 0.0
6 13 0.0
6 14 0.2535319542216642
6 15 0.0
6 16 0.0
6 17 0.0
6 18 0.0
6 19 0.0
6 20 0.0
6 21 0.0
6 22 0.20711517511431343
6 23 0.03620654658649555
6 24 0.22200572773015995
6 25 0.0
6 26 0.0
6 27 0.2874432915407463
6 28 0.0
6 29 0.0
6 30 0.247082395551653
6 31 0.0
6 32 0.0
6 33 0.0
6 34 0.21192422624348575
6 35 0.0
7 8 0.0
7 9 0.0
7 10 0.0
7 11 0.0
7 12 0.0
7 13 0.0
7 14 0.0
7 15 0.0
7 16 0.0
7 17 0.0
7 18 0.0
7 19 0.0
7 20 0.0
7 21 0.0
7 22 0.19311428436613734
7 23 0.0
7 24 0.0
7 25 0.0
7 26 0.0
7 27 0.2680122570019354
7 28 0.0
7 29 0.0
7 30 0.19061181179564796
7 31 0.0
7 32 0.0
7 33 0.0
7 34 0.0
7 35 0.0
8 9 0.0
8 10 0.08478959078835364
8 11 0.06461387848635154
8 12 0.08972070981532766
8 13 0.0
8 14 0.0
8 15 0.0820178953803939
8 16 0.0
8 17 0.2153581107981734
8 18 0.0
8 19 0.0
8 20 0.0
8 21 0.0
8 22 0.0
8 23 0.054142306126677475
8 24 0.15919027503655922
8 25 0.0
8 26 0.0
8 27 0.0
8 28 1.0
8 29 0.0
8 30 0.0
8 31 0.0
8 32 0.0
8 33 0.0
8 34 0.0
8 35 0.0873790871818601
9 10 0.0
9 11 0.0
9 12 0.0
9 13 0.0
9 14 0.0
9 15 0.0
9 16 0.17429324602732374
9 17 0.1345139209400673
9 18 0.0
9 19 0.0
9 20 0.0
9 21 0.04989989280373622
9 22 0.0
9 23 0.174406981941943
9 24 0.0
9 25 0.0
9 26 0.13344836806952468
9 27 0.0
9 28 0.0
9 29 0.0
9 30 0.0
9 31 0.1746069025872867
9 32 0.0
9 33 0.40647525119936956
9 34 0.0
9 35 0.0
10 11 0.058151715799012564
10 12 0.08074756291821565
10 13 0.0
10 14 0.0
10 15 0.0
10 16 0.0
10 17 0.0
10 18 0.0
10 19 0.0
10 20 0.0
10 21 0.0
10 22 0.0
10 23 0.04872742624863077
10 24 0.07520436813916714
10 25 0.0
10 26 0.0
10 27 0.0
10 28 0.08478959078835364
10 29 0.0
10 30 0.0
10 31 0.0
10 32 0.0
10 33 0.0
10 34 0.0
10 35 0.07864013062843749
11 12 0.06153365253867051
11 13 0.0
11 14 0.0
11 15 0.0
11 16 0.0
11 17 0.0
11 18 0.0
11 19 0.0
11 20 0.0
11 21 0.0
11 22 0.0
11 23 0.03713271840691731
11 24 0.05730946286456709
11 25 0.0
11 26 0.0
11 27 0.0
11 28 0.06461387848635154
11 29 0.0
11 30 0.0
11 31 0.12462421077052732
11 32 0.0
11 33 0.12283287034017536
11 34 0.0
11 35 0.059927684487358204
12 13 0.0
12 14 0.0
12 15 0.0
12 16 0.0
12 17 0.0
12 18 0.0
12 19 0.0
12 20 0.0
12 21 0.0
12 22 0.0
12 23 0.051561273380997176
12 24 0.07957803815213227
12 25 0.0
12 26 0.0
12 27 0.0
12 28 0.08972070981532766
12 29 0.0
12 30 0.0
12 31 0.0
12 32 0.0
12 33 0.0
12 34 0.0
12 35 0.08321361471793581
13 14 0.0
13 15 0.036738785691670564
13 16 0.0
13 17 0.0
13 18 0.0
13 19 0.0
13 20 0.0
13 21 0.0
13 22 0.15811142220961874
13 23 0.12245753795613032
13 24 0.0
13 25 0.0
13 26 0.0
13 27 0.21943378897773785
13 28 0.0
13 29 0.022654577606390926
13 30 0.31212506886152197
13 31 0.0
13 32 0.0
13 33 0.0
13 34 0.1937100327339492
13 35 0.0460513826773259
14 15 0.3242719152275709
14 16 0.0
14 17 0.0
14 18 0.0
14 19 0.0
14 20 0.0
14 21 0.0
14 22 0.0
14 23 0.030124864610116986
14 24 0.04649376301391388
14 25 0.0
14 26 0.2537935564218531
14 27 0.0
14 28 0.0
14 29 0.0
14 30 0.03548693388362767
14 31 0.0
14 32 0.0
14 33 0.0
14 34 0.17632691391699884
14 35 0.0
15 16 0.14280827303085158
15 17 0.0
15 18 0.0
15 19 0.0
15 20 0.0
15 21 0.0
15 22 0.0
15 23 0.0
15 24 0.18363503526041647
15 25 0.0
15 26 0.3374352464718301
15 27 0.0
15 28 0.0820178953803939
15 29 0.030554146175031632
15 30 0.0
15 31 0.0849468067087224
15 32 0.1037618438531808
15 33 0.0
15 34 0.09217576413983124
15 35 0.0
16 17 0.0
16 18 0.0
16 19 0.0703569841998846
16 20 0.070400371863335
16 21 0.1561708125585598
16 22 0.0
16 23 0.0
16 24 0.0
16 25 0.0
16 26 0.08151801937978939
16 27 0.0
16 28 0.0
16 29 0.0
16 30 0.0
16 31 0.186721478558427
16 32 0.0
16 33 0.0
16 34 0.2348663184955914
16 35 0.0
17 18 0.0
17 19 0.0
17 20 0.0
17 21 0.0
17 22 0.0
17 23 0.0
17 24 0.0
17 25 0.0
17 26 0.15966709281066627
17 27 0.0
17 28 0.2153581107981734
17 29 0.0
17 30 0.0
17 31 0.19574036032790346
17 32 0.0
17 33 0.0
17 34 0.0
17 35 0.0
18 19 0.0
18 20 0.0
18 21 0.0
18 22 0.0
18 23 0.07608945719476415
18 24 0.0
18 25 0.0
18 26 0.0
18 27 0.0
18 28 0.0
18 29 0.0
18 30 0.0
18 31 0.0
18 32 0.0
18 33 0.0
18 34 0.0
18 35 0.12279911569126419
19 20 0.06744408479525016
19 21 0.09849156915042183
19 22 0.0
19 23 0.0
19 24 0.0
19 25 0.0
19 26 0.07809487458481325
19 27 0.0
19 28 0.0
19 29 0.24713964947617098
19 30 0.0
19 31 0.0
19 32 0.4178979080687948
19 33 0.16512355956685737
19 34 0.21707512121102165
19 35 0.0
20 21 0.26853887332732657
20 22 0.0
20 23 0.0
20 24 0.0
20 25 0.0
20 26 0.07814303404153554
20 27 0.0
20 28 0.0
20 29 0.2993162515166506
20 30 0.0
20 31 0.0
20 32 0.0
20 33 0.0
20 34 0.07652890373007025
20 35 0.0
21 22 0.0
21 23 0.0
21 24 0.0
21 25 0.0
21 26 0.11411571621574879
21 27 0.0
21 28 0.0
21 29 0.0
21 30 0.0
21 31 0.053458076985725335
21 32 0.0
21 33 0.11592793261767398
21 34 0.11175853059046958
21 35 0.0
22 23 0.0
22 24 0.0
22 25 0.0
22 26 0.0
22 27 0.4377592591903388
22 28 0.0
22 29 0.0
22 30 0.5369475789962179
22 31 0.0
22 32 0.15453195375449247
22 33 0.0
22 34 0.0
22 35 0.0
23 24 0.08495456038765282
23 25 0.0
23 26 0.0
23 27 0.0
23 28 0.054142306126677475
23 29 0.0
23 30 0.02818947922707451
23 31 0.0
23 32 0.0
23 33 0.18415765058675918
23 34 0.1265919774934314
23 35 0.16596858764573186
24 25 0.0
24 26 0.0
24 27 0.0
24 28 0.15919027503655922
24 29 0.0
24 30 0.04350675044126483
24 31 0.07832950356452915
24 32 0.09567886107630805
24 33 0.0
24 34 0.08499532973041994
24 35 0.07750112931305235
25 26 0.0
25 27 0.0
25 28 0.0
25 29 0.0
25 30 0.0
25 31 0.0
25 32 0.0
25 33 0.0
25 34 0.0
25 35 0.0
26 27 0.0
26 28 0.0
26 29 0.0
26 30 0.0
26 31 0.0
26 32 0.0
26 33 0.0
26 34 0.08861437080889838
26 35 0.0
27 28 0.0
27 29 0.0
27 30 0.6403772061388527
27 31 0.0
27 32 0.0
27 33 0.0
27 34 0.0
27 35 0.0
28 29 0.0
28 30 0.0
28 31 0.0
28 32 0.0
28 33 0.0
28 34 0.0
28 35 0.0873790871818601
29 30 0.0
29 31 0.0
29 32 0.21052134739118955
29 33 0.0
29 34 0.0
29 35 0.0
30 31 0.0
30 32 0.0
30 33 0.0
30 34 0.0
30 35 0.11548930419841913
31 32 0.07329502026710136
31 33 0.12168963994195708
31 34 0.06511087553844948
31 35 0.0
32 33 0.0
32 34 0.07953241284196233
32 35 0.0
33 34 0.0
33 35 0.0
34 35 0.04760618004191711
