36
0	0	0	0	0	0	0	0	0	0	0	0	0	0	0	0	0	0	0	0	0	0	0	0	0	0	0	0	0	0	0	0	0	0	0	
0	0	0	0	0	0	0	0	0	0	0	0	0	0	0	0	0	0	0	0	0	0	0	0	0	0	0	0	0	0	0	0	0	0	
0	0	0	0	0	0	0	0	0	0	1.0	0	0	0	0	0	0	0	0	0	0	0	0	0	0	0	0	0	0	0	0	0	0	
0	0	0	0	0	0	0	0	0	0	0	0	0	0	0	0	0	0	0	0	0	0	0	0	0	0	0	0	0	0	0	0	
0	0	0	0	0	0	0	0	0	0	0	0	0	0	0	0	0	0	0	0	0	0	0	0	0	0	0	0	0	0	0	
0	0	0	0	0	0	0	0	0	0	0	0	0	0	0	0	0	0	0	0	0	0	0	0	0	0	0	0	0	0	
0	1.0	0	0	0	0	0	0	0	0	0	0	0	0	0	0	0	0	0	1.0	0	0	0	0	0	0	0	0	0	
0	0	0	0	0	0	0	0	0	0	0	0	0	0	0	0	0	0	0	0	1.0	0	0	0	0	0	0	0	
0	0	0	0	0	0	0	0	0	1.0	1.0	0	0	0	0	0	0	0	0	0	0	0	0	0	0	0	0	
0	0	0	0	0	0	0	0	0	0	0	0	0	0	0	0	0	0	0	0	0	0	0	0	0	0	
0	0	0	0	0	0	0	0	0	0	0	0	0	0	0	0	0	0	0	0	0	0	0	0	0	
0	0	0	0	0	0	0	0	0	0	0	0	0	0	0	0	0	0	0	0	0	0	0	0	
0	0	0	0	0	0	0	0	0	0	0	0	0	0	0	0	0	0	0	0	0	0	0	
0	0	0	0	0	0	0	0	0	0	0	0	0	0	0	0	0	0	0	0	0	0	
0	0	0	0	0	0	0	0	0	0	0	0	0	0	0	0	0	0	0	0	0	
0	0	0	0	0	0	0	0	0	0	0	0	0	0	0	0	0	0	0	0	
0	0	0	0	0	0	0	0	0	0	0	0	0	0	0	0	0	0	0	
0	0	0	0	0	0	0	0	0	0	0	0	0	0	0	0	0	0	
0	0	0	0	0	0	0	0	0	0	0	0	0	0	0	0	0	
0	0	0	0	0	0	0	0	0	0	0	0	0	0	0	0	
0	0	0	0	0	0	0	0	0	0	0	0	0	0	0	
0	0	0	0	0	0	0	0	0	0	0	0	0	0	
0	0	0	0	0	0	0	0	0	0	0	0	0	
0	0	0	0	0	0	0	0	0	0	0	0	
0	0	0	0	0	0	0	0	0	0	0	
0	0	0	0	0	0	0	0	0	0	
0	0	0	0	0	0	0	0	0	
0	0	0	0	0	0	0	0	
0	0	0	0	0	0	0	
0	0	0	0	0	0	
0	0	0	0	0	
0	0	0	0	
0	0	0	
0	0	
0	

0	0	0	0	0	1.0	1.0	1.0	2.0	0	2.0	1.0	0	0	2.0	2.0	2.0	2.0	3.0	0	0	0	1.0	2.0	2.0	1.0	0	1.0	2.0	0	2.0	3.0	2.0	1.0	0	
0	0	0	0	0	0	0	0	0	0	0	0	0	0	0	0	0	0	0	0	0	0	0	0	0	0	0	0	0	0	0	0	0	0	
0	0	0	0	0	0	0	0	0	0	0	0	0	0	0	0	0	0	0	0	0	0	0	0	0	0	0	0	0	0	0	0	0	
0	0	0	0	0	0	1.0	0	0	1.0	1.0	0	0	0	0	0	0	0	0	0	0	0	0	0	0	0	0	0	0	0	0	0	
1.0	0	0	0	0	0	0	0	0	0	0	0	0	0	0	0	0	1.0	0	0	0	0	1.0	0	0	1.0	0	0	0	0	0	
0	0	0	0	0	0	0	0	0	0	0	0	0	0	0	0	2.0	0	0	0	0	2.0	0	0	1.0	0	0	0	0	0	
2.0	1.0	1.0	0	1.0	2.0	0	0	1.0	1.0	1.0	1.0	1.0	0	0	0	2.0	1.0	1.0	1.0	0	1.0	1.0	0	1.0	1.0	1.0	1.0	0	
1.0	1.0	0	1.0	2.0	0	0	1.0	1.0	1.0	1.0	1.0	0	0	0	2.0	1.0	1.0	1.0	0	1.0	1.0	0	1.0	1.0	1.0	1.0	0	
3.0	0	3.0	1.0	0	0	3.0	3.0	3.0	3.0	1.0	0	0	0	2.0	3.0	3.0	3.0	0	3.0	3.0	0	3.0	1.0	3.0	3.0	0	
0	5.0	1.0	0	0	5.0	5.0	5.0	5.0	3.0	0	0	0	2.0	5.0	5.0	3.0	0	3.0	5.0	0	5.0	3.0	5.0	3.0	0	
0	0	0	0	0	0	0	0	0	0	0	0	0	0	0	0	0	0	0	0	0	0	0	0	0	
1.0	0	0	6.0	5.0	5.0	5.0	3.0	0	0	0	2.0	5.0	6.0	4.0	0	3.0	5.0	0	5.0	3.0	5.0	4.0	0	
0	0	1.0	1.0	1.0	1.0	1.0	0	0	0	2.0	1.0	1.0	1.0	0	1.0	1.0	0	1.0	1.0	1.0	1.0	0	
2.0	0	0	0	0	0	0	0	0	0	0	0	0	0	0	0	0	0	0	0	0	0	
0	0	0	0	0	0	0	0	0	0	0	0	0	0	0	0	0	0	0	0	0	
5.0	5.0	5.0	3.0	0	0	0	2.0	5.0	6.0	4.0	0	3.0	5.0	0	5.0	3.0	5.0	4.0	0	
5.0	5.0	3.0	0	0	0	2.0	5.0	5.0	3.0	0	3.0	5.0	0	5.0	3.0	5.0	3.0	0	
5.0	3.0	0	0	0	2.0	5.0	5.0	3.0	0	3.0	5.0	0	5.0	3.0	5.0	3.0	0	
3.0	0	0	0	2.0	5.0	5.0	3.0	0	3.0	5.0	0	5.0	3.0	5.0	3.0	0	
0	0	0	1.0	3.0	3.0	1.0	0	1.0	3.0	0	3.0	4.0	3.0	1.0	0	
2.0	0	0	0	0	0	0	0	0	0	0	0	0	0	0	
0	0	0	0	0	0	0	0	0	0	0	0	0	0	
0	0	0	0	2.0	0	0	1.0	0	0	0	0	0	
2.0	2.0	2.0	0	2.0	2.0	0	2.0	1.0	2.0	2.0	0	
5.0	3.0	0	3.0	5.0	0	5.0	3.0	5.0	3.0	0	
4.0	0	3.0	5.0	0	5.0	3.0	5.0	4.0	0	
0	3.0	3.0	0	3.0	1.0	3.0	4.0	0	
0	0	1.0	0	0	0	0	0	
3.0	0	3.0	1.0	3.0	3.0	0	
0	5.0	3.0	5.0	3.0	0	
0	0	0	0	0	
3.0	5.0	3.0	0	
3.0	1.0	0	
3.0	0	
0	

0	0	0	0	0	0	0	0	0	0	0	0	0	0	0	0	0	0	0	0	0	0	0	0	0	0	0	0	0	0	0	0	0	0	0	
0	0	0	0	0	0	0	0	0	0	0	0	0	0	0	0	0	0	0	0	0	0	0	0	0	0	0	0	0	0	0	0	0	0	
0	0	0	0	0	0	0	0	0	0	0	0	0	0	0	0	0	0	0	0	0	0	0	0	0	0	0	0	0	0	0	0	0	
0	0	0	0	0	0	0	0	0	0	0	0	0	0	0	0	0	0	0	0	0	0	0	0	0	0	0	0	0	0	0	0	
0	0	0	0	0	0	0	0	0	0	0	0	0	0	0	0	0	0	0	0	0	0	0	0	0	0	0	0	0	0	0	
0	0	0	0	0	0	0	0	0	0	0	0	0	0	0	0	0	0	0	0	0	0	0	0	0	0	0	0	0	0	
0	0	0	0	0	0	0	0	0	0	0	0	0	0	0	0	0	0	0	0	0	0	0	0	0	0	0	0	0	
0	0	0	0	0	0	0	0	0	0	0	0	0	0	0	0	0	0	0	0	0	0	0	0	0	0	0	0	
0	0	0	0	0	0	0	0	0	0	0	0	0	0	0	0	0	0	0	0	0	0	0	0	0	0	0	
0	0	0	0	0	0	0	0	0	0	0	0	0	0	0	0	0	0	0	0	0	0	0	0	0	0	
0	0	0	0	0	0	0	0	0	0	0	0	0	0	0	0	0	0	0	0	0	0	0	0	0	
0	0	0	0	0	0	0	0	0	0	0	0	0	0	0	0	0	0	0	0	0	0	0	0	
0	0	0	0	0	0	0	0	0	0	0	0	0	0	0	0	0	0	0	0	0	0	0	
0	0	0	0	0	0	0	0	0	0	0	0	0	0	0	0	0	0	0	0	0	0	
0	0	0	0	0	0	0	0	0	0	0	0	0	0	0	0	0	0	0	0	0	
0	0	0	0	0	0	0	0	0	0	0	0	0	0	0	0	0	0	0	0	
0	0	0	0	0	0	0	0	0	0	0	0	0	0	0	0	0	0	0	
0	0	0	0	0	0	0	0	0	0	0	0	0	0	0	0	0	0	
0	0	0	0	0	0	0	0	0	0	0	0	0	0	0	0	0	
0	0	0	0	0	0	0	0	0	0	0	0	0	0	0	0	
0	0	0	0	0	0	0	0	0	0	0	0	0	0	0	
0	0	0	0	0	0	0	0	0	0	0	0	0	0	
0	0	0	0	0	0	0	0	0	0	0	0	0	
0	0	0	0	0	0	0	0	0	0	0	0	
0	0	0	0	0	0	0	0	0	0	0	
0	0	0	0	0	0	0	0	0	0	
0	0	0	0	0	0	0	0	0	
0	0	0	0	0	0	0	0	
0	0	0	0	0	0	0	
0	0	0	0	0	0	
0	0	0	0	0	
0	0	0	0	
0	0	0	
0	0	
0	

0	0	0	0	0	0	0	0	0	0	0	0	0	0	0	0	0	0	0	0	0	0	0	0	0	0	0	0	0	0	0	0	0	0	0	
0	0	0	0	0	0	0	0	0	0	0	0	0	0	0	0	0	0	0	0	0	0	0	0	0	0	0	0	0	0	0	0	0	0	
1.0	1.0	1.0	1.0	1.0	1.0	1.0	0	0	0	0	0	0	0	0	0	0	0	0	0	0	0	0	0	0	0	0	0	0	0	0	0	0	
1.0	1.0	1.0	1.0	1.0	1.0	0	0	0	0	0	0	0	0	0	0	0	0	0	0	0	0	0	0	0	0	0	0	0	0	0	0	
1.0	1.0	1.0	1.0	1.0	0	0	0	0	0	0	0	0	0	0	0	0	0	0	0	0	0	0	0	0	0	0	0	0	0	0	
1.0	1.0	1.0	1.0	0	0	0	0	0	0	0	0	0	0	0	0	0	0	0	0	0	0	0	0	0	0	0	0	0	0	
1.0	1.0	1.0	0	0	0	0	0	0	0	0	0	0	0	0	0	0	0	0	0	0	0	0	0	0	0	0	0	0	
1.0	1.0	0	0	0	0	0	0	0	0	0	0	0	0	0	0	0	0	0	0	0	0	0	0	0	0	0	0	
1.0	0	0	0	0	0	0	0	0	0	0	0	0	0	0	0	0	0	0	0	0	0	0	0	0	0	0	
0	0	0	0	0	0	0	0	0	0	0	0	0	0	0	0	0	0	0	0	0	0	0	0	0	0	
0	0	0	0	0	0	0	0	0	0	0	0	0	0	0	0	0	0	0	0	0	0	0	0	0	
0	0	0	0	0	0	0	0	0	0	0	0	0	0	0	0	0	0	0	0	0	0	0	0	
0	0	0	0	0	0	0	0	0	0	0	0	0	0	0	0	0	0	0	0	0	0	0	
0	0	0	0	0	0	0	0	0	0	0	0	0	0	0	0	0	0	0	0	0	0	
1.0	0	0	0	0	0	0	0	0	0	0	0	0	0	0	0	0	0	0	0	0	
0	0	0	0	0	0	0	0	0	0	0	0	0	0	0	0	0	0	0	0	
1.0	1.0	0	0	0	0	0	0	0	0	0	0	0	0	0	0	0	0	0	
1.0	0	0	0	0	0	0	0	0	0	0	0	0	0	0	0	0	0	
0	0	0	0	0	0	0	0	0	0	0	0	0	0	0	0	0	
0	0	0	0	0	0	0	0	0	0	0	0	0	0	0	0	
1.0	0	0	0	0	0	0	0	0	0	0	0	0	0	0	
0	0	0	0	0	0	0	0	0	0	0	0	0	0	
0	0	0	0	0	0	0	0	0	0	0	0	0	
0	0	0	0	0	0	0	0	0	0	0	0	
0	0	0	0	0	0	0	0	0	0	0	
0	0	0	0	0	0	0	0	0	0	
0	0	0	0	0	0	0	0	0	
0	0	0	0	0	0	0	0	
0	0	0	0	0	0	0	
0	0	0	0	0	0	
0	0	0	0	0	
0	0	0	0	
0	0	0	
0	0	
0	

0	0	0	0	0	0	0	0	0	0	0	0	0	0	0	0	0	0	0	0	0	0	0	0	0	0	0	0	0	0	0	0	0	0	0	
0	0	0	0	0	0	0	0	0	0	0	0	0	0	0	0	0	0	0	0	0	0	0	0	0	0	0	0	0	0	0	0	0	0	
0	0	0	0	0	0	0	0	0	0	0	0	0	0	0	0	0	0	0	0	0	0	0	0	0	0	0	0	0	0	0	0	0	
0	0	0	0	0	0	0	0	0	0	0	0	0	0	0	0	0	0	0	0	0	0	0	0	0	0	0	0	0	0	0	0	
0	0	0	0	0	0	0	0	0	0	0	0	0	0	0	0	0	0	0	0	0	0	0	0	0	0	0	0	0	0	0	
0	0	0	0	0	0	0	0	0	0	0	0	0	0	0	0	0	0	0	0	0	0	0	0	0	0	0	0	0	0	
0	0	0	0	0	0	0	0	0	0	0	0	0	0	0	0	0	0	0	0	0	0	0	0	0	0	0	0	0	
0	0	0	0	0	0	0	0	0	0	0	0	0	0	0	0	0	0	0	0	0	0	0	0	0	0	0	0	
0	0	0	0	0	0	0	0	0	0	0	0	0	0	0	0	0	0	0	0	0	0	0	0	0	0	0	
0	0	0	0	0	0	0	0	0	0	0	0	0	0	0	0	0	0	0	0	0	0	0	0	0	0	
0	0	0	0	0	0	0	0	0	0	0	0	0	0	0	0	0	0	0	0	0	0	0	0	0	
0	0	0	0	0	0	0	0	0	0	0	0	0	0	0	0	0	0	0	0	0	0	0	0	
0	0	0	0	0	0	0	0	0	0	0	0	0	0	0	0	0	0	0	0	0	0	0	
0	0	0	0	0	0	0	0	0	0	0	0	0	0	0	0	0	0	0	0	0	0	
0	0	0	0	0	0	0	0	0	0	0	0	0	0	0	0	0	0	0	0	0	
0	0	0	0	0	0	0	0	0	0	0	0	0	0	0	0	0	0	0	0	
0	0	0	0	0	0	0	0	0	0	0	0	0	0	0	0	0	0	0	
0	0	0	0	0	0	0	0	0	0	0	0	0	0	0	0	0	0	
0	0	0	0	0	0	0	0	0	0	0	0	0	0	0	0	0	
0	0	0	0	0	0	0	0	0	0	0	0	0	0	0	0	
0	0	0	0	0	0	0	0	0	0	0	0	0	0	0	
0	0	0	0	0	0	0	0	0	0	0	0	0	0	
0	0	0	0	0	0	0	0	0	0	0	0	0	
0	0	0	0	0	0	0	0	0	0	0	0	
0	0	0	0	0	0	0	0	0	0	0	
0	0	0	0	0	0	0	0	0	0	
0	0	0	0	0	0	0	0	0	
0	0	0	0	0	0	0	0	
0	0	0	0	0	0	0	
0	0	0	0	0	0	
0	0	0	0	0	
0	0	0	0	
0	0	0	
0	0	
0	

0	0	0	0	0	0	0	0	0	0	0	0	0	0	0	0	0	0	0	0	0	0	0	0	0	0	0	0	0	0	0	0	0	0	0	
0	0	0	0	0	0	0	0	0	0	0	0	0	0	0	0	0	0	0	0	0	0	0	0	0	0	0	0	0	0	0	0	0	0	
0	0	0	0	0	0	0	0	0	0	0	0	0	0	0	0	0	0	0	0	0	0	0	0	0	0	0	0	0	0	0	0	0	
0	0	0	0	0	0	0	0	0	0	0	0	0	0	0	0	0	0	0	0	0	0	0	0	0	0	0	0	0	0	0	0	
0	0	0	0	0	0	0	0	0	0	0	0	0	0	0	0	0	0	0	0	0	0	0	0	0	0	0	0	0	0	0	
0	0	0	0	0	0	0	0	0	0	0	0	0	0	0	0	0	0	0	0	0	0	0	0	0	0	0	0	0	0	
0	0	0	0	0	0	0	0	0	0	0	0	0	0	0	0	0	0	0	0	0	0	0	0	0	0	0	0	0	
0	0	0	0	0	0	0	0	0	0	0	0	0	0	0	0	0	0	0	0	0	0	0	0	0	0	0	0	
0	0	0	0	0	0	0	0	0	0	0	0	0	0	0	0	0	0	0	0	0	0	0	0	0	0	0	
0	0	0	0	0	0	0	0	0	0	0	0	0	0	0	0	0	0	0	0	0	0	0	0	0	0	
0	0	0	0	0	0	0	0	0	0	0	0	0	0	0	0	0	0	0	0	0	0	0	0	0	
0	0	0	0	0	0	0	0	0	0	0	0	0	0	0	0	0	0	0	0	0	0	0	0	
0	0	0	0	0	0	0	0	0	0	0	0	0	0	0	0	0	0	0	0	0	0	0	
0	0	0	0	0	0	0	0	0	0	0	0	0	0	0	0	0	0	0	0	0	0	
0	0	0	0	0	0	0	0	0	0	0	0	0	0	0	0	0	0	0	0	0	
0	0	0	0	0	0	0	0	0	0	0	0	0	0	0	0	0	0	0	0	
0	0	0	0	0	0	0	0	0	0	0	0	0	0	0	0	0	0	0	
0	0	0	0	0	0	0	0	0	0	0	0	0	0	0	0	0	0	
0	0	0	0	0	0	0	0	0	0	0	0	0	0	0	0	0	
0	0	0	0	0	0	0	0	0	0	0	0	0	0	0	0	
0	0	0	0	0	0	0	0	0	0	0	0	0	0	0	
0	0	0	0	0	0	0	0	0	0	0	0	0	0	
0	0	0	0	0	0	0	0	0	0	0	0	0	
0	0	0	0	0	0	0	0	0	0	0	0	
0	0	0	0	0	0	0	0	0	0	0	
0	0	0	0	0	0	0	0	0	0	
0	0	0	0	0	0	0	0	0	
0	0	0	0	0	0	0	0	
0	0	0	0	0	0	0	
0	0	0	0	0	0	
0	0	0	0	0	
0	0	0	0	
0	0	0	
0	0	
0	

0	0	0	0	0	0	0	0	0	0	0	0	0	0	0	0.039974311431381554	0	0	0.3609813274310407	0.03458177212140319	0.0569377381190209	0	0	0	0	0.050605957482450024	0	0	0.06374597605354396	0	0	0.10444439815508838	0.09470197465915026	0.18785980378877026	0	
0	0	0	0	0	0.13698936300290118	0	0	0	0	0	0.20355561815246823	0	0.10307283153219547	0	0	0	0	0	0	0	0	0	0	0	0	0	0	0	0	0	0	0	0	
0	0	0	0	0	0	0	0	0	0	0	0	0	0	0	0	0	0	0	0	0	0	0	0	0	0	0	0	0	0	0	0	0.13656054598971978	
0	0	0.15406354156847105	0	0.06973744466060307	0	0.05200404906133815	0.04922995483649121	0.42888155731276545	0	0	0	0	0	0	0.07505401342664171	0	0	0	0.04337990992488661	0.06479843790566076	0	0	0	0.06973744466060307	0	0	0	0	0	0.07832540149350392	0.057346846597910804	
0.2873938759106784	0.112015782372721	0	0	0	0	0	0	0.08976438562855622	0.08769726199438889	0	0	0	0	0	0	0	0.10184660657677236	0.06855426617491042	0.10240245698054391	0	0	0.13122904179948316	0	0	0.2875450346761282	0	0	0	0	0	
0.23169025752325265	0.0970361600467881	0	0	0	0	0	0.08290891620817055	0.08099966256623856	0	0	0	0	0	0	0	0.18813679192773072	0.06331865216041903	0.09458179506115626	0	0	0.2424136823183615	0	0	0.3602051291632549	0	0	0	0	0	
0.08469673904769477	0	0	0	0	0	0	0.23923367514911933	0	0	0	0	0	0	0	0.08210636510910084	0.055266854709594186	0.348810596235717	0	0	0.10579380090375208	0	0	0.14922391580878683	0	0	0	0.1480714015302929	0	
0	0	0	0	0	0	0	0	0	0	0	0	0	0	0.062133107494680165	0	0	0	0	0.08005831941396004	0	0	0.062497732671286936	0	0	0	0	0	
0	0.04836245902363375	0.045782621093733	0.05303418829599822	0	0	0.12756555922825863	0	0.14738986033185564	0	0	0	0	0	0.04034222630850791	0.2116427436057953	0	0	0	1.0	0	0	0	0	0	0	0.053331126494685806	
0	0	0	0	0	0	0.22374384339744585	0.09050727832485987	0	0	0	0.0895702640863982	0	0.10768922610271356	0	0	0.1018208106749743	0	0	0	0	0.24773849152286434	0	0.10814575846414115	0	0	
0.03414064976286955	0.03954823041618294	0	0	0	0	0	0	0	0	0	0	0.03008368210796311	0.04493729033605364	0	0	0	0.04836245902363375	0	0	0	0	0	0	0.03976966079304702	
0.03743857704148038	0	0	0	0	0	0	0	0	0	0	0.028478903820422504	0.042540163961249995	0	0	0	0.045782621093733	0	0	0.10237780178418515	0	0.09189031640185721	0	0.03764819547791382	
0	0	0	0	0	0	0	0	0	0	0.03298971338018601	0.0492781542813938	0	0	0	0.05303418829599822	0	0	0	0	0	0	0.043611340728885055	
0	0.10722249979826211	0	0	0	0	0	0	0.053087308901607774	0.08518249085569017	0	0	0	0.06840283552913189	0	0	0.10679769848159573	0	0	0	0.1914763178734692	0.11260851496436047	
0.2596622746341182	0	0	0	0	0	0	0	0.04326847283846162	0.06463197953500943	0	0.26389114185853546	0	0	0	0.05216916307372766	0	0	0	0.11592524034399618	0	
0.1387539835764069	0	0	0	0	0	0	0	0.21149795535807359	0	0.2596622746341182	0	0.12756555922825863	0	0	0.06963474852365947	0.0881631979972665	0	0.06994995824951196	0	
0	0	0.03680924753892592	0.029877761682219443	0.14087841200425077	0	0	0	0	0.04372224569791137	0	0	0	0	0.25358940248809997	0	0	0.16230603878728114	0	
0	0	0	0	0	0	0	0	0.11728481076376765	0	0.14738986033185564	0	0	0.13878763179309359	0	0	0	0	
0	0	0	0	0.0773447034768826	0	0	0	0	0	0	0	0	0	0	0	0.1022472119727731	
0.031843675720006355	0.05242955342275783	0	0	0	0	0.04659910700684417	0	0	0.1602738273893105	0	0	0.2626001589124371	0.20518747516375024	0.13853732492026155	0	
0.17981102121836037	0	0	0	0	0.03782410961491114	0	0	0.24734299247503536	0	0	0	0	0.03323164974030679	0	
0	0	0	0	0.06227613900983528	0	0	0	0	0.10151818886038828	0	0.15767626406079477	0.054714806503670915	0	
0	0	0	0	0.15521961477459092	0	0	0.18175888640683144	0	0.18523143929864241	0	0	0	
0.08800886223954099	0	0	0	0.04034222630850791	0	0.04078141791596028	0	0	0	0.09062050059717097	0.1397634787868001	
0	0	0	0.2116427436057953	0	0.060916958589997815	0.08263543340428378	0.10462311175485145	0	0.0830094922306787	0.049554062461326674	
0	0	0	0	0	0	0	0	0	0	
0	0	0	0	0	0	0	0.04863022773748472	0	
0	0	0.2341957705162207	0	0	0	0	0	
0	0	0	0	0	0	0.053331126494685806	
0	0	0.07720711206938871	0	0	0	
0	0	0	0	0.1738770136590483	
0.07836552196188777	0.0905945858023643	0.062176340173200395	0	
0	0.07872025254134123	0	
0	0	
0.11979738905337138	

0	0	1.0	1.0	0	1.0	1.0	1.0	1.0	1.0	1.0	1.0	0	0	1.0	1.0	1.0	1.0	1.0	1.0	1.0	0	1.0	1.0	1.0	1.0	1.0	1.0	0	0	1.0	1.0	1.0	1.0	0	
0	0	0	0	0	0	0	0	0	0	0	0	0	0	0	0	0	0	0	0	0	0	0	0	0	0	0	0	0	0	0	0	0	0	
0	0	0	0	0	0	0	0	0	0	0	0	0	0	0	0	0	0	0	0	0	0	0	0	0	0	0	0	0	0	0	0	0	
1.0	0	1.0	1.0	1.0	1.0	1.0	1.0	1.0	0	0	1.0	1.0	1.0	1.0	1.0	1.0	1.0	0	1.0	1.0	1.0	1.0	1.0	1.0	0	0	1.0	1.0	1.0	1.0	0	
0	1.0	1.0	1.0	1.0	1.0	1.0	1.0	0	0	1.0	1.0	1.0	1.0	1.0	1.0	1.0	0	1.0	1.0	1.0	1.0	1.0	1.0	0	0	1.0	1.0	1.0	1.0	0	
0	0	0	0	0	0	0	0	0	0	0	0	0	0	0	0	0	0	0	0	0	0	0	0	0	0	0	0	0	0	
1.0	1.0	1.0	1.0	1.0	1.0	0	0	1.0	1.0	1.0	1.0	1.0	1.0	1.0	0	1.0	1.0	1.0	1.0	1.0	1.0	0	0	1.0	1.0	1.0	1.0	0	
1.0	1.0	1.0	1.0	1.0	0	0	1.0	1.0	1.0	1.0	1.0	1.0	1.0	0	1.0	1.0	1.0	1.0	1.0	1.0	0	0	1.0	1.0	1.0	1.0	0	
1.0	1.0	1.0	1.0	0	0	1.0	1.0	1.0	1.0	1.0	1.0	1.0	0	1.0	1.0	1.0	1.0	1.0	1.0	0	0	1.0	1.0	1.0	1.0	0	
1.0	1.0	1.0	0	0	1.0	1.0	1.0	1.0	1.0	1.0	1.0	0	1.0	1.0	1.0	1.0	1.0	1.0	0	0	1.0	1.0	1.0	1.0	0	
1.0	1.0	0	0	1.0	1.0	1.0	1.0	1.0	1.0	1.0	0	1.0	1.0	1.0	1.0	1.0	1.0	0	0	1.0	1.0	1.0	1.0	0	
1.0	0	0	1.0	1.0	1.0	1.0	1.0	1.0	1.0	0	1.0	1.0	1.0	1.0	1.0	1.0	0	0	1.0	1.0	1.0	1.0	0	
0	0	1.0	1.0	1.0	1.0	1.0	1.0	1.0	0	1.0	1.0	1.0	1.0	1.0	1.0	0	0	1.0	1.0	1.0	1.0	0	
0	0	0	0	0	0	0	0	0	0	0	0	0	0	0	0	0	0	0	0	0	0	
0	0	0	0	0	0	0	0	0	0	0	0	0	0	0	0	0	0	0	0	0	
1.0	1.0	1.0	1.0	1.0	1.0	0	1.0	1.0	1.0	1.0	1.0	1.0	0	0	1.0	1.0	1.0	1.0	0	
1.0	1.0	1.0	1.0	1.0	0	1.0	1.0	1.0	1.0	1.0	1.0	0	0	1.0	1.0	1.0	1.0	0	
1.0	1.0	1.0	1.0	0	1.0	1.0	1.0	1.0	1.0	1.0	0	0	1.0	1.0	1.0	1.0	0	
1.0	1.0	1.0	0	1.0	1.0	1.0	1.0	1.0	1.0	0	0	1.0	1.0	1.0	1.0	0	
1.0	1.0	0	1.0	1.0	1.0	1.0	1.0	1.0	0	0	1.0	1.0	1.0	1.0	0	
1.0	0	1.0	1.0	1.0	1.0	1.0	1.0	0	0	1.0	1.0	1.0	1.0	0	
0	1.0	1.0	1.0	1.0	1.0	1.0	0	0	1.0	1.0	1.0	1.0	0	
0	0	0	0	0	0	0	0	0	0	0	0	0	
1.0	1.0	1.0	1.0	1.0	0	0	1.0	1.0	1.0	1.0	0	
1.0	1.0	1.0	1.0	0	0	1.0	1.0	1.0	1.0	0	
1.0	1.0	1.0	0	0	1.0	1.0	1.0	1.0	0	
1.0	1.0	0	0	1.0	1.0	1.0	1.0	0	
1.0	0	0	1.0	1.0	1.0	1.0	0	
0	0	1.0	1.0	1.0	1.0	0	
0	0	0	0	0	0	
0	0	0	0	0	
1.0	1.0	1.0	0	
1.0	1.0	0	
1.0	0	
0	

