0 1 0.0
0 2 0.0
0 3 0.0
0 4 0.0
0 5 0.0
0 6 0.0
0 7 0.0
0 8 0.0
0 9 0.0
0 10 0.0
0 11 0.0
0 12 0.0
0 13 0.0
0 14 0.0
0 15 0.14523565161636073
0 16 0.0
0 17 0.0
0 18 0.0
0 19 0.0
0 20 0.0
0 21 0.0
0 22 0.0
0 23 0.0
0 24 0.0
0 25 0.0
0 26 0.0
0 27 0.0
0 28 0.0
0 29 0.0
0 30 0.0
0 31 0.0
0 32 0.0
0 33 0.0
0 34 0.0
0 35 0.0
0 36 0.0
0 37 0.0
0 38 0.0
0 39 0.0
0 40 0.0
0 41 0.0
0 42 0.0
0 43 0.0
0 44 0.0
0 45 0.0
0 46 0.0
0 47 0.0
0 48 0.0
0 49 0.0
0 50 0.0
0 51 0.0
0 52 0.14196966611671472
0 53 0.0
0 54 0.0
0 55 0.0
0 56 0.0
0 57 0.0
0 58 0.0
0 59 0.0
0 60 0.0
0 61 0.0
0 62 0.0
0 63 0.0
0 64 0.0
0 65 0.0
0 66 0.0
0 67 0.0
0 68 0.0
0 69 0.0
0 70 0.0
0 71 0.0
0 72 0.0
0 73 0.0
0 74 0.0
0 75 0.0
0 76 0.0
0 77 0.12332041307072646
0 78 0.0
0 79 0.0
0 80 0.0
0 81 0.0
0 82 0.0
0 83 0.0
0 84 0.0
0 85 0.0
0 86 0.0
0 87 0.0
0 88 0.0
0 89 0.0
0 90 0.0
0 91 0.0
0 92 0.0
0 93 0.0
0 94 0.041253179819472977
0 95 0.041836983515849566
0 96 0.0
0 97 0.0
0 98 0.0
0 99 0.0
0 100 0.0
0 101 0.0
0 102 0.0
0 103 0.0
0 104 0.0
0 105 0.0
0 106 0.0
1 2 0.07819192780451537
1 3 0.0
1 4 0.0
1 5 0.0
1 6 0.0
1 7 0.0
1 8 0.0
1 9 0.0
1 10 0.0
1 11 0.0
1 12 0.0
1 13 0.0
1 14 0.0
1 15 0.0
1 16 0.0
1 17 0.0
1 18 0.0
1 19 0.0
1 20 0.0
1 21 0.0
1 22 0.0
1 23 0.0
1 24 0.0
1 25 0.0
1 26 0.0
1 27 0.0
1 28 0.0
1 29 0.0
1 30 0.0
1 31 0.0
1 32 0.0
1 33 0.0
1 34 0.0
1 35 0.0
1 36 0.0
1 37 0.0
1 38 0.0
1 39 0.07146101413747406
1 40 0.0
1 41 0.0
1 42 0.0
1 43 0.0
1 44 0.0
1 45 0.0
1 46 0.0
1 47 0.0
1 48 0.0
1 49 0.0
1 50 0.0
1 51 0.0
1 52 0.07022469818797325
1 53 0.0509747927289867
1 54 0.0
1 55 0.0
1 56 0.0
1 57 0.0
1 58 0.0
1 59 0.0
1 60 0.0
1 61 0.0
1 62 0.0
1 63 0.0
1 64 0.0
1 65 0.0
1 66 0.0
1 67 0.0
1 68 0.0
1 69 0.0
1 70 0.0
1 71 0.0
1 72 0.0
1 73 0.0
1 74 0.0
1 75 0.0
1 76 0.0
1 77 0.06099992361176908
1 78 0.05247444886282184
1 79 0.0
1 80 0.0
1 81 0.0
1 82 0.0
1 83 0.0636702056231722
1 84 0.0
1 85 0.0
1 86 0.0
1 87 0.0
1 88 0.0
1 89 0.0
1 90 0.0
1 91 0.0
1 92 0.0
1 93 0.0
1 94 0.0
1 95 0.0
1 96 0.0
1 97 0.0
1 98 0.0
1 99 0.0
1 100 0.0
1 101 0.0
1 102 0.0
1 103 0.0
1 104 0.0
1 105 0.0
1 106 0.0
2 3 0.0
2 4 0.0
2 5 0.0
2 6 0.0
2 7 0.0
2 8 0.0
2 9 0.0
2 10 0.0
2 11 0.0
2 12 0.0
2 13 0.0
2 14 0.0
2 15 0.0
2 16 0.0
2 17 0.0
2 18 0.0
2 19 0.0
2 20 0.0
2 21 0.0
2 22 0.0
2 23 0.0
2 24 0.0
2 25 0.0
2 26 0.0
2 27 0.0
2 28 0.0
2 29 0.0
2 30 0.0
2 31 0.0
2 32 0.0
2 33 0.0
2 34 0.0
2 35 0.0
2 36 0.0
2 37 0.0
2 38 0.17468659916734003
2 39 0.08514133470188606
2 40 0.0
2 41 0.0
2 42 0.0
2 43 0.0714867172728536
2 44 0.0
2 45 0.0
2 46 0.0
2 47 0.0
2 48 0.0
2 49 0.0
2 50 0.0
2 51 0.0
2 52 0.20350768550088746
2 53 0.14772241611342618
2 54 0.0
2 55 0.0
2 56 0.0
2 57 0.0
2 58 0.0
2 59 0.0
2 60 0.0
2 61 0.0
2 62 0.0
2 63 0.0
2 64 0.0
2 65 0.0
2 66 0.0
2 67 0.0
2 68 0.0
2 69 0.0
2 70 0.0
2 71 0.0
2 72 0.0
2 73 0.0
2 74 0.0
2 75 0.0
2 76 0.0
2 77 0.14429340959528456
2 78 0.15206834506319655
2 79 0.0
2 80 0.0
2 81 0.0
2 82 0.0
2 83 0.07585907299148817
2 84 0.0
2 85 0.0
2 86 0.0
2 87 0.06543026337220241
2 88 0.0
2 89 0.0
2 90 0.0
2 91 0.0
2 92 0.0
2 93 0.0
2 94 0.0
2 95 0.0
2 96 0.0
2 97 0.0
2 98 0.0
2 99 0.0
2 100 0.0
2 101 0.0
2 102 0.0
2 103 0.0
2 104 0.0
2 105 0.0
2 106 0.0
3 4 0.0
3 5 0.0
3 6 0.0
3 7 0.0
3 8 0.0
3 9 0.0
3 10 0.0
3 11 0.0
3 12 0.0
3 13 0.0
3 14 0.0
3 15 0.0
3 16 0.0
3 17 0.0
3 18 0.0
3 19 0.0
3 20 0.0
3 21 0.0
3 22 0.0
3 23 0.0
3 24 0.0
3 25 0.0
3 26 0.0
3 27 0.0
3 28 0.0
3 29 0.0
3 30 0.0
3 31 0.0
3 32 0.0
3 33 0.0
3 34 0.0
3 35 0.0
3 36 0.0
3 37 0.0
3 38 0.0
3 39 0.0
3 40 0.0
3 41 0.0
3 42 0.0
3 43 0.0
3 44 0.0
3 45 0.0
3 46 0.0
3 47 0.0
3 48 0.0
3 49 0.0
3 50 0.0
3 51 0.0
3 52 0.0
3 53 0.0
3 54 0.0
3 55 0.0
3 56 0.0
3 57 0.0
3 58 0.0
3 59 0.0
3 60 0.0
3 61 0.0
3 62 0.0
3 63 0.0
3 64 0.0
3 65 0.16805860377935852
3 66 0.0
3 67 0.10398357966823188
3 68 0.0
3 69 0.0
3 70 0.0
3 71 0.0
3 72 0.0
3 73 0.0
3 74 0.0
3 75 0.0
3 76 0.0
3 77 0.0
3 78 0.0
3 79 0.0
3 80 0.0
3 81 0.0
3 82 0.0
3 83 0.0
3 84 0.0
3 85 0.0
3 86 0.0
3 87 0.0
3 88 0.0
3 89 0.0
3 90 0.0
3 91 0.0
3 92 0.0
3 93 0.0
3 94 0.0
3 95 0.0
3 96 0.0
3 97 0.0
3 98 0.0
3 99 0.0
3 100 0.0
3 101 0.0
3 102 0.0
3 103 0.0
3 104 0.0
3 105 0.16805860377935852
3 106 0.0
4 5 0.0
4 6 0.0
4 7 0.0
4 8 0.0
4 9 0.0
4 10 0.0
4 11 0.0
4 12 0.0
4 13 0.0
4 14 0.0
4 15 0.0
4 16 0.0
4 17 0.0
4 18 0.0
4 19 0.0
4 20 0.0
4 21 0.0
4 22 0.0
4 23 0.0
4 24 0.0
4 25 0.0
4 26 0.0
4 27 0.0
4 28 0.0
4 29 0.0
4 30 0.0
4 31 0.0
4 32 0.0
4 33 0.0
4 34 0.0
4 35 0.0
4 36 0.0
4 37 0.0
4 38 0.0
4 39 0.0
4 40 0.08105154670018486
4 41 0.0
4 42 0.0
4 43 0.07178110040324232
4 44 0.0
4 45 0.0
4 46 0.0
4 47 0.0
4 48 0.0
4 49 0.0
4 50 0.0
4 51 0.0
4 52 0.0
4 53 0.0
4 54 0.0
4 55 0.0
4 56 0.0
4 57 0.0
4 58 0.0
4 59 0.0
4 60 0.0
4 61 0.0
4 62 0.0
4 63 0.0
4 64 0.0
4 65 0.0
4 66 0.7137083169792948
4 67 0.0
4 68 0.0
4 69 0.0
4 70 0.0
4 71 0.0
4 72 0.0
4 73 0.08167374378085089
4 74 0.0
4 75 0.0
4 76 0.0
4 77 0.0
4 78 0.0
4 79 0.0
4 80 0.0
4 81 0.0
4 82 0.0
4 83 0.0
4 84 0.0
4 85 0.0
4 86 0.0
4 87 0.0
4 88 0.0
4 89 0.0
4 90 0.0
4 91 0.0
4 92 0.0
4 93 0.0
4 94 0.0
4 95 0.0
4 96 0.0
4 97 0.05866412271568319
4 98 0.0
4 99 0.0
4 100 0.0
4 101 0.0
4 102 0.0
4 103 0.0
4 104 0.0724910901847695
4 105 0.0
4 106 0.0
5 6 0.15045768207825175
5 7 0.04337608445299367
5 8 0.0
5 9 0.04706335296514954
5 10 0.0
5 11 0.03748352739180178
5 12 0.0
5 13 0.0
5 14 0.0
5 15 0.0
5 16 0.0
5 17 0.0
5 18 0.0
5 19 0.0
5 20 0.043504587164403814
5 21 0.04008001118441954
5 22 0.0
5 23 0.0
5 24 0.0
5 25 0.0
5 26 0.0
5 27 0.0
5 28 0.0
5 29 0.0
5 30 0.0
5 31 0.05026511689691543
5 32 0.041780052652566596
5 33 0.0
5 34 0.0
5 35 0.03362340898446467
5 36 0.0
5 37 0.0
5 38 0.0
5 39 0.0
5 40 0.0
5 41 0.0
5 42 0.0
5 43 0.0
5 44 0.0
5 45 0.0
5 46 0.0
5 47 0.0
5 48 0.0
5 49 0.0
5 50 0.0
5 51 0.0
5 52 0.0
5 53 0.0
5 54 0.0
5 55 0.0
5 56 0.0
5 57 0.0
5 58 0.0
5 59 0.0
5 60 0.0
5 61 0.0
5 62 0.0
5 63 0.0
5 64 0.0
5 65 0.0
5 66 0.0
5 67 0.0
5 68 0.0
5 69 0.0
5 70 0.0
5 71 0.0
5 72 0.0
5 73 0.0
5 74 0.0
5 75 0.0
5 76 0.03982656868850095
5 77 0.0
5 78 0.0
5 79 0.0
5 80 0.0
5 81 0.0
5 82 0.0
5 83 0.0
5 84 0.0
5 85 0.0
5 86 0.0
5 87 0.0
5 88 0.0
5 89 0.0
5 90 0.0
5 91 0.0
5 92 0.0
5 93 0.0
5 94 0.0
5 95 0.0
5 96 0.0
5 97 0.0
5 98 0.0
5 99 0.0
5 100 0.0
5 101 0.0
5 102 0.0
5 103 0.0
5 104 0.0
5 105 0.0
5 106 0.0
6 7 0.0
6 8 0.0
6 9 0.0
6 10 0.0
6 11 0.0
6 12 0.0
6 13 0.0
6 14 0.0
6 15 0.0
6 16 0.0
6 17 0.0
6 18 0.0
6 19 0.0
6 20 0.0
6 21 0.0
6 22 0.0
6 23 0.0
6 24 0.0
6 25 0.0
6 26 0.0
6 27 0.0
6 28 0.0
6 29 0.0
6 30 0.08821036359433543
6 31 0.0
6 32 0.0885223055904074
6 33 0.0
6 34 0.0
6 35 0.0
6 36 0.0
6 37 0.0
6 38 0.0
6 39 0.0
6 40 0.0
6 41 0.0
6 42 0.0
6 43 0.0
6 44 0.0
6 45 0.0
6 46 0.0
6 47 0.0
6 48 0.0
6 49 0.0
6 50 0.0
6 51 0.0
6 52 0.0
6 53 0.0
6 54 0.0
6 55 0.0
6 56 0.0
6 57 0.0
6 58 0.0
6 59 0.0
6 60 0.0
6 61 0.0
6 62 0.0
6 63 0.0
6 64 0.0
6 65 0.0
6 66 0.0
6 67 0.0
6 68 0.0
6 69 0.0
6 70 0.0
6 71 0.0
6 72 0.0
6 73 0.0
6 74 0.0
6 75 0.0
6 76 0.0
6 77 0.0
6 78 0.0
6 79 0.0
6 80 0.0
6 81 0.0
6 82 0.0
6 83 0.0
6 84 0.0
6 85 0.0789078429109312
6 86 0.0
6 87 0.0
6 88 0.0
6 89 0.0
6 90 0.0
6 91 0.0
6 92 0.0
6 93 0.0
6 94 0.0
6 95 0.0
6 96 0.0
6 97 0.0
6 98 0.0
6 99 0.0
6 100 0.0
6 101 0.0
6 102 0.0
6 103 0.0
6 104 0.0
6 105 0.0
6 106 0.0
7 8 0.0
7 9 0.24084643305090128
7 10 0.0
7 11 0.03599983776971212
7 12 0.0
7 13 0.0
7 14 0.0
7 15 0.0
7 16 0.0
7 17 0.0
7 18 0.0
7 19 0.0
7 20 0.04178256928133665
7 21 0.03849354638813767
7 22 0.0
7 23 0.0
7 24 0.0
7 25 0.0
7 26 0.0
7 27 0.0
7 28 0.0
7 29 0.0
7 30 0.0
7 31 0.048275500724628814
7 32 0.04012629606015661
7 33 0.0
7 34 0.0
7 35 0.0322925122828795
7 36 0.0
7 37 0.0
7 38 0.0
7 39 0.0
7 40 0.0
7 41 0.0
7 42 0.0
7 43 0.0
7 44 0.0
7 45 0.0
7 46 0.0
7 47 0.0
7 48 0.0
7 49 0.0
7 50 0.0
7 51 0.0
7 52 0.0
7 53 0.0
7 54 0.0
7 55 0.0
7 56 0.0
7 57 0.0
7 58 0.0
7 59 0.0
7 60 0.0
7 61 0.0
7 62 0.0
7 63 0.0
7 64 0.0
7 65 0.0
7 66 0.0
7 67 0.0
7 68 0.0
7 69 0.0
7 70 0.0
7 71 0.0
7 72 0.0
7 73 0.0
7 74 0.0
7 75 0.0
7 76 0.038250135765608706
7 77 0.0
7 78 0.0
7 79 0.0
7 80 0.0
7 81 0.0
7 82 0.0
7 83 0.0
7 84 0.0
7 85 0.0
7 86 0.0
7 87 0.0
7 88 0.0
7 89 0.0
7 90 0.0
7 91 0.0
7 92 0.0
7 93 0.0
7 94 0.0
7 95 0.0
7 96 0.0
7 97 0.0
7 98 0.0
7 99 0.0
7 100 0.0
7 101 0.0
7 102 0.0
7 103 0.0
7 104 0.0
7 105 0.0
7 106 0.0
8 9 0.0
8 10 0.0
8 11 0.0
8 12 0.0
8 13 0.0
8 14 0.0
8 15 0.0
8 16 0.0
8 17 0.0
8 18 0.0
8 19 0.0
8 20 0.0
8 21 0.0
8 22 0.0
8 23 0.0
8 24 0.0
8 25 0.0
8 26 0.0
8 27 0.0
8 28 0.0
8 29 0.0
8 30 0.0
8 31 0.0
8 32 0.0
8 33 0.0
8 34 0.0
8 35 0.0
8 36 0.0
8 37 0.0
8 38 0.0
8 39 0.0
8 40 0.0
8 41 0.0
8 42 0.0
8 43 0.0
8 44 0.0
8 45 0.0
8 46 0.0
8 47 0.10672678409886979
8 48 0.0
8 49 0.09775354978623071
8 50 0.0
8 51 0.0
8 52 0.0
8 53 0.0
8 54 0.0
8 55 0.0
8 56 0.0
8 57 0.0
8 58 0.0
8 59 0.0
8 60 0.0
8 61 0.0
8 62 0.0
8 63 0.0
8 64 0.0
8 65 0.0
8 66 0.0
8 67 0.0
8 68 0.0
8 69 0.0
8 70 0.0
8 71 0.0
8 72 0.0
8 73 0.0
8 74 0.0
8 75 0.0
8 76 0.0
8 77 0.0
8 78 0.0
8 79 0.0
8 80 0.0
8 81 0.0
8 82 0.0
8 83 0.0
8 84 0.0
8 85 0.0
8 86 0.05952365468081805
8 87 0.0
8 88 0.0
8 89 0.0
8 90 0.0
8 91 0.0
8 92 0.0
8 93 0.0
8 94 0.0
8 95 0.0
8 96 0.0
8 97 0.0
8 98 0.0
8 99 0.0
8 100 0.0
8 101 0.0
8 102 0.0
8 103 0.0
8 104 0.0
8 105 0.0
8 106 0.0
9 10 0.0
9 11 0.03906007407100459
9 12 0.0
9 13 0.08525233634620902
9 14 0.0
9 15 0.0
9 16 0.0
9 17 0.0
9 18 0.0
9 19 0.0
9 20 0.04533437793375204
9 21 0.04176576524578966
9 22 0.0
9 23 0.0
9 24 0.0
9 25 0.0
9 26 0.0
9 27 0.0
9 28 0.0
9 29 0.0
9 30 0.1551875143639379
9 31 0.05237925365611769
9 32 0.2646321919200726
9 33 0.0
9 34 0.0
9 35 0.03503760016300166
9 36 0.0
9 37 0.0
9 38 0.0
9 39 0.0
9 40 0.11774192904224307
9 41 0.10698757365357893
9 42 0.0
9 43 0.0
9 44 0.0
9 45 0.0
9 46 0.0
9 47 0.0
9 48 0.0
9 49 0.0
9 50 0.0
9 51 0.0
9 52 0.0
9 53 0.0
9 54 0.0
9 55 0.0
9 56 0.0
9 57 0.0
9 58 0.0
9 59 0.0
9 60 0.0
9 61 0.13492829714005944
9 62 0.0
9 63 0.0
9 64 0.0
9 65 0.0
9 66 0.0
9 67 0.0
9 68 0.0
9 69 0.0
9 70 0.0
9 71 0.0
9 72 0.0
9 73 0.0
9 74 0.0
9 75 0.0
9 76 0.04150166302937218
9 77 0.0
9 78 0.0
9 79 0.0
9 80 0.0
9 81 0.0
9 82 0.0
9 83 0.0
9 84 0.0
9 85 0.0
9 86 0.0
9 87 0.0
9 88 0.0
9 89 0.0
9 90 0.0
9 91 0.0
9 92 0.0
9 93 0.0
9 94 0.0
9 95 0.0
9 96 0.0
9 97 0.0852201747570063
9 98 0.0
9 99 0.0
9 100 0.0
9 101 0.0
9 102 0.0
9 103 0.07585290357145952
9 104 0.10530632843198424
9 105 0.0
9 106 0.0
10 11 0.0
10 12 0.0
10 13 0.0
10 14 0.0
10 15 0.0
10 16 0.0
10 17 0.0
10 18 0.0
10 19 0.19992251724841326
10 20 0.0
10 21 0.25231748082458544
10 22 0.0
10 23 0.0
10 24 0.0
10 25 0.21602027748242206
10 26 0.0
10 27 0.0
10 28 0.0
10 29 0.0
10 30 0.0
10 31 0.0
10 32 0.0
10 33 0.0
10 34 0.0
10 35 0.0
10 36 0.0
10 37 0.06824643240170163
10 38 0.0
10 39 0.0
10 40 0.0
10 41 0.0
10 42 0.0
10 43 0.0
10 44 0.0
10 45 0.0
10 46 0.0
10 47 0.0
10 48 0.0
10 49 0.0
10 50 0.06164202170102448
10 51 0.17565600594586084
10 52 0.0
10 53 0.0
10 54 0.0
10 55 0.0
10 56 0.0
10 57 0.0
10 58 0.16506370524985994
10 59 0.0
10 60 0.0
10 61 0.0
10 62 0.25995551254189136
10 63 0.0
10 64 0.2303561517806479
10 65 0.0
10 66 0.0
10 67 0.0
10 68 0.0
10 69 0.08054236830634501
10 70 0.0
10 71 0.9999999999999999
10 72 0.0
10 73 0.0
10 74 0.0
10 75 0.0
10 76 0.2507219729837859
10 77 0.0
10 78 0.0
10 79 0.0
10 80 0.0
10 81 0.0
10 82 0.0
10 83 0.0
10 84 0.0
10 85 0.0
10 86 0.0
10 87 0.0
10 88 0.0
10 89 0.0
10 90 0.0
10 91 0.0
10 92 0.0
10 93 0.22386432742888318
10 94 0.0
10 95 0.0
10 96 0.0
10 97 0.0
10 98 0.0
10 99 0.0
10 100 0.0
10 101 0.0
10 102 0.0
10 103 0.0
10 104 0.0
10 105 0.0
10 106 0.059731122304646334
11 12 0.0
11 13 0.0
11 14 0.0
11 15 0.0
11 16 0.0
11 17 0.0
11 18 0.0
11 19 0.18875049497166574
11 20 0.03610648816985939
11 21 0.033264272666450156
11 22 0.05249949851404998
11 23 0.0
11 24 0.0
11 25 0.0
11 26 0.0
11 27 0.0
11 28 0.0
11 29 0.0
11 30 0.0
11 31 0.04171736745223169
11 32 0.034675216457870535
11 33 0.0
11 34 0.0
11 35 0.02790563703409308
11 36 0.0
11 37 0.0
11 38 0.0
11 39 0.0
11 40 0.05067668929792007
11 41 0.0
11 42 0.0
11 43 0.04488043314032919
11 44 0.0
11 45 0.0
11 46 0.0
11 47 0.0
11 48 0.0
11 49 0.0
11 50 0.0
11 51 0.0
11 52 0.0
11 53 0.0
11 54 0.0
11 55 0.0
11 56 0.0
11 57 0.0
11 58 0.0
11 59 0.0
11 60 0.0
11 61 0.0
11 62 0.0
11 63 0.0
11 64 0.0
11 65 0.0
11 66 0.0
11 67 0.0
11 68 0.0
11 69 0.0
11 70 0.0
11 71 0.0
11 72 0.0
11 73 0.0
11 74 0.0
11 75 0.0
11 76 0.033053928905548736
11 77 0.0
11 78 0.0
11 79 0.0
11 80 0.04794971271233794
11 81 0.0
11 82 0.0
11 83 0.0
11 84 0.0
11 85 0.0
11 86 0.0
11 87 0.17754265158616597
11 88 0.21771123884330806
11 89 0.0
11 90 0.0
11 91 0.0
11 92 0.0
11 93 0.0
11 94 0.0
11 95 0.0
11 96 0.051056447081274534
11 97 0.03667917073556538
11 98 0.0
11 99 0.0
11 100 0.0
11 101 0.0
11 102 0.0
11 103 0.0
11 104 0.0453243473286203
11 105 0.0
11 106 0.0
12 13 0.4637735045025309
12 14 0.23851361143217442
12 15 0.0
12 16 0.0
12 17 0.0
12 18 0.0
12 19 0.12414179006237272
12 20 0.0
12 21 0.0
12 22 0.07221996728886271
12 23 0.362859682438775
12 24 0.3645377032730058
12 25 0.0
12 26 0.0
12 27 0.0
12 28 0.0
12 29 0.0
12 30 0.0
12 31 0.0
12 32 0.0
12 33 0.0
12 34 0.0
12 35 0.0
12 36 0.11128239251833132
12 37 0.6399719979303355
12 38 0.0
12 39 0.0
12 40 0.0
12 41 0.09357344841688595
12 42 0.0
12 43 0.0
12 44 0.0
12 45 0.0
12 46 0.0
12 47 0.13358078299319814
12 48 0.0
12 49 0.12234975344813707
12 50 0.28771459461021726
12 51 0.0
12 52 0.0
12 53 0.0
12 54 0.0
12 55 0.07588492931030347
12 56 0.127512862138384
12 57 0.0
12 58 0.0
12 59 0.0
12 60 0.0
12 61 0.0
12 62 0.0
12 63 0.0
12 64 0.0
12 65 0.09515777764940966
12 66 0.0
12 67 0.05887735665262381
12 68 0.0
12 69 0.0
12 70 0.0
12 71 0.0
12 72 0.0
12 73 0.0
12 74 0.0
12 75 0.1117517610934563
12 76 0.0
12 77 0.0
12 78 0.0
12 79 0.0
12 80 0.03897700076611127
12 81 0.1117517610934563
12 82 0.643744021404123
12 83 0.0
12 84 0.1117517610934563
12 85 0.0
12 86 0.0
12 87 0.0
12 88 0.0
12 89 0.0
12 90 0.0
12 91 0.07543279773377617
12 92 0.0
12 93 0.0
12 94 0.0
12 95 0.0
12 96 0.0
12 97 0.0
12 98 0.0
12 99 0.0
12 100 0.0
12 101 0.0
12 102 0.0
12 103 0.41264050258011065
12 104 0.0
12 105 0.09515777764940966
12 106 0.1013896810023677
13 14 0.5475741386111039
13 15 0.0
13 16 0.0
13 17 0.0
13 18 0.0
13 19 0.16793921248306606
13 20 0.0
13 21 0.0
13 22 0.09769928745147484
13 23 0.4090633942508174
13 24 0.7444123694918263
13 25 0.0
13 26 0.0
13 27 0.0
13 28 0.0
13 29 0.0
13 30 0.08349702261129294
13 31 0.0
13 32 0.0
13 33 0.0
13 34 0.0
13 35 0.0
13 36 0.15399624980623094
13 37 0.5912826988887098
13 38 0.0
13 39 0.0
13 40 0.06334981620030344
13 41 0.12085670297865278
13 42 0.0
13 43 0.0
13 44 0.0
13 45 0.0
13 46 0.068256231119126
13 47 0.18070829724203086
13 48 0.0
13 49 0.16551494248031884
13 50 0.2996775521253303
13 51 0.0
13 52 0.0
13 53 0.0
13 54 0.0
13 55 0.16819251666190552
13 56 0.17249960418826496
13 57 0.0
13 58 0.0
13 59 0.0
13 60 0.0
13 61 0.1361653204397607
13 62 0.0
13 63 0.0
13 64 0.0
13 65 0.06436479702786366
13 66 0.0
13 67 0.03982469120333412
13 68 0.0
13 69 0.0
13 70 0.0
13 71 0.0
13 72 0.0
13 73 0.0
13 74 0.0
13 75 0.1511779614439377
13 76 0.0
13 77 0.0
13 78 0.0
13 79 0.0
13 80 0.052728149081173965
13 81 0.1511779614439377
13 82 0.25001507636872217
13 83 0.0
13 84 0.1511779614439377
13 85 0.0
13 86 0.0
13 87 0.0
13 88 0.0
13 89 0.0
13 90 0.0
13 91 0.10204560962460682
13 92 0.0
13 93 0.0
13 94 0.0
13 95 0.0
13 96 0.0
13 97 0.10626178237781601
13 98 0.0
13 99 0.0
13 100 0.0
13 101 0.05775292817854357
13 102 0.0
13 103 0.7620790648257373
13 104 0.05665897106630164
13 105 0.06436479702786366
13 106 0.5190072823191227
14 15 0.0
14 16 0.0
14 17 0.0
14 18 0.0
14 19 0.188811756663278
14 20 0.0
14 21 0.0
14 22 0.10984197088767207
14 23 0.3869580345378993
14 24 0.5514249633429864
14 25 0.0
14 26 0.0
14 27 0.0
14 28 0.0
14 29 0.0
14 30 0.0
14 31 0.0
14 32 0.0
14 33 0.0
14 34 0.0
14 35 0.0
14 36 0.12350145823144565
14 37 0.42645410704591685
14 38 0.0
14 39 0.0
14 40 0.0
14 41 0.0
14 42 0.0
14 43 0.0
14 44 0.0
14 45 0.0
14 46 0.0
14 47 0.20316786378486848
14 48 0.0
14 49 0.18608618309962358
14 50 0.2635231588075588
14 51 0.0
14 52 0.0
14 53 0.0
14 54 0.12743790912003186
14 55 0.11541614471765112
14 56 0.19393894260276234
14 57 0.0
14 58 0.0
14 59 0.0
14 60 0.0
14 61 0.0
14 62 0.0
14 63 0.0
14 64 0.0
14 65 0.07236445982103012
14 66 0.0
14 67 0.04477435491983338
14 68 0.0
14 69 0.0
14 70 0.0
14 71 0.0
14 72 0.0
14 73 0.13106250492433008
14 74 0.07304953936894026
14 75 0.16996731166571008
14 76 0.0
14 77 0.0
14 78 0.0
14 79 0.0
14 80 0.05928153589873202
14 81 0.16996731166571008
14 82 0.20798711414341634
14 83 0.0
14 84 0.16996731166571008
14 85 0.0
14 86 0.0
14 87 0.0
14 88 0.0
14 89 0.0
14 90 0.0
14 91 0.11472848138394082
14 92 0.0
14 93 0.0
14 94 0.0
14 95 0.0
14 96 0.0
14 97 0.0
14 98 0.0
14 99 0.0
14 100 0.0
14 101 0.0
14 102 0.0
14 103 0.4872017602616711
14 104 0.0
14 105 0.07236445982103012
14 106 0.4447401351441345
15 16 0.0
15 17 0.0
15 18 0.0
15 19 0.0
15 20 0.07860036595398893
15 21 0.0
15 22 0.0
15 23 0.0
15 24 0.0
15 25 0.07856459763685132
15 26 0.0
15 27 0.0
15 28 0.0
15 29 0.0
15 30 0.0
15 31 0.0
15 32 0.0
15 33 0.0
15 34 0.0
15 35 0.0
15 36 0.0
15 37 0.0
15 38 0.05573135616590718
15 39 0.0
15 40 0.0
15 41 0.0
15 42 0.0
15 43 0.0
15 44 0.0
15 45 0.0
15 46 0.0
15 47 0.07764701286708943
15 48 0.0
15 49 0.0
15 50 0.0
15 51 0.0
15 52 0.12115641432367026
15 53 0.0
15 54 0.0
15 55 0.0
15 56 0.0
15 57 0.07209418339920892
15 58 0.22891231499605727
15 59 0.0
15 60 0.0
15 61 0.0
15 62 0.0
15 63 0.06888279830405246
15 64 0.0
15 65 0.0
15 66 0.0
15 67 0.0
15 68 0.0
15 69 0.0
15 70 0.0
15 71 0.0
15 72 0.0
15 73 0.0
15 74 0.0
15 75 0.0
15 76 0.0
15 77 0.10524120728916767
15 78 0.0
15 79 0.0
15 80 0.0
15 81 0.0
15 82 0.0
15 83 0.0
15 84 0.0
15 85 0.0
15 86 0.0
15 87 0.0
15 88 0.0
15 89 0.0
15 90 0.0
15 91 0.0
15 92 0.0
15 93 0.0
15 94 0.0
15 95 0.0
15 96 0.0
15 97 0.0
15 98 0.0
15 99 0.0
15 100 0.0
15 101 0.0
15 102 0.0
15 103 0.0
15 104 0.0
15 105 0.0
15 106 0.0
16 17 0.0
16 18 0.0
16 19 0.0
16 20 0.0
16 21 0.0
16 22 0.0
16 23 0.0
16 24 0.0
16 25 0.0
16 26 0.0
16 27 0.0
16 28 0.0
16 29 0.0
16 30 0.0
16 31 0.0
16 32 0.0
16 33 0.0
16 34 0.0
16 35 0.0
16 36 0.0
16 37 0.0
16 38 0.0
16 39 0.0
16 40 0.0
16 41 0.0
16 42 0.0
16 43 0.0
16 44 0.0
16 45 0.0
16 46 0.0
16 47 0.0
16 48 0.0
16 49 0.0
16 50 0.0
16 51 0.0
16 52 0.0
16 53 0.0
16 54 0.0
16 55 0.0
16 56 0.0
16 57 0.0
16 58 0.0
16 59 0.0
16 60 0.0
16 61 0.0
16 62 0.0
16 63 0.0
16 64 0.0
16 65 0.0
16 66 0.0
16 67 0.0
16 68 0.0
16 69 0.0
16 70 0.0
16 71 0.0
16 72 0.0
16 73 0.0
16 74 0.0
16 75 0.0
16 76 0.0
16 77 0.0
16 78 0.0
16 79 0.0
16 80 0.0
16 81 0.0
16 82 0.0
16 83 0.0
16 84 0.0
16 85 0.0
16 86 0.0
16 87 0.0
16 88 0.0
16 89 0.0
16 90 0.0
16 91 0.0
16 92 0.0
16 93 0.0
16 94 0.0
16 95 0.0
16 96 0.0
16 97 0.0
16 98 0.0
16 99 0.0
16 100 0.0
16 101 0.0
16 102 0.0
16 103 0.0
16 104 0.0
16 105 0.0
16 106 0.0
17 18 0.0
17 19 0.0
17 20 0.05034015596673246
17 21 0.04637750052764374
17 22 0.0
17 23 0.0
17 24 0.0
17 25 0.0
17 26 0.044630094471294096
17 27 0.05207472605987689
17 28 0.0
17 29 0.0
17 30 0.0
17 31 0.0
17 32 0.0
17 33 0.0
17 34 0.0
17 35 0.0
17 36 0.03220601343780459
17 37 0.0
17 38 0.0
17 39 0.0
17 40 0.0
17 41 0.0
17 42 0.0
17 43 0.0
17 44 0.0
17 45 0.0
17 46 0.0
17 47 0.0
17 48 0.0
17 49 0.04554847649010827
17 50 0.0
17 51 0.0
17 52 0.0
17 53 0.0
17 54 0.0
17 55 0.04780859874811352
17 56 0.0
17 57 0.046173225691275674
17 58 0.0
17 59 0.0
17 60 0.0
17 61 0.0
17 62 0.0
17 63 0.0
17 64 0.0
17 65 0.0
17 66 0.0
17 67 0.0
17 68 0.0
17 69 0.0
17 70 0.0
17 71 0.0
17 72 0.0
17 73 0.0
17 74 0.0
17 75 0.0
17 76 0.04608423640069258
17 77 0.0
17 78 0.0
17 79 0.0
17 80 0.0
17 81 0.0
17 82 0.0
17 83 0.0
17 84 0.0
17 85 0.0
17 86 0.0
17 87 0.0
17 88 0.0
17 89 0.0
17 90 0.0
17 91 0.0
17 92 0.0
17 93 0.0
17 94 0.0
17 95 0.0
17 96 0.0
17 97 0.0
17 98 0.0
17 99 0.0
17 100 0.0
17 101 0.0
17 102 0.044630094471294096
17 103 0.0
17 104 0.0
17 105 0.0
17 106 0.0
18 19 0.0
18 20 0.0
18 21 0.0
18 22 0.0
18 23 0.0
18 24 0.0
18 25 0.0
18 26 0.0
18 27 0.0
18 28 0.0
18 29 0.0
18 30 0.0
18 31 0.0
18 32 0.0
18 33 0.0
18 34 0.03710598444115928
18 35 0.0
18 36 0.028121535252421042
18 37 0.0
18 38 0.0
18 39 0.0
18 40 0.0
18 41 0.0
18 42 0.0
18 43 0.0
18 44 0.0
18 45 0.0
18 46 0.0
18 47 0.0
18 48 0.0
18 49 0.0
18 50 0.0
18 51 0.0
18 52 0.0
18 53 0.0
18 54 0.05715064396869237
18 55 0.0
18 56 0.0684231572862277
18 57 0.0
18 58 0.0
18 59 0.0
18 60 0.0
18 61 0.0
18 62 0.0
18 63 0.0
18 64 0.0
18 65 0.0
18 66 0.0
18 67 0.0
18 68 0.0
18 69 0.062074941970669095
18 70 0.0
18 71 0.0
18 72 0.0
18 73 0.0
18 74 0.0
18 75 0.0
18 76 0.0
18 77 0.0
18 78 0.0
18 79 0.0
18 80 0.0
18 81 0.0
18 82 0.0
18 83 0.0
18 84 0.0
18 85 0.0
18 86 0.03827010560621394
18 87 0.0
18 88 0.0
18 89 0.0
18 90 0.0
18 91 0.0
18 92 0.047077824512240324
18 93 0.0
18 94 0.0
18 95 0.0
18 96 0.0
18 97 0.0
18 98 0.0
18 99 0.0
18 100 0.0
18 101 0.0
18 102 0.0
18 103 0.0
18 104 0.0
18 105 0.0
18 106 0.0
19 20 0.0
19 21 0.0
19 22 0.07705016600896326
19 23 0.15901908130221562
19 24 0.1830337929461609
19 25 0.16245368161974771
19 26 0.0
19 27 0.0
19 28 0.0
19 29 0.0
19 30 0.0
19 31 0.0
19 32 0.0
19 33 0.0
19 34 0.0
19 35 0.0
19 36 0.0545384486461912
19 37 0.10457769256848315
19 38 0.04828887824086387
19 39 0.0
19 40 0.0
19 41 0.0
19 42 0.0
19 43 0.0
19 44 0.0
19 45 0.0
19 46 0.0
19 47 0.14251490123314475
19 48 0.0
19 49 0.13053272063429014
19 50 0.09445739752088159
19 51 0.21696404483257564
19 52 0.0
19 53 0.0
19 54 0.0
19 55 0.08096024715091504
19 56 0.13604114713515889
19 57 0.0
19 58 0.20388081212036438
19 59 0.0
19 60 0.0
19 61 0.0
19 62 0.19549428674914626
19 63 0.0
19 64 0.2845277175310486
19 65 0.0
19 66 0.0
19 67 0.0
19 68 0.0
19 69 0.0
19 70 0.0
19 71 0.19992251724841326
19 72 0.0
19 73 0.0
19 74 0.0
19 75 0.1192259158690129
19 76 0.0
19 77 0.04857259650074224
19 78 0.0
19 79 0.0
19 80 0.04158385128517627
19 81 0.1192259158690129
19 82 0.10825332988181717
19 83 0.0
19 84 0.1192259158690129
19 85 0.0
19 86 0.0
19 87 0.0
19 88 0.0
19 89 0.0
19 90 0.0
19 91 0.08047787621754168
19 92 0.0
19 93 0.16835264077054082
19 94 0.0
19 95 0.0
19 96 0.0
19 97 0.0
19 98 0.0
19 99 0.0
19 100 0.0
19 101 0.0
19 102 0.0
19 103 0.14942319983599278
19 104 0.0
19 105 0.0
19 106 0.10817080159537805
20 21 0.27357717587694835
20 22 0.0
20 23 0.0
20 24 0.0
20 25 0.0
20 26 0.04190128186781606
20 27 0.25905713376193096
20 28 0.0
20 29 0.0
20 30 0.0
20 31 0.04841851807661042
20 32 0.04024517119394524
20 33 0.0
20 34 0.0
20 35 0.032388179640570405
20 36 0.030236844955909694
20 37 0.0
20 38 0.06635017891009089
20 39 0.0
20 40 0.0
20 41 0.0
20 42 0.0
20 43 0.0
20 44 0.0
20 45 0.0
20 46 0.0
20 47 0.2351339754549105
20 48 0.0
20 49 0.04276351136314948
20 50 0.0
20 51 0.0
20 52 0.0
20 53 0.0
20 54 0.0
20 55 0.04488544323244711
20 56 0.0
20 57 0.12918077335479083
20 58 0.0
20 59 0.0
20 60 0.0
20 61 0.0
20 62 0.0
20 63 0.20859380944138756
20 64 0.0
20 65 0.0
20 66 0.0
20 67 0.0
20 68 0.0
20 69 0.0
20 70 0.0
20 71 0.0
20 72 0.0
20 73 0.0
20 74 0.0
20 75 0.0
20 76 0.08162996609732123
20 77 0.0
20 78 0.0
20 79 0.0
20 80 0.0
20 81 0.0
20 82 0.0
20 83 0.0
20 84 0.0
20 85 0.0
20 86 0.0
20 87 0.0
20 88 0.0
20 89 0.0
20 90 0.0
20 91 0.0
20 92 0.0
20 93 0.0
20 94 0.0
20 95 0.0
20 96 0.0
20 97 0.0
20 98 0.0
20 99 0.0
20 100 0.0
20 101 0.0
20 102 0.04190128186781606
20 103 0.0
20 104 0.0
20 105 0.0
20 106 0.0
21 22 0.0
21 23 0.0
21 24 0.0
21 25 0.0
21 26 0.038602914206658644
21 27 0.04504216731420219
21 28 0.11939807512632555
21 29 0.08879596438335816
21 30 0.0
21 31 0.044607129328913815
21 32 0.037077168563318996
21 33 0.0
21 34 0.0
21 35 0.029838660399912807
21 36 0.0585563698121124
21 37 0.0
21 38 0.0
21 39 0.0
21 40 0.0
21 41 0.0
21 42 0.0
21 43 0.0
21 44 0.0
21 45 0.0
21 46 0.0
21 47 0.0
21 48 0.0
21 49 0.039397271079553556
21 50 0.0
21 51 0.0
21 52 0.0
21 53 0.0
21 54 0.0
21 55 0.08692469789530911
21 56 0.0
21 57 0.03993764949683107
21 58 0.0
21 59 0.0
21 60 0.0
21 61 0.0
21 62 0.0
21 63 0.0
21 64 0.0
21 65 0.0
21 66 0.0
21 67 0.0
21 68 0.0
21 69 0.0
21 70 0.041927834148071066
21 71 0.25231748082458544
21 72 0.0
21 73 0.0
21 74 0.0
21 75 0.0
21 76 0.6820333697146107
21 77 0.0
21 78 0.0
21 79 0.0
21 80 0.023407552546303497
21 81 0.0
21 82 0.0
21 83 0.0
21 84 0.0
21 85 0.0
21 86 0.0
21 87 0.0
21 88 0.0
21 89 0.0
21 90 0.07659562330101276
21 91 0.0
21 92 0.0
21 93 0.0
21 94 0.0
21 95 0.0
21 96 0.0
21 97 0.0
21 98 0.0
21 99 0.0
21 100 0.0
21 101 0.0
21 102 0.038602914206658644
21 103 0.0
21 104 0.0
21 105 0.0
21 106 0.06088935113189453
22 23 0.06284319726726048
22 24 0.10648061811165058
22 25 0.0
22 26 0.0
22 27 0.0
22 28 0.0
22 29 0.0
22 30 0.0
22 31 0.0
22 32 0.0
22 33 0.0
22 34 0.0
22 35 0.0
22 36 0.031727953779579696
22 37 0.06083847778130098
22 38 0.0
22 39 0.0
22 40 0.0
22 41 0.0
22 42 0.0
22 43 0.0
22 44 0.0
22 45 0.0
22 46 0.0
22 47 0.08290859588911985
22 48 0.0
22 49 0.07593791590727211
22 50 0.29416429426204294
22 51 0.0
22 52 0.0
22 53 0.0
22 54 0.0
22 55 0.04709893741663976
22 56 0.07914246436356527
22 57 0.0
22 58 0.0
22 59 0.0
22 60 0.0
22 61 0.0
22 62 0.0
22 63 0.0
22 64 0.0
22 65 0.0
22 66 0.0
22 67 0.0
22 68 0.0
22 69 0.0
22 70 0.0
22 71 0.0
22 72 0.0
22 73 0.0
22 74 0.0
22 75 0.06936013843298562
22 76 0.0
22 77 0.0
22 78 0.0
22 79 0.0
22 80 0.13846255174350694
22 81 0.06936013843298562
22 82 0.06297679402759752
22 83 0.0
22 84 0.06936013843298562
22 85 0.0
22 86 0.0
22 87 0.0
22 88 0.0
22 89 0.0
22 90 0.0
22 91 0.04681831625746508
22 92 0.0
22 93 0.0
22 94 0.0
22 95 0.0
22 96 0.0
22 97 0.0
22 98 0.0
22 99 0.0
22 100 0.0
22 101 0.0
22 102 0.0
22 103 0.08692752536378513
22 104 0.0
22 105 0.0
22 106 0.06292878287725046
23 24 0.375116454738426
23 25 0.0
23 26 0.0
23 27 0.0
23 28 0.0
23 29 0.15051135350033912
23 30 0.0
23 31 0.0
23 32 0.0
23 33 0.0
23 34 0.0
23 35 0.0
23 36 0.044482324496539605
23 37 0.5637358681757038
23 38 0.039385087123009074
23 39 0.0
23 40 0.0
23 41 0.08142422239433822
23 42 0.0
23 43 0.0
23 44 0.0
23 45 0.0
23 46 0.0
23 47 0.1162371545140707
23 48 0.0
23 49 0.10646431977445228
23 50 0.07704077970534505
23 51 0.0
23 52 0.0
23 53 0.0
23 54 0.0
23 55 0.06603231434854082
23 56 0.11095706977301854
23 57 0.0
23 58 0.0
23 59 0.0
23 60 0.0
23 61 0.0
23 62 0.0
23 63 0.0
23 64 0.0
23 65 0.0
23 66 0.0
23 67 0.0
23 68 0.0
23 69 0.0
23 70 0.0
23 71 0.0
23 72 0.0
23 73 0.0
23 74 0.0
23 75 0.0972423310477303
23 76 0.0
23 77 0.03961649171948699
23 78 0.0
23 79 0.0
23 80 0.03391637299188628
23 81 0.0972423310477303
23 82 0.3164185797878397
23 83 0.0
23 84 0.0972423310477303
23 85 0.0
23 86 0.0
23 87 0.0
23 88 0.0
23 89 0.0
23 90 0.0
23 91 0.06563888584225509
23 92 0.0
23 93 0.0
23 94 0.0
23 95 0.0
23 96 0.0
23 97 0.0
23 98 0.0
23 99 0.0
23 100 0.0
23 101 0.0
23 102 0.0
23 103 0.36396241473915875
23 104 0.0
23 105 0.0
23 106 0.31408756590579795
24 25 0.0
24 26 0.0
24 27 0.0
24 28 0.0
24 29 0.0
24 30 0.0
24 31 0.0
24 32 0.0
24 33 0.0
24 34 0.0
24 35 0.0
24 36 0.1435917655513237
24 37 0.5257158862704143
24 38 0.0
24 39 0.0
24 40 0.0
24 41 0.0
24 42 0.0795397216295755
24 43 0.0759162676333644
24 44 0.0
24 45 0.0
24 46 0.0
24 47 0.19695057855762138
24 48 0.0
24 49 0.18039162661009348
24 50 0.34718982808142346
24 51 0.0
24 52 0.0
24 53 0.0
24 54 0.0
24 55 0.11188421265826452
24 56 0.1880040781986711
24 57 0.0
24 58 0.0
24 59 0.0
24 60 0.0
24 61 0.0
24 62 0.0
24 63 0.0
24 64 0.0
24 65 0.0
24 66 0.0
24 67 0.0
24 68 0.0
24 69 0.0
24 70 0.0
24 71 0.0
24 72 0.0
24 73 0.0
24 74 0.0
24 75 0.1647660202988181
24 76 0.0
24 77 0.0
24 78 0.0
24 79 0.0
24 80 0.05746741918496878
24 81 0.1647660202988181
24 82 0.1496022925780508
24 83 0.0
24 84 0.1647660202988181
24 85 0.0
24 86 0.0
24 87 0.0
24 88 0.0
24 89 0.0
24 90 0.0
24 91 0.11121759300245856
24 92 0.0
24 93 0.0
24 94 0.0
24 95 0.0
24 96 0.0
24 97 0.06583967698741693
24 98 0.0
24 99 0.0
24 100 0.0
24 101 0.0
24 102 0.0
24 103 0.662337738770676
24 104 0.0
24 105 0.0
24 106 0.7543606435825764
25 26 0.0
25 27 0.0
25 28 0.0
25 29 0.0
25 30 0.0758149835248757
25 31 0.0
25 32 0.0
25 33 0.0
25 34 0.0
25 35 0.0
25 36 0.0
25 37 0.0
25 38 0.0
25 39 0.0
25 40 0.0
25 41 0.0
25 42 0.0
25 43 0.0
25 44 0.0
25 45 0.0
25 46 0.0
25 47 0.0
25 48 0.0
25 49 0.0
25 50 0.0
25 51 0.14273512187258072
25 52 0.0
25 53 0.0
25 54 0.0
25 55 0.0
25 56 0.0
25 57 0.0
25 58 0.13412799612920767
25 59 0.0
25 60 0.0
25 61 0.0
25 62 0.2112354858822884
25 63 0.0
25 64 0.18718354218211838
25 65 0.0
25 66 0.0
25 67 0.0
25 68 0.0
25 69 0.0
25 70 0.0
25 71 0.21602027748242206
25 72 0.0
25 73 0.0
25 74 0.056337104485485616
25 75 0.0
25 76 0.0
25 77 0.0
25 78 0.0
25 79 0.0
25 80 0.0
25 81 0.0
25 82 0.0
25 83 0.0
25 84 0.0
25 85 0.0
25 86 0.06229964606784739
25 87 0.0
25 88 0.0
25 89 0.0
25 90 0.0
25 91 0.0
25 92 0.0
25 93 0.18190839468553854
25 94 0.0
25 95 0.0
25 96 0.0
25 97 0.0
25 98 0.0
25 99 0.0
25 100 0.0
25 101 0.0
25 102 0.0
25 103 0.0
25 104 0.0
25 105 0.0
25 106 0.0
26 27 0.04334507378694242
26 28 0.0
26 29 0.0
26 30 0.0
26 31 0.0
26 32 0.0
26 33 0.0
26 34 0.0
26 35 0.0
26 36 0.026807093084652494
26 37 0.0
26 38 0.0
26 39 0.0
26 40 0.0
26 41 0.0
26 42 0.0
26 43 0.0
26 44 0.0
26 45 0.0
26 46 0.0
26 47 0.0
26 48 0.0
26 49 0.03791286529431668
26 50 0.0
26 51 0.0
26 52 0.0
26 53 0.0
26 54 0.0
26 55 0.03979410737570767
26 56 0.0
26 57 0.03843288339660679
26 58 0.0
26 59 0.0
26 60 0.0
26 61 0.0
26 62 0.0
26 63 0.0
26 64 0.0
26 65 0.0
26 66 0.0
26 67 0.0
26 68 0.0
26 69 0.0
26 70 0.0
26 71 0.0
26 72 0.0
26 73 0.0
26 74 0.0
26 75 0.0
26 76 0.03835881200615652
26 77 0.0
26 78 0.0
26 79 0.0
26 80 0.0
26 81 0.0
26 82 0.0
26 83 0.0
26 84 0.0
26 85 0.0
26 86 0.0
26 87 0.0
26 88 0.0
26 89 0.0
26 90 0.0
26 91 0.0
26 92 0.0
26 93 0.0
26 94 0.0
26 95 0.0
26 96 0.0
26 97 0.0
26 98 0.0
26 99 0.0
26 100 0.0
26 101 0.0
26 102 1.0000000000000002
26 103 0.0
26 104 0.0
26 105 0.0
26 106 0.0
27 28 0.0
27 29 0.0
27 30 0.0
27 31 0.0
27 32 0.0
27 33 0.0
27 34 0.0
27 35 0.0
27 36 0.03127871552552465
27 37 0.0
27 38 0.0
27 39 0.0
27 40 0.0
27 41 0.0
27 42 0.0
27 43 0.0
27 44 0.0
27 45 0.0
27 46 0.0
27 47 0.0
27 48 0.0
27 49 0.04423701311267486
27 50 0.0
27 51 0.0
27 52 0.0
27 53 0.0
27 54 0.0
27 55 0.046432060360530436
27 56 0.0
27 57 0.04484377410083168
27 58 0.0
27 59 0.0
27 60 0.0
27 61 0.0
27 62 0.0
27 63 0.0
27 64 0.0
27 65 0.0
27 66 0.0
27 67 0.0
27 68 0.0
27 69 0.0
27 70 0.0
27 71 0.0
27 72 0.0
27 73 0.0
27 74 0.0
27 75 0.0
27 76 0.044757347051723524
27 77 0.0
27 78 0.0
27 79 0.0
27 80 0.0
27 81 0.0
27 82 0.0
27 83 0.0
27 84 0.0
27 85 0.0
27 86 0.0
27 87 0.0
27 88 0.0
27 89 0.0
27 90 0.0
27 91 0.0
27 92 0.0
27 93 0.0
27 94 0.0
27 95 0.0
27 96 0.0
27 97 0.0
27 98 0.0
27 99 0.0
27 100 0.0
27 101 0.0
27 102 0.04334507378694242
27 103 0.0
27 104 0.0
27 105 0.0
27 106 0.0
28 29 0.39376951823440726
28 30 0.0
28 31 0.0
28 32 0.0
28 33 0.0
28 34 0.0
28 35 0.0
28 36 0.0
28 37 0.0
28 38 0.0
28 39 0.0
28 40 0.0
28 41 0.0
28 42 0.0
28 43 0.0
28 44 0.0
28 45 0.0
28 46 0.0
28 47 0.0
28 48 0.0
28 49 0.0
28 50 0.0
28 51 0.0
28 52 0.0
28 53 0.0
28 54 0.0
28 55 0.0
28 56 0.0
28 57 0.0
28 58 0.0
28 59 0.0
28 60 0.0
28 61 0.0
28 62 0.0
28 63 0.0
28 64 0.0
28 65 0.0
28 66 0.0
28 67 0.0
28 68 0.0
28 69 0.0
28 70 0.0
28 71 0.0
28 72 0.0
28 73 0.0
28 74 0.0
28 75 0.0
28 76 0.11864307169010757
28 77 0.0
28 78 0.0
28 79 0.0
28 80 0.0
28 81 0.0
28 82 0.0
28 83 0.0
28 84 0.0
28 85 0.0
28 86 0.0
28 87 0.0
28 88 0.0
28 89 0.0
28 90 0.3396665816465485
28 91 0.0
28 92 0.0
28 93 0.0
28 94 0.0
28 95 0.0
28 96 0.0
28 97 0.0
28 98 0.07718367747246663
28 99 0.0
28 100 0.0
28 101 0.0
28 102 0.0
28 103 0.0
28 104 0.0
28 105 0.0
28 106 0.0
29 30 0.0
29 31 0.0
29 32 0.0
29 33 0.0
29 34 0.0
29 35 0.0
29 36 0.0
29 37 0.0
29 38 0.0
29 39 0.0
29 40 0.0
29 41 0.0
29 42 0.0
29 43 0.0
29 44 0.0
29 45 0.0
29 46 0.0
29 47 0.0
29 48 0.0
29 49 0.0
29 50 0.0
29 51 0.0
29 52 0.0
29 53 0.0
29 54 0.0
29 55 0.0
29 56 0.0
29 57 0.0
29 58 0.0
29 59 0.0
29 60 0.0
29 61 0.0
29 62 0.0
29 63 0.0
29 64 0.0
29 65 0.0
29 66 0.0
29 67 0.0
29 68 0.0
29 69 0.0
29 70 0.0
29 71 0.0
29 72 0.0
29 73 0.03327623823159362
29 74 0.0
29 75 0.0
29 76 0.08823447075659079
29 77 0.0
29 78 0.0
29 79 0.0
29 80 0.0
29 81 0.0
29 82 0.0
29 83 0.0
29 84 0.0
29 85 0.0
29 86 0.0
29 87 0.03243755561389811
29 88 0.0
29 89 0.0
29 90 0.2526089441072896
29 91 0.0
29 92 0.0
29 93 0.0
29 94 0.03212595172589714
29 95 0.0
29 96 0.0
29 97 0.0
29 98 0.0
29 99 0.0
29 100 0.0
29 101 0.0
29 102 0.0
29 103 0.0
29 104 0.0
29 105 0.0
29 106 0.0
30 31 0.0
30 32 0.0
30 33 0.0
30 34 0.0
30 35 0.0
30 36 0.0
30 37 0.0
30 38 0.0
30 39 0.0
30 40 0.11531766673951786
30 41 0.10478473950793354
30 42 0.0
30 43 0.0
30 44 0.0
30 45 0.0
30 46 0.04586049422365079
30 47 0.0
30 48 0.0
30 49 0.0
30 50 0.0
30 51 0.0
30 52 0.0
30 53 0.0
30 54 0.0
30 55 0.0
30 56 0.0
30 57 0.0
30 58 0.0
30 59 0.0
30 60 0.0
30 61 0.17486108033227218
30 62 0.0
30 63 0.0
30 64 0.0
30 65 0.0
30 66 0.0
30 67 0.0
30 68 0.03345570292672
30 69 0.0
30 70 0.0
30 71 0.0
30 72 0.0
30 73 0.0
30 74 0.09667606212140616
30 75 0.0
30 76 0.0
30 77 0.0
30 78 0.0
30 79 0.0
30 80 0.0
30 81 0.0
30 82 0.0
30 83 0.0
30 84 0.0
30 85 0.13496200338647932
30 86 0.2734939004345672
30 87 0.0
30 88 0.0
30 89 0.0
30 90 0.0
30 91 0.0
30 92 0.0
30 93 0.0
30 94 0.0
30 95 0.0
30 96 0.0
30 97 0.08346552321718871
30 98 0.0
30 99 0.0
30 100 0.0
30 101 0.038803458463865605
30 102 0.0
30 103 0.07429112064352256
30 104 0.10313811049694031
30 105 0.0
30 106 0.0
31 32 0.04649919391156123
31 33 0.0
31 34 0.0
31 35 0.037421240881090834
31 36 0.0
31 37 0.0
31 38 0.0
31 39 0.0
31 40 0.0
31 41 0.0
31 42 0.0
31 43 0.0
31 44 0.0
31 45 0.0
31 46 0.0
31 47 0.0
31 48 0.0
31 49 0.0
31 50 0.0
31 51 0.0
31 52 0.0
31 53 0.0
31 54 0.0
31 55 0.0
31 56 0.0
31 57 0.0
31 58 0.0
31 59 0.0
31 60 0.0
31 61 0.0
31 62 0.0
31 63 0.0
31 64 0.0
31 65 0.0
31 66 0.0
31 67 0.0
31 68 0.0
31 69 0.0
31 70 0.0
31 71 0.0
31 72 0.0
31 73 0.0
31 74 0.0
31 75 0.0
31 76 0.044325059991635836
31 77 0.0
31 78 0.0
31 79 0.0
31 80 0.0
31 81 0.0
31 82 0.0
31 83 0.0
31 84 0.0
31 85 0.0
31 86 0.0
31 87 0.0
31 88 0.0
31 89 0.0
31 90 0.0
31 91 0.0
31 92 0.0
31 93 0.0
31 94 0.0
31 95 0.0
31 96 0.0
31 97 0.0
31 98 0.0
31 99 0.0
31 100 0.0
31 101 0.0
31 102 0.0
31 103 0.0
31 104 0.0
31 105 0.0
31 106 0.0
32 33 0.0
32 34 0.0
32 35 0.03110430276214669
32 36 0.0
32 37 0.0
32 38 0.0
32 39 0.0
32 40 0.0
32 41 0.0
32 42 0.0
32 43 0.0
32 44 0.0
32 45 0.0
32 46 0.0
32 47 0.0
32 48 0.0
32 49 0.0
32 50 0.0
32 51 0.0
32 52 0.0
32 53 0.0
32 54 0.0
32 55 0.0
32 56 0.0
32 57 0.0
32 58 0.0
32 59 0.0
32 60 0.07295742342586546
32 61 0.0
32 62 0.0
32 63 0.0
32 64 0.0
32 65 0.0
32 66 0.0
32 67 0.0
32 68 0.0
32 69 0.0
32 70 0.0
32 71 0.0
32 72 0.0
32 73 0.0
32 74 0.0
32 75 0.0
32 76 0.036842714283876705
32 77 0.0
32 78 0.0
32 79 0.06398450280519564
32 80 0.0
32 81 0.0
32 82 0.0
32 83 0.0
32 84 0.0
32 85 0.07190261599990609
32 86 0.0
32 87 0.0
32 88 0.0
32 89 0.0
32 90 0.0
32 91 0.0
32 92 0.0
32 93 0.0
32 94 0.0
32 95 0.0
32 96 0.0
32 97 0.0
32 98 0.0
32 99 0.0
32 100 0.0
32 101 0.0
32 102 0.0
32 103 0.0
32 104 0.0
32 105 0.0
32 106 0.0
33 34 0.0
33 35 0.0
33 36 0.0
33 37 0.0
33 38 0.0
33 39 0.0
33 40 0.0
33 41 0.0
33 42 0.0
33 43 0.0
33 44 0.0
33 45 0.0
33 46 0.0
33 47 0.0
33 48 0.0
33 49 0.0
33 50 0.0
33 51 0.0
33 52 0.0
33 53 0.0
33 54 0.0
33 55 0.0
33 56 0.0
33 57 0.07108408880459036
33 58 0.0
33 59 0.0
33 60 0.0
33 61 0.07139298108313193
33 62 0.0
33 63 0.0
33 64 0.0
33 65 0.0
33 66 0.0
33 67 0.0
33 68 0.0
33 69 0.06630101053126873
33 70 0.0
33 71 0.0
33 72 0.0
33 73 0.0
33 74 0.0
33 75 0.0
33 76 0.0
33 77 0.0
33 78 0.0
33 79 0.0
33 80 0.0
33 81 0.0
33 82 0.0
33 83 0.0
33 84 0.0
33 85 0.0
33 86 0.0
33 87 0.0
33 88 0.0
33 89 0.0
33 90 0.0
33 91 0.0
33 92 0.0
33 93 0.0
33 94 0.0
33 95 0.0
33 96 0.0
33 97 0.0
33 98 0.0
33 99 0.0
33 100 0.0
33 101 0.0
33 102 0.0
33 103 0.0
33 104 0.0
33 105 0.0
33 106 0.0
34 35 0.0
34 36 0.0245960921152819
34 37 0.0
34 38 0.0
34 39 0.0
34 40 0.0
34 41 0.0
34 42 0.0
34 43 0.0
34 44 0.0
34 45 0.0
34 46 0.0
34 47 0.0
34 48 0.0
34 49 0.0
34 50 0.0
34 51 0.0
34 52 0.0
34 53 0.0
34 54 0.0
34 55 0.0
34 56 0.0
34 57 0.0
34 58 0.17355570327334724
34 59 0.0
34 60 0.0
34 61 0.0
34 62 0.0
34 63 0.0
34 64 0.0
34 65 0.0
34 66 0.0
34 67 0.0
34 68 0.0
34 69 0.0
34 70 0.0
34 71 0.0
34 72 0.0
34 73 0.0
34 74 0.0
34 75 0.0
34 76 0.0
34 77 0.0
34 78 0.0
34 79 0.0
34 80 0.0
34 81 0.0
34 82 0.0
34 83 0.0
34 84 0.0
34 85 0.0
34 86 0.03347239168497979
34 87 0.11890431668498466
34 88 0.0
34 89 0.0
34 90 0.0
34 91 0.0
34 92 0.05566164430745187
34 93 0.0
34 94 0.0
34 95 0.0
34 96 0.0
34 97 0.0
34 98 0.0
34 99 0.0
34 100 0.0
34 101 0.0
34 102 0.0
34 103 0.0
34 104 0.0
34 105 0.0
34 106 0.0
35 36 0.0
35 37 0.0
35 38 0.0
35 39 0.0
35 40 0.0
35 41 0.0
35 42 0.0
35 43 0.0
35 44 0.0
35 45 0.0
35 46 0.0
35 47 0.02570016880872019
35 48 0.0
35 49 0.0
35 50 0.0
35 51 0.0
35 52 0.0
35 53 0.0
35 54 0.0
35 55 0.0
35 56 0.0
35 57 0.0
35 58 0.019719680438491576
35 59 0.0
35 60 0.0
35 61 0.0
35 62 0.0
35 63 0.0
35 64 0.0
35 65 0.0
35 66 0.0
35 67 0.0
35 68 0.0
35 69 0.0
35 70 0.0
35 71 0.0
35 72 0.0
35 73 0.0
35 74 0.0
35 75 0.0
35 76 0.029649978202898827
35 77 0.018554747020814274
35 78 0.0
35 79 0.0
35 80 0.0
35 81 0.0
35 82 0.0
35 83 0.0
35 84 0.0
35 85 0.024657489846219
35 86 0.0
35 87 0.0
35 88 0.0
35 89 0.0
35 90 0.0
35 91 0.0
35 92 0.0
35 93 0.0
35 94 0.0
35 95 0.053170774207911685
35 96 0.0
35 97 0.0
35 98 0.0
35 99 0.0
35 100 0.0
35 101 0.0
35 102 0.0
35 103 0.0
35 104 0.0
35 105 0.0
35 106 0.0
36 37 0.09374486888919678
36 38 0.0
36 39 0.0
36 40 0.0
36 41 0.0
36 42 0.15365626719338796
36 43 0.07656249343197792
36 44 0.0
36 45 0.0
36 46 0.07502442785768794
36 47 0.05868522332191433
36 48 0.0
36 49 0.08110988402541162
36 50 0.15897101404458094
36 51 0.0
36 52 0.0
36 53 0.0
36 54 0.0
36 55 0.18881523562068525
36 56 0.05601944099540557
36 57 0.027733975779971155
36 58 0.0
36 59 0.0
36 60 0.0
36 61 0.06987193159115006
36 62 0.0
36 63 0.0
36 64 0.0
36 65 0.07074712435797785
36 66 0.0
36 67 0.043773654407092306
36 68 0.0
36 69 0.0
36 70 0.02911602338694261
36 71 0.0
36 72 0.0
36 73 0.0
36 74 0.0
36 75 0.08308428312008641
36 76 0.058186093655031815
36 77 0.0
36 78 0.0
36 79 0.0
36 80 0.04523325096183592
36 81 0.08308428312008641
36 82 0.09703976027147787
36 83 0.0
36 84 0.08308428312008641
36 85 0.0
36 86 0.025367742075261757
36 87 0.0
36 88 0.0
36 89 0.0
36 90 0.0
36 91 0.056082158009233
36 92 0.0
36 93 0.0
36 94 0.0
36 95 0.0
36 96 0.0
36 97 0.0
36 98 0.0
36 99 0.07863322233594565
36 100 0.0
36 101 0.06347963142206461
36 102 0.026807093084652494
36 103 0.13701750811240798
36 104 0.0
36 105 0.07074712435797785
36 106 0.1858946111344802
37 38 0.0
37 39 0.0
37 40 0.0
37 41 0.0788267618518895
37 42 0.0
37 43 0.0
37 44 0.0
37 45 0.0
37 46 0.0
37 47 0.11252914953055847
37 48 0.0
37 49 0.10306807156156161
37 50 0.43300331039388656
37 51 0.0
37 52 0.0
37 53 0.0
37 54 0.0
37 55 0.06392586093697185
37 56 0.10741750129859876
37 57 0.0
37 58 0.0
37 59 0.0
37 60 0.0
37 61 0.0
37 62 0.0
37 63 0.0
37 64 0.0
37 65 0.0801614090752208
37 66 0.0
37 67 0.049598592868440435
37 68 0.0
37 69 0.04782601486545362
37 70 0.0
37 71 0.06824643240170163
37 72 0.0
37 73 0.0
37 74 0.0
37 75 0.0941402674292538
37 76 0.0
37 77 0.0
37 78 0.0
37 79 0.0
37 80 0.03283442909363514
37 81 0.0941402674292538
37 82 0.3657687991256482
37 83 0.0
37 84 0.0941402674292538
37 85 0.0
37 86 0.0
37 87 0.0
37 88 0.0
37 89 0.0
37 90 0.0
37 91 0.06354498293459394
37 92 0.0
37 93 0.0
37 94 0.0
37 95 0.0
37 96 0.0
37 97 0.0
37 98 0.0
37 99 0.0
37 100 0.0
37 101 0.0
37 102 0.0
37 103 0.5260912658175149
37 104 0.0
37 105 0.0801614090752208
37 106 0.4887895458862403
38 39 0.0
38 40 0.0
38 41 0.0
38 42 0.0
38 43 0.05544322980407351
38 44 0.0
38 45 0.0
38 46 0.0
38 47 0.06554540978322325
38 48 0.0
38 49 0.0
38 50 0.0
38 51 0.0
38 52 0.17469010415512967
38 53 0.0674664995663664
38 54 0.0
38 55 0.0
38 56 0.0
38 57 0.06085801139545022
38 58 0.0
38 59 0.0
38 60 0.0
38 61 0.0
38 62 0.0
38 63 0.05814713374206167
38 64 0.0
38 65 0.0
38 66 0.0
38 67 0.0
38 68 0.0
38 69 0.0
38 70 0.0
38 71 0.0
38 72 0.0
38 73 0.0
38 74 0.20071258107806408
38 75 0.0
38 76 0.0
38 77 0.48181705023397925
38 78 0.06945133451098312
38 79 0.0
38 80 0.0
38 81 0.0
38 82 0.0
38 83 0.0
38 84 0.0
38 85 0.0
38 86 0.0
38 87 0.0
38 88 0.0
38 89 0.0
38 90 0.0
38 91 0.0
38 92 0.0
38 93 0.0
38 94 0.0
38 95 0.0
38 96 0.0
38 97 0.0
38 98 0.0
38 99 0.0
38 100 0.0
38 101 0.0
38 102 0.0
38 103 0.0
38 104 0.0
38 105 0.0
38 106 0.0
39 40 0.0
39 41 0.0
39 42 0.0
39 43 0.0
39 44 0.0
39 45 0.0
39 46 0.0
39 47 0.0
39 48 0.0
39 49 0.0
39 50 0.0
39 51 0.0
39 52 0.07646600743377363
39 53 0.055505242177278806
39 54 0.0
39 55 0.0
39 56 0.0
39 57 0.0
39 58 0.0
39 59 0.0
39 60 0.0
39 61 0.0
39 62 0.0
39 63 0.0
39 64 0.0
39 65 0.0
39 66 0.0
39 67 0.0
39 68 0.0
39 69 0.0
39 70 0.0
39 71 0.0
39 72 0.0
39 73 0.0
39 74 0.0
39 75 0.0
39 76 0.0
39 77 0.0664213693004663
39 78 0.148580097533512
39 79 0.0
39 80 0.0
39 81 0.0
39 82 0.0
39 83 0.2929604367379251
39 84 0.0
39 85 0.0
39 86 0.0
39 87 0.0
39 88 0.0
39 89 0.0
39 90 0.0
39 91 0.0
39 92 0.0
39 93 0.0
39 94 0.0
39 95 0.0
39 96 0.0
39 97 0.0
39 98 0.0
39 99 0.0
39 100 0.0
39 101 0.0
39 102 0.0
39 103 0.0
39 104 0.0
39 105 0.0
39 106 0.0
40 41 0.1811352683389972
40 42 0.0
40 43 0.41191685439204706
40 44 0.0
40 45 0.0
40 46 0.13762899940045026
40 47 0.0
40 48 0.0
40 49 0.0
40 50 0.0
40 51 0.0
40 52 0.0
40 53 0.0
40 54 0.0
40 55 0.0
40 56 0.1540096513454742
40 57 0.0
40 58 0.0
40 59 0.22513813076065908
40 60 0.0
40 61 0.10026332638357999
40 62 0.0
40 63 0.0
40 64 0.0
40 65 0.0
40 66 0.08176133566084712
40 67 0.0
40 68 0.0
40 69 0.0
40 70 0.0
40 71 0.0
40 72 0.0
40 73 0.0665773877717672
40 74 0.0
40 75 0.0
40 76 0.0
40 77 0.0
40 78 0.0
40 79 0.0
40 80 0.0
40 81 0.0
40 82 0.0
40 83 0.0
40 84 0.0
40 85 0.0
40 86 0.0
40 87 0.046443481384599285
40 88 0.0
40 89 0.0
40 90 0.0
40 91 0.0
40 92 0.0
40 93 0.0
40 94 0.0
40 95 0.0
40 96 0.047635647240789156
40 97 0.22632443930560125
40 98 0.0
40 99 0.0
40 100 0.0
40 101 0.0
40 102 0.0
40 103 0.05636522945244751
40 104 0.6495976295199495
40 105 0.0
40 106 0.0
41 42 0.15418351234806119
41 43 0.09000965841504976
41 44 0.0
41 45 0.0
41 46 0.12505819150407496
41 47 0.0
41 48 0.0
41 49 0.0
41 50 0.0
41 51 0.0
41 52 0.08759746036114145
41 53 0.0
41 54 0.0
41 55 0.0
41 56 0.0
41 57 0.0
41 58 0.0
41 59 0.0
41 60 0.0
41 61 0.09110543799879067
41 62 0.0
41 63 0.0
41 64 0.0
41 65 0.0
41 66 0.0
41 67 0.0
41 68 0.0
41 69 0.0
41 70 0.0
41 71 0.0
41 72 0.1888834625063998
41 73 0.0
41 74 0.0
41 75 0.0
41 76 0.0
41 77 0.0
41 78 0.06545600868130186
41 79 0.0
41 80 0.0
41 81 0.0
41 82 0.08159732008506493
41 83 0.0
41 84 0.0
41 85 0.0
41 86 0.0
41 87 0.0
41 88 0.0
41 89 0.0
41 90 0.0
41 91 0.0
41 92 0.0
41 93 0.0
41 94 0.0
41 95 0.0
41 96 0.08640540620686106
41 97 0.13110350193912956
41 98 0.0
41 99 0.0
41 100 0.20186188068477873
41 101 0.22643955993927065
41 102 0.0
41 103 0.10753173730953035
41 104 0.16200422579689924
41 105 0.0
41 106 0.0
42 43 0.08926445578273373
42 44 0.0
42 45 0.0
42 46 0.0
42 47 0.0
42 48 0.0
42 49 0.0
42 50 0.0820953877831188
42 51 0.0
42 52 0.0
42 53 0.11431325972278317
42 54 0.0
42 55 0.0
42 56 0.0
42 57 0.0
42 58 0.0
42 59 0.10434933934105949
42 60 0.0
42 61 0.0
42 62 0.0
42 63 0.0
42 64 0.0
42 65 0.0
42 66 0.0
42 67 0.0
42 68 0.0
42 69 0.0
42 70 0.0
42 71 0.0
42 72 0.2843969483694548
42 73 0.0
42 74 0.0
42 75 0.0
42 76 0.0
42 77 0.0
42 78 0.0
42 79 0.0
42 80 0.0
42 81 0.0
42 82 0.0
42 83 0.0
42 84 0.0
42 85 0.0
42 86 0.0
42 87 0.0
42 88 0.0
42 89 0.0
42 90 0.0
42 91 0.0
42 92 0.0
42 93 0.0
42 94 0.0
42 95 0.0
42 96 0.15533897064412502
42 97 0.07624162145604627
42 98 0.0
42 99 0.3495163308725384
42 100 0.3039382172323578
42 101 0.10966912792975213
42 102 0.0
42 103 0.0
42 104 0.0
42 105 0.0
42 106 0.07955043512531873
43 44 0.0
43 45 0.0
43 46 0.12188738434449845
43 47 0.0
43 48 0.0
43 49 0.0
43 50 0.0783555097091348
43 51 0.0
43 52 0.0
43 53 0.0
43 54 0.0
43 55 0.0
43 56 0.1363944637255468
43 57 0.0
43 58 0.0
43 59 0.0
43 60 0.0
43 61 0.0
43 62 0.0
43 63 0.0
43 64 0.0
43 65 0.0
43 66 0.07240970571337757
43 67 0.0
43 68 0.0
43 69 0.0
43 70 0.0
43 71 0.0
43 72 0.0
43 73 0.058962454768551865
43 74 0.0
43 75 0.0
43 76 0.0
43 77 0.05576898300553712
43 78 0.0
43 79 0.0
43 80 0.0
43 81 0.0
43 82 0.0
43 83 0.0
43 84 0.0
43 85 0.0
43 86 0.0
43 87 0.04113140755568621
43 88 0.0
43 89 0.0
43 90 0.0
43 91 0.0
43 92 0.0
43 93 0.0
43 94 0.0
43 95 0.0
43 96 0.042187216858586125
43 97 0.144355212758873
43 98 0.0
43 99 0.0
43 100 0.0
43 101 0.0
43 102 0.0
43 103 0.0
43 104 0.36841125254297397
43 105 0.0
43 106 0.07592649307284885
44 45 0.0
44 46 0.10416956257608152
44 47 0.0
44 48 0.05021651549872563
44 49 0.0
44 50 0.0
44 51 0.0
44 52 0.0
44 53 0.0
44 54 0.33883814583294075
44 55 0.0
44 56 0.0
44 57 0.0897961818572506
44 58 0.0
44 59 0.0
44 60 0.0
44 61 0.05629116198685455
44 62 0.0
44 63 0.05355100828149238
44 64 0.0
44 65 0.0
44 66 0.0
44 67 0.0
44 68 0.07599276890815677
44 69 0.22566131318875787
44 70 0.0
44 71 0.0
44 72 0.0
44 73 0.0
44 74 0.0
44 75 0.0
44 76 0.0
44 77 0.0
44 78 0.0
44 79 0.0
44 80 0.0
44 81 0.0
44 82 0.0
44 83 0.04548913161438896
44 84 0.0
44 85 0.0
44 86 0.0
44 87 0.0
44 88 0.0
44 89 0.0
44 90 0.0
44 91 0.0
44 92 0.0
44 93 0.0
44 94 0.22854207281455438
44 95 0.0
44 96 0.0494892276640774
44 97 0.0
44 98 0.0
44 99 0.0
44 100 0.0
44 101 0.0
44 102 0.0
44 103 0.0
44 104 0.0
44 105 0.0
44 106 0.0
45 46 0.33398809457533823
45 47 0.0
45 48 0.0
45 49 0.0
45 50 0.0
45 51 0.0
45 52 0.0
45 53 0.0
45 54 0.0
45 55 0.0
45 56 0.0
45 57 0.0
45 58 0.0
45 59 0.0
45 60 0.0
45 61 0.0
45 62 0.0
45 63 0.0
45 64 0.0
45 65 0.0
45 66 0.0
45 67 0.0
45 68 0.0
45 69 0.0
45 70 0.0
45 71 0.0
45 72 0.0
45 73 0.0
45 74 0.0
45 75 0.0
45 76 0.0
45 77 0.0
45 78 0.0
45 79 0.0
45 80 0.0
45 81 0.0
45 82 0.1371568748458805
45 83 0.0
45 84 0.0
45 85 0.0
45 86 0.0
45 87 0.0
45 88 0.0
45 89 0.0
45 90 0.0
45 91 0.0
45 92 0.0
45 93 0.0
45 94 0.0
45 95 0.0
45 96 0.0
45 97 0.0
45 98 0.0
45 99 0.0
45 100 0.0
45 101 0.2825938397453246
45 102 0.0
45 103 0.0
45 104 0.0
45 105 0.0
45 106 0.0
46 47 0.0
46 48 0.0
46 49 0.0
46 50 0.07678142419235841
46 51 0.10977962958813264
46 52 0.0
46 53 0.0
46 54 0.10094394415190562
46 55 0.11137090204230811
46 56 0.0
46 57 0.0
46 58 0.0
46 59 0.09790111365642033
46 60 0.0
46 61 0.14790223438583502
46 62 0.0
46 63 0.0
46 64 0.0
46 65 0.0
46 66 0.0
46 67 0.0
46 68 0.1237119953696948
46 69 0.0
46 70 0.0
46 71 0.0
46 72 0.0
46 73 0.07611340911397789
46 74 0.21520825508786046
46 75 0.0
46 76 0.0
46 77 0.0
46 78 0.0
46 79 0.0
46 80 0.0
46 81 0.0
46 82 0.0
46 83 0.0
46 84 0.0
46 85 0.041024121504130026
46 86 0.0
46 87 0.0
46 88 0.07825386320144129
46 89 0.0
46 90 0.0
46 91 0.0
46 92 0.0
46 93 0.0
46 94 0.0
46 95 0.0
46 96 0.0
46 97 0.09961419416128535
46 98 0.0
46 99 0.0
46 100 0.0
46 101 0.5169291220721063
46 102 0.0
46 103 0.06073069125290368
46 104 0.12309297741698584
46 105 0.0
46 106 0.0
47 48 0.22013042866735483
47 49 0.4307157143058194
47 50 0.10163936829007873
47 51 0.0
47 52 0.0
47 53 0.0
47 54 0.0
47 55 0.08711597601668551
47 56 0.14638489540449653
47 57 0.08478966095532979
47 58 0.025205386777021273
47 59 0.0
47 60 0.0
47 61 0.0
47 62 0.0
47 63 0.20606375058319495
47 64 0.12778539419813006
47 65 0.0
47 66 0.0
47 67 0.0
47 68 0.0
47 69 0.0
47 70 0.0
47 71 0.0
47 72 0.0
47 73 0.0
47 74 0.0
47 75 0.12829113537723313
47 76 0.0
47 77 0.023716387122406195
47 78 0.0
47 79 0.0
47 80 0.044745636515758705
47 81 0.12829113537723313
47 82 0.11648426013487218
47 83 0.0
47 84 0.12829113537723313
47 85 0.03151681744858768
47 86 0.0
47 87 0.0
47 88 0.0
47 89 0.08605334688102245
47 90 0.0
47 91 0.0865969285070532
47 92 0.0
47 93 0.0
47 94 0.0
47 95 0.0
47 96 0.0
47 97 0.0
47 98 0.0
47 99 0.0
47 100 0.0
47 101 0.0
47 102 0.0
47 103 0.16078443867623038
47 104 0.0
47 105 0.0
47 106 0.11639545689531772
48 49 0.0
48 50 0.0
48 51 0.33999080961494116
48 52 0.0
48 53 0.0
48 54 0.048661557278830064
48 55 0.14156776527122528
48 56 0.0
48 57 0.0
48 58 0.0
48 59 0.0
48 60 0.0
48 61 0.05691366667689866
48 62 0.0
48 63 0.05414321054975618
48 64 0.10630315823798273
48 65 0.0
48 66 0.0
48 67 0.0
48 68 0.0
48 69 0.0
48 70 0.0
48 71 0.0
48 72 0.0
48 73 0.0
48 74 0.0
48 75 0.0
48 76 0.136461693760358
48 77 0.0
48 78 0.0
48 79 0.0
48 80 0.0
48 81 0.0
48 82 0.0
48 83 0.045992180348444295
48 84 0.0
48 85 0.0
48 86 0.0
48 87 0.0
48 88 0.0
48 89 0.07158676159982617
48 90 0.0
48 91 0.0
48 92 0.0
48 93 0.0
48 94 0.0
48 95 0.0
48 96 0.05003651209097808
48 97 0.0
48 98 0.0
48 99 0.0
48 100 0.0
48 101 0.0
48 102 0.0
48 103 0.0
48 104 0.0
48 105 0.0
48 106 0.0
49 50 0.09309386703885952
49 51 0.0
49 52 0.0
49 53 0.0
49 54 0.0
49 55 0.3513866871966066
49 56 0.13407733852094175
49 57 0.03922374143669738
49 58 0.0
49 59 0.0
49 60 0.0
49 61 0.0
49 62 0.0
49 63 0.0
49 64 0.0
49 65 0.0
49 66 0.0
49 67 0.0
49 68 0.0
49 69 0.0
49 70 0.0
49 71 0.0
49 72 0.0
49 73 0.0
49 74 0.0
49 75 0.11750484187373944
49 76 0.039148145831837435
49 77 0.0
49 78 0.0
49 79 0.0
49 80 0.04098357168532094
49 81 0.11750484187373944
49 82 0.10669064957356904
49 83 0.0
49 84 0.11750484187373944
49 85 0.0
49 86 0.0
49 87 0.0
49 88 0.0
49 89 0.0
49 90 0.0
49 91 0.07931614574188721
49 92 0.0
49 93 0.0
49 94 0.0
49 95 0.0
49 96 0.0
49 97 0.0
49 98 0.0
49 99 0.0
49 100 0.0
49 101 0.0
49 102 0.03791286529431668
49 103 0.1472662159147217
49 104 0.0
49 105 0.0
49 106 0.10660931261610086
50 51 0.0
50 52 0.0
50 53 0.0
50 54 0.0
50 55 0.13146017205849558
50 56 0.09702238949494091
50 57 0.0
50 58 0.0
50 59 0.0
50 60 0.0
50 61 0.07150826166666713
50 62 0.0
50 63 0.0
50 64 0.0
50 65 0.0
50 66 0.0
50 67 0.0
50 68 0.0
50 69 0.043197748841392984
50 70 0.0
50 71 0.06164202170102448
50 72 0.0
50 73 0.0
50 74 0.0
50 75 0.08503003312550622
50 76 0.0
50 77 0.0
50 78 0.0
50 79 0.0
50 80 0.029656943513433266
50 81 0.08503003312550622
50 82 0.07720455874635568
50 83 0.0
50 84 0.08503003312550622
50 85 0.0
50 86 0.0
50 87 0.0
50 88 0.0
50 89 0.0
50 90 0.0
50 91 0.057395545513494184
50 92 0.0
50 93 0.0
50 94 0.0
50 95 0.0
50 96 0.0
50 97 0.0
50 98 0.0
50 99 0.0
50 100 0.0
50 101 0.06496626028308525
50 102 0.0
50 103 0.2666368270727695
50 104 0.0
50 105 0.0
50 106 0.31381976595581973
51 52 0.0
51 53 0.0
51 54 0.0
51 55 0.13895517863157136
51 56 0.0
51 57 0.0
51 58 0.17913384464623583
51 59 0.0
51 60 0.0
51 61 0.0
51 62 0.17176527220753773
51 63 0.10022781329127663
51 64 0.249991862498884
51 65 0.0
51 66 0.0
51 67 0.0
51 68 0.0
51 69 0.0
51 70 0.0
51 71 0.17565600594586084
51 72 0.0
51 73 0.0
51 74 0.08738060215991074
51 75 0.0
51 76 0.1339433379944122
51 77 0.0
51 78 0.0
51 79 0.0
51 80 0.0
51 81 0.0
51 82 0.0
51 83 0.0
51 84 0.0
51 85 0.0
51 86 0.0
51 87 0.0
51 88 0.0
51 89 0.0
51 90 0.05211255329224099
51 91 0.0
51 92 0.0
51 93 0.14791806783548392
51 94 0.0
51 95 0.0
51 96 0.0
51 97 0.0
51 98 0.0
51 99 0.0
51 100 0.0
51 101 0.09288668534899505
51 102 0.0
51 103 0.0
51 104 0.0
51 105 0.0
51 106 0.0
52 53 0.13267049909676862
52 54 0.0
52 55 0.0
52 56 0.0
52 57 0.0
52 58 0.0
52 59 0.0
52 60 0.0
52 61 0.0
52 62 0.0
52 63 0.0
52 64 0.0
52 65 0.0
52 66 0.0
52 67 0.0
52 68 0.0
52 69 0.0
52 70 0.0
52 71 0.0
52 72 0.0
52 73 0.0
52 74 0.0
52 75 0.0
52 76 0.0
52 77 0.25037297171501843
52 78 0.30644482731474937
52 79 0.0
52 80 0.0
52 81 0.0
52 82 0.0
52 83 0.06812954553269193
52 84 0.0
52 85 0.0
52 86 0.0
52 87 0.0
52 88 0.0
52 89 0.0
52 90 0.0
52 91 0.0
52 92 0.0
52 93 0.0
52 94 0.0
52 95 0.0
52 96 0.09712514469126625
52 97 0.0
52 98 0.0
52 99 0.0
52 100 0.0
52 101 0.10036744376326893
52 102 0.0
52 103 0.0
52 104 0.0
52 105 0.0
52 106 0.0
53 54 0.0
53 55 0.0
53 56 0.0
53 57 0.0
53 58 0.0
53 59 0.0
53 60 0.0
53 61 0.0
53 62 0.0
53 63 0.0
53 64 0.0
53 65 0.0
53 66 0.0
53 67 0.0
53 68 0.0
53 69 0.0
53 70 0.0
53 71 0.0
53 72 0.0
53 73 0.0
53 74 0.0
53 75 0.0
53 76 0.0
53 77 0.047379897608970996
53 78 0.09913622272641853
53 79 0.0
53 80 0.0
53 81 0.0
53 82 0.0
53 83 0.049453960669976996
53 84 0.0
53 85 0.0
53 86 0.0
53 87 0.0
53 88 0.0
53 89 0.0
53 90 0.0
53 91 0.0
53 92 0.0
53 93 0.0
53 94 0.0
53 95 0.0
53 96 0.12411976389167663
53 97 0.0
53 98 0.0
53 99 0.12239765993859252
53 100 0.0
53 101 0.0
53 102 0.0
53 103 0.0
53 104 0.0
53 105 0.0
53 106 0.0
54 55 0.0
54 56 0.05583815526058089
54 57 0.0
54 58 0.0
54 59 0.0
54 60 0.0
54 61 0.05454810187665726
54 62 0.0
54 63 0.0518927972390891
54 64 0.0
54 65 0.0
54 66 0.0
54 67 0.0
54 68 0.07363964704191814
54 69 0.2693312542300151
54 70 0.0
54 71 0.0
54 72 0.0
54 73 0.1577494052288111
54 74 0.0
54 75 0.0
54 76 0.0
54 77 0.0
54 78 0.0
54 79 0.0
54 80 0.0
54 81 0.0
54 82 0.0
54 83 0.044080557195849294
54 84 0.0
54 85 0.0
54 86 0.0
54 87 0.0
54 88 0.0
54 89 0.0
54 90 0.0
54 91 0.0
54 92 0.0
54 93 0.0
54 94 0.0
54 95 0.0
54 96 0.047956789967270395
54 97 0.0
54 98 0.0
54 99 0.0
54 100 0.0
54 101 0.0
54 102 0.0
54 103 0.0
54 104 0.0
54 105 0.0
54 106 0.0
55 56 0.08315872381457758
55 57 0.04117002938954635
55 58 0.0
55 59 0.0
55 60 0.0
55 61 0.103722217828915
55 62 0.0
55 63 0.0
55 64 0.0
55 65 0.0
55 66 0.0
55 67 0.0
55 68 0.0
55 69 0.0
55 70 0.04322162635668073
55 71 0.0
55 72 0.0
55 73 0.0
55 74 0.0
55 75 0.12333544981075575
55 76 0.24407699320257736
55 77 0.0
55 78 0.0
55 79 0.0
55 80 0.06714703604913323
55 81 0.12333544981075575
55 82 0.06617269077205418
55 83 0.0
55 84 0.12333544981075575
55 85 0.0
55 86 0.0
55 87 0.0
55 88 0.0
55 89 0.0
55 90 0.0
55 91 0.08325182482984438
55 92 0.0
55 93 0.0
55 94 0.0
55 95 0.0
55 96 0.11450549917334173
55 97 0.0
55 98 0.0
55 99 0.0
55 100 0.0
55 101 0.09423309200303516
55 102 0.03979410737570767
55 103 0.14964857615147262
55 104 0.0
55 105 0.0
55 106 0.1746675329415126
56 57 0.0
56 58 0.0
56 59 0.0
56 60 0.0
56 61 0.0
56 62 0.0
56 63 0.0
56 64 0.0
56 65 0.0
56 66 0.0
56 67 0.0
56 68 0.0
56 69 0.15706105702822498
56 70 0.0
56 71 0.0
56 72 0.0
56 73 0.0
56 74 0.0
56 75 0.12246349731133756
56 76 0.0
56 77 0.0
56 78 0.0
56 79 0.0
56 80 0.042713061358673934
56 81 0.12246349731133756
56 82 0.11119295059549046
56 83 0.0
56 84 0.12246349731133756
56 85 0.0
56 86 0.0
56 87 0.0
56 88 0.0
56 89 0.0
56 90 0.0
56 91 0.08266325409164306
56 92 0.0
56 93 0.0
56 94 0.0
56 95 0.0
56 96 0.0
56 97 0.0
56 98 0.0
56 99 0.0
56 100 0.0
56 101 0.0
56 102 0.0
56 103 0.15348078895422834
56 104 0.13774354690981136
56 105 0.0
56 106 0.11110818125225848
57 58 0.0
57 59 0.0
57 60 0.0
57 61 0.0726086321724674
57 62 0.0
57 63 0.0752192376524826
57 64 0.0
57 65 0.0
57 66 0.0
57 67 0.0
57 68 0.0
57 69 0.06742995758535697
57 70 0.0
57 71 0.0
57 72 0.0
57 73 0.0
57 74 0.0
57 75 0.0
57 76 0.03968510721277269
57 77 0.0
57 78 0.0
57 79 0.0
57 80 0.0
57 81 0.0
57 82 0.0
57 83 0.0
57 84 0.0
57 85 0.0
57 86 0.0
57 87 0.0
57 88 0.0
57 89 0.0
57 90 0.0
57 91 0.0
57 92 0.0
57 93 0.0
57 94 0.0
57 95 0.0
57 96 0.0
57 97 0.0
57 98 0.0
57 99 0.0
57 100 0.0
57 101 0.0
57 102 0.03843288339660679
57 103 0.0
57 104 0.0
57 105 0.0
57 106 0.0
58 59 0.0
58 60 0.0
58 61 0.0
58 62 0.1614075881502477
58 63 0.0
58 64 0.2349170065901277
58 65 0.0
58 66 0.0
58 67 0.0
58 68 0.0
58 69 0.0
58 70 0.0
58 71 0.16506370524985994
58 72 0.0
58 73 0.0
58 74 0.0
58 75 0.0
58 76 0.0
58 77 0.01819752931158651
58 78 0.0
58 79 0.0
58 80 0.0
58 81 0.0
58 82 0.0
58 83 0.0
58 84 0.0
58 85 0.024182781566537654
58 86 0.0
58 87 0.0
58 88 0.0
58 89 0.0
58 90 0.0
58 91 0.0
58 92 0.0
58 93 0.13899840326467608
58 94 0.0
58 95 0.0
58 96 0.0
58 97 0.0
58 98 0.0
58 99 0.0
58 100 0.0
58 101 0.0
58 102 0.0
58 103 0.0
58 104 0.0
58 105 0.0
58 106 0.0
59 60 0.0
59 61 0.0
59 62 0.0
59 63 0.0
59 64 0.0
59 65 0.0
59 66 0.0
59 67 0.0
59 68 0.0
59 69 0.0
59 70 0.0
59 71 0.0
59 72 0.12783380158379462
59 73 0.08017462794622308
59 74 0.07792573445109019
59 75 0.0
59 76 0.0
59 77 0.0
59 78 0.0
59 79 0.0
59 80 0.0
59 81 0.0
59 82 0.0
59 83 0.0
59 84 0.0
59 85 0.0
59 86 0.0
59 87 0.0
59 88 0.0824292912453189
59 89 0.0
59 90 0.0
59 91 0.0
59 92 0.0
59 93 0.0
59 94 0.0
59 95 0.0
59 96 0.0
59 97 0.0
59 98 0.0
59 99 0.0
59 100 0.13661742145326936
59 101 0.0
59 102 0.0
59 103 0.0
59 104 0.2013596187296959
59 105 0.0
59 106 0.0
60 61 0.0
60 62 0.0
60 63 0.0
60 64 0.0
60 65 0.0
60 66 0.0
60 67 0.0
60 68 0.0
60 69 0.0
60 70 0.0
60 71 0.0
60 72 0.0
60 73 0.0
60 74 0.0
60 75 0.0
60 76 0.0
60 77 0.0
60 78 0.0
60 79 0.8770115472925453
60 80 0.0
60 81 0.0
60 82 0.0
60 83 0.0
60 84 0.0
60 85 0.07200267452874613
60 86 0.0
60 87 0.0
60 88 0.0
60 89 0.0
60 90 0.0
60 91 0.0
60 92 0.0
60 93 0.0
60 94 0.0
60 95 0.0
60 96 0.0
60 97 0.0
60 98 0.0
60 99 0.0
60 100 0.0
60 101 0.0
60 102 0.0
60 103 0.0
60 104 0.0
60 105 0.0
60 106 0.0
61 62 0.0
61 63 0.060692865788787
61 64 0.0
61 65 0.0
61 66 0.0
61 67 0.0
61 68 0.02908817145520963
61 69 0.0677229710232553
61 70 0.0
61 71 0.0
61 72 0.0
61 73 0.0
61 74 0.03173790567569467
61 75 0.0
61 76 0.0
61 77 0.0
61 78 0.0
61 79 0.0
61 80 0.0
61 81 0.0
61 82 0.0
61 83 0.051555812831908014
61 84 0.0
61 85 0.11928001384540676
61 86 0.0
61 87 0.0
61 88 0.0
61 89 0.0
61 90 0.0
61 91 0.0
61 92 0.0
61 93 0.0
61 94 0.0
61 95 0.0
61 96 0.0560893837295806
61 97 0.07256937495105836
61 98 0.0
61 99 0.0
61 100 0.0
61 101 0.12514296467707786
61 102 0.0
61 103 0.12115251456745961
61 104 0.08967377096433005
61 105 0.0
61 106 0.0
62 63 0.0
62 64 0.22525382438377264
62 65 0.0
62 66 0.0
62 67 0.0
62 68 0.0
62 69 0.0
62 70 0.0
62 71 0.25995551254189136
62 72 0.0
62 73 0.0
62 74 0.0
62 75 0.0
62 76 0.0
62 77 0.0
62 78 0.0
62 79 0.0
62 80 0.0
62 81 0.0
62 82 0.0
62 83 0.0
62 84 0.0
62 85 0.0
62 86 0.0
62 87 0.0
62 88 0.0
62 89 0.0
62 90 0.0
62 91 0.0
62 92 0.0
62 93 0.2189057922120286
62 94 0.0
62 95 0.0
62 96 0.0
62 97 0.0
62 98 0.0
62 99 0.0
62 100 0.0
62 101 0.0
62 102 0.0
62 103 0.0
62 104 0.0
62 105 0.0
62 106 0.0
63 64 0.0
63 65 0.0
63 66 0.0
63 67 0.0
63 68 0.0
63 69 0.0
63 70 0.0
63 71 0.0
63 72 0.0
63 73 0.0
63 74 0.0
63 75 0.0
63 76 0.0
63 77 0.0
63 78 0.0
63 79 0.0
63 80 0.0
63 81 0.0
63 82 0.0
63 83 0.049046167506105326
63 84 0.0
63 85 0.0
63 86 0.0
63 87 0.0
63 88 0.0
63 89 0.0
63 90 0.0
63 91 0.0
63 92 0.0
63 93 0.0
63 94 0.0
63 95 0.0
63 96 0.05335905223111229
63 97 0.0
63 98 0.0
63 99 0.0
63 100 0.0
63 101 0.0
63 102 0.0
63 103 0.0
63 104 0.0
63 105 0.0
63 106 0.0
64 65 0.0
64 66 0.0
64 67 0.0
64 68 0.0
64 69 0.0
64 70 0.0
64 71 0.2303561517806479
64 72 0.0
64 73 0.0
64 74 0.0
64 75 0.0
64 76 0.0
64 77 0.0
64 78 0.0
64 79 0.0
64 80 0.0
64 81 0.0
64 82 0.0
64 83 0.0
64 84 0.0
64 85 0.0
64 86 0.0
64 87 0.0
64 88 0.0
64 89 0.09214672151133717
64 90 0.0
64 91 0.0
64 92 0.0
64 93 0.19398048305796528
64 94 0.0
64 95 0.0
64 96 0.0
64 97 0.0
64 98 0.0
64 99 0.0
64 100 0.0
64 101 0.0
64 102 0.0
64 103 0.0
64 104 0.0
64 105 0.0
64 106 0.0
65 66 0.0
65 67 0.41313327212757134
65 68 0.0
65 69 0.0
65 70 0.0
65 71 0.0
65 72 0.0
65 73 0.0
65 74 0.0
65 75 0.0
65 76 0.0
65 77 0.0
65 78 0.0
65 79 0.0
65 80 0.0
65 81 0.0
65 82 0.08297887673060406
65 83 0.0
65 84 0.0
65 85 0.0
65 86 0.0
65 87 0.0
65 88 0.0
65 89 0.0
65 90 0.0
65 91 0.0
65 92 0.0
65 93 0.0
65 94 0.0
65 95 0.0
65 96 0.0
65 97 0.0
65 98 0.0
65 99 0.0
65 100 0.0
65 101 0.0
65 102 0.0
65 103 0.05726830432569382
65 104 0.0
65 105 1.0
65 106 0.0
66 67 0.0
66 68 0.0
66 69 0.0
66 70 0.0
66 71 0.0
66 72 0.0
66 73 0.0823889814792263
66 74 0.0
66 75 0.0
66 76 0.0
66 77 0.0
66 78 0.0
66 79 0.0
66 80 0.0
66 81 0.0
66 82 0.0
66 83 0.0
66 84 0.0
66 85 0.0
66 86 0.0
66 87 0.0
66 88 0.0
66 89 0.0
66 90 0.19741621960621694
66 91 0.0
66 92 0.0
66 93 0.0
66 94 0.0
66 95 0.0
66 96 0.0
66 97 0.05917785932387593
66 98 0.0
66 99 0.0
66 100 0.0
66 101 0.0
66 102 0.0
66 103 0.0
66 104 0.07312591305557606
66 105 0.0
66 106 0.0
67 68 0.0
67 69 0.0
67 70 0.0
67 71 0.0
67 72 0.0
67 73 0.0
67 74 0.0
67 75 0.0
67 76 0.0
67 77 0.0
67 78 0.0
67 79 0.0
67 80 0.0
67 81 0.0
67 82 0.05134185602675422
67 83 0.0
67 84 0.0
67 85 0.0
67 86 0.0
67 87 0.0
67 88 0.0
67 89 0.0
67 90 0.0
67 91 0.0
67 92 0.0
67 93 0.0
67 94 0.0
67 95 0.0
67 96 0.0
67 97 0.0
67 98 0.0
67 99 0.0
67 100 0.0
67 101 0.0
67 102 0.0
67 103 0.0354338495703172
67 104 0.0
67 105 0.41313327212757134
67 106 0.0
68 69 0.0
68 70 0.0
68 71 0.0
68 72 0.0
68 73 0.0
68 74 0.024860487251831556
68 75 0.0
68 76 0.0
68 77 0.0
68 78 0.0
68 79 0.0
68 80 0.0
68 81 0.0
68 82 0.0
68 83 0.0
68 84 0.0
68 85 0.029927519210292998
68 86 0.0
68 87 0.0
68 88 0.0
68 89 0.0
68 90 0.0
68 91 0.0
68 92 0.0
68 93 0.0
68 94 0.0
68 95 0.0
68 96 0.0
68 97 0.0
68 98 0.0
68 99 0.0
68 100 0.0
68 101 0.02642701240210748
68 102 0.0
68 103 0.0
68 104 0.0
68 105 0.0
68 106 0.0
69 70 0.0
69 71 0.08054236830634501
69 72 0.0
69 73 0.0
69 74 0.0
69 75 0.0
69 76 0.0
69 77 0.0
69 78 0.0
69 79 0.0
69 80 0.0
69 81 0.0
69 82 0.0
69 83 0.0
69 84 0.0
69 85 0.0
69 86 0.0
69 87 0.0
69 88 0.0
69 89 0.0
69 90 0.0
69 91 0.0
69 92 0.0
69 93 0.0
69 94 0.0
69 95 0.0
69 96 0.0
69 97 0.0
69 98 0.0
69 99 0.0
69 100 0.0
69 101 0.0
69 102 0.0
69 103 0.0
69 104 0.0
69 105 0.0
69 106 0.04185862092332633
70 71 0.0
70 72 0.0
70 73 0.0
70 74 0.0
70 75 0.0
70 76 0.04166270710291997
70 77 0.0
70 78 0.0
70 79 0.0
70 80 0.02220005182752648
70 81 0.0
70 82 0.0
70 83 0.0
70 84 0.0
70 85 0.0
70 86 0.0
70 87 0.0
70 88 0.0
70 89 0.0
70 90 0.0
70 91 0.0
70 92 0.0
70 93 0.0
70 94 0.0
70 95 0.0
70 96 0.0
70 97 0.0
70 98 0.0
70 99 0.0
70 100 0.0
70 101 0.0
70 102 0.0
70 103 0.0
70 104 0.0
70 105 0.0
70 106 0.05774831641191738
71 72 0.0
71 73 0.0
71 74 0.0
71 75 0.0
71 76 0.2507219729837859
71 77 0.0
71 78 0.0
71 79 0.0
71 80 0.0
71 81 0.0
71 82 0.0
71 83 0.0
71 84 0.0
71 85 0.0
71 86 0.0
71 87 0.0
71 88 0.0
71 89 0.0
71 90 0.0
71 91 0.0
71 92 0.0
71 93 0.22386432742888318
71 94 0.0
71 95 0.0
71 96 0.0
71 97 0.0
71 98 0.0
71 99 0.0
71 100 0.0
71 101 0.0
71 102 0.0
71 103 0.0
71 104 0.0
71 105 0.0
71 106 0.059731122304646334
72 73 0.0
72 74 0.0
72 75 0.0
72 76 0.0
72 77 0.0
72 78 0.0
72 79 0.0
72 80 0.0
72 81 0.0
72 82 0.0
72 83 0.0
72 84 0.0
72 85 0.0
72 86 0.0
72 87 0.0
72 88 0.0
72 89 0.0
72 90 0.0
72 91 0.0
72 92 0.0
72 93 0.0
72 94 0.0
72 95 0.0
72 96 0.0
72 97 0.0
72 98 0.0
72 99 0.4178681188469743
72 100 0.37234138712103326
72 101 0.0
72 102 0.0
72 103 0.0
72 104 0.0
72 105 0.0
72 106 0.0
73 74 0.0605835121303961
73 75 0.0
73 76 0.0
73 77 0.0
73 78 0.0
73 79 0.0
73 80 0.0
73 81 0.0
73 82 0.0
73 83 0.0
73 84 0.0
73 85 0.0
73 86 0.0
73 87 0.03232044070890254
73 88 0.06408481102215477
73 89 0.0
73 90 0.0
73 91 0.0
73 92 0.0
73 93 0.0
73 94 0.4155546539307567
73 95 0.0
73 96 0.0
73 97 0.04818790270320244
73 98 0.0
73 99 0.0
73 100 0.0
73 101 0.0
73 102 0.0
73 103 0.0
73 104 0.059545654805111065
73 105 0.0
73 106 0.0
74 75 0.0
74 76 0.0
74 77 0.0
74 78 0.0
74 79 0.0
74 80 0.0
74 81 0.0
74 82 0.0
74 83 0.0
74 84 0.0
74 85 0.03265371229217317
74 86 0.04944593090479936
74 87 0.0
74 88 0.062287235924691126
74 89 0.0
74 90 0.0
74 91 0.0
74 92 0.0
74 93 0.0
74 94 0.0
74 95 0.0
74 96 0.0
74 97 0.0
74 98 0.0
74 99 0.0
74 100 0.0
74 101 0.11949730688633638
74 102 0.0
74 103 0.0
74 104 0.0
74 105 0.0
74 106 0.0
75 76 0.0
75 77 0.0
75 78 0.0
75 79 0.0
75 80 0.06334915200493953
75 81 1.0000000000000002
75 82 0.09744905605474018
75 83 0.0
75 84 1.0000000000000002
75 85 0.0
75 86 0.0
75 87 0.0
75 88 0.0
75 89 0.0
75 90 0.0
75 91 0.675003212438799
75 92 0.06999501255299025
75 93 0.0
75 94 0.0
75 95 0.0
75 96 0.0
75 97 0.0
75 98 0.0
75 99 0.0
75 100 0.0
75 101 0.0
75 102 0.0
75 103 0.1345099480320196
75 104 0.0
75 105 0.0
75 106 0.16478821323614473
76 77 0.0
76 78 0.0
76 79 0.0
76 80 0.023259536905454903
76 81 0.0
76 82 0.0
76 83 0.0
76 84 0.0
76 85 0.0
76 86 0.0
76 87 0.0
76 88 0.0
76 89 0.0
76 90 0.07611127747943787
76 91 0.0
76 92 0.0
76 93 0.0
76 94 0.0
76 95 0.0
76 96 0.0
76 97 0.0
76 98 0.0
76 99 0.0
76 100 0.0
76 101 0.0
76 102 0.03835881200615652
76 103 0.0
76 104 0.0
76 105 0.0
76 106 0.06050432256853601
77 78 0.04877379349879911
77 79 0.0
77 80 0.0
77 81 0.0
77 82 0.0
77 83 0.0591799919463448
77 84 0.0
77 85 0.022754191967070226
77 86 0.0
77 87 0.0
77 88 0.0
77 89 0.0
77 90 0.0
77 91 0.0
77 92 0.0
77 93 0.0
77 94 0.0
77 95 0.0
77 96 0.0
77 97 0.0
77 98 0.0
77 99 0.0
77 100 0.0
77 101 0.0
77 102 0.0
77 103 0.0
77 104 0.0
77 105 0.0
77 106 0.0
78 79 0.0
78 80 0.0
78 81 0.0
78 82 0.0
78 83 0.050908874589008966
78 84 0.0
78 85 0.0
78 86 0.0
78 87 0.0
78 88 0.0
78 89 0.0
78 90 0.0
78 91 0.0
78 92 0.0
78 93 0.0
78 94 0.0
78 95 0.0
78 96 0.07257544097596234
78 97 0.0
78 98 0.0
78 99 0.0
78 100 0.0
78 101 0.07499820477903867
78 102 0.0
78 103 0.0
78 104 0.0
78 105 0.0
78 106 0.0
79 80 0.0
79 81 0.0
79 82 0.0
79 83 0.0
79 84 0.0
79 85 0.06314717699765718
79 86 0.0
79 87 0.0
79 88 0.0
79 89 0.0
79 90 0.0
79 91 0.0
79 92 0.0
79 93 0.0
79 94 0.0
79 95 0.0
79 96 0.0
79 97 0.0
79 98 0.0
79 99 0.0
79 100 0.0
79 101 0.0
79 102 0.0
79 103 0.0
79 104 0.0
79 105 0.0
79 106 0.0
80 81 0.06334915200493953
80 82 0.03398847494963405
80 83 0.0
80 84 0.06334915200493953
80 85 0.0
80 86 0.0
80 87 0.0
80 88 0.0
80 89 0.0
80 90 0.0
80 91 0.04276088110860795
80 92 0.0
80 93 0.0
80 94 0.0
80 95 0.0
80 96 0.0
80 97 0.0
80 98 0.0
80 99 0.0
80 100 0.0
80 101 0.0
80 102 0.0
80 103 0.04691464632140469
80 104 0.0
80 105 0.0
80 106 0.08971500174214073
81 82 0.09744905605474018
81 83 0.0
81 84 1.0000000000000002
81 85 0.0
81 86 0.0
81 87 0.0
81 88 0.0
81 89 0.0
81 90 0.0
81 91 0.675003212438799
81 92 0.06999501255299025
81 93 0.0
81 94 0.0
81 95 0.0
81 96 0.0
81 97 0.0
81 98 0.0
81 99 0.0
81 100 0.0
81 101 0.0
81 102 0.0
81 103 0.1345099480320196
81 104 0.0
81 105 0.0
81 106 0.16478821323614473
82 83 0.0
82 84 0.09744905605474018
82 85 0.0
82 86 0.0
82 87 0.0
82 88 0.0
82 89 0.0
82 90 0.0
82 91 0.0657784258860782
82 92 0.0
82 93 0.0
82 94 0.0
82 95 0.0
82 96 0.0
82 97 0.0
82 98 0.0
82 99 0.0
82 100 0.0
82 101 0.0
82 102 0.0
82 103 0.222449850549475
82 104 0.0
82 105 0.08297887673060406
82 106 0.08841318123934698
83 84 0.0
83 85 0.0
83 86 0.0
83 87 0.0
83 88 0.0
83 89 0.0
83 90 0.0
83 91 0.0
83 92 0.0
83 93 0.0
83 94 0.0
83 95 0.0
83 96 0.04532607373144456
83 97 0.0
83 98 0.0
83 99 0.0
83 100 0.0
83 101 0.0
83 102 0.0
83 103 0.0
83 104 0.0
83 105 0.0
83 106 0.0
84 85 0.0
84 86 0.0
84 87 0.0
84 88 0.0
84 89 0.0
84 90 0.0
84 91 0.675003212438799
84 92 0.06999501255299025
84 93 0.0
84 94 0.0
84 95 0.0
84 96 0.0
84 97 0.0
84 98 0.0
84 99 0.0
84 100 0.0
84 101 0.0
84 102 0.0
84 103 0.1345099480320196
84 104 0.0
84 105 0.0
84 106 0.16478821323614473
85 86 0.0
85 87 0.0
85 88 0.0
85 89 0.0
85 90 0.0
85 91 0.0
85 92 0.0
85 93 0.0
85 94 0.0
85 95 0.0
85 96 0.0
85 97 0.0
85 98 0.0
85 99 0.0
85 100 0.0
85 101 0.034711309194333434
85 102 0.0
85 103 0.0
85 104 0.0
85 105 0.0
85 106 0.0
86 87 0.0
86 88 0.0
86 89 0.0
86 90 0.0
86 91 0.0
86 92 0.0
86 93 0.0
86 94 0.0
86 95 0.0
86 96 0.0
86 97 0.0
86 98 0.0
86 99 0.0
86 100 0.0
86 101 0.0
86 102 0.0
86 103 0.0
86 104 0.0
86 105 0.0
86 106 0.0
87 88 0.4162727918771091
87 89 0.0
87 90 0.0
87 91 0.0
87 92 0.0
87 93 0.0
87 94 0.03120319402534214
87 95 0.0
87 96 0.0467915166210409
87 97 0.03361522638633947
87 98 0.0
87 99 0.0
87 100 0.0
87 101 0.0
87 102 0.0
87 103 0.0
87 104 0.04153823997954591
87 105 0.0
87 106 0.0
88 89 0.0
88 90 0.0
88 91 0.0
88 92 0.0
88 93 0.0
88 94 0.0
88 95 0.0
88 96 0.0
88 97 0.0
88 98 0.0
88 99 0.0
88 100 0.0
88 101 0.0
88 102 0.0
88 103 0.0
88 104 0.0
88 105 0.0
88 106 0.0
89 90 0.0
89 91 0.0
89 92 0.0
89 93 0.0
89 94 0.0
89 95 0.0
89 96 0.0
89 97 0.0
89 98 0.0
89 99 0.0
89 100 0.0
89 101 0.0
89 102 0.0
89 103 0.0
89 104 0.0
89 105 0.0
89 106 0.0
90 91 0.0
90 92 0.0
90 93 0.0
90 94 0.0
90 95 0.0
90 96 0.0
90 97 0.0
90 98 0.0
90 99 0.0
90 100 0.0
90 101 0.0
90 102 0.0
90 103 0.0
90 104 0.0
90 105 0.0
90 106 0.0
91 92 0.047246858327962465
91 93 0.0
91 94 0.0
91 95 0.0
91 96 0.0
91 97 0.0
91 98 0.0
91 99 0.0
91 100 0.0
91 101 0.0
91 102 0.0
91 103 0.09079464702658913
91 104 0.0
91 105 0.0
91 106 0.1112325733064475
92 93 0.0
92 94 0.0
92 95 0.0
92 96 0.0
92 97 0.0
92 98 0.0
92 99 0.0
92 100 0.0
92 101 0.0
92 102 0.0
92 103 0.03381854265930239
92 104 0.0
92 105 0.0
92 106 0.0
93 94 0.0
93 95 0.0
93 96 0.0
93 97 0.0
93 98 0.0
93 99 0.0
93 100 0.0
93 101 0.0
93 102 0.0
93 103 0.0
93 104 0.0
93 105 0.0
93 106 0.0
94 95 0.033241722376743554
94 96 0.0
94 97 0.0
94 98 0.0
94 99 0.0
94 100 0.0
94 101 0.0
94 102 0.0
94 103 0.0
94 104 0.0
94 105 0.0
94 106 0.0
95 96 0.0
95 97 0.0
95 98 0.0
95 99 0.0
95 100 0.0
95 101 0.0
95 102 0.0
95 103 0.0
95 104 0.05934785426044075
95 105 0.0
95 106 0.0
96 97 0.034478101518675607
96 98 0.0
96 99 0.16632476888699216
96 100 0.0
96 101 0.09900161160558706
96 102 0.0
96 103 0.0
96 104 0.04260449233517265
96 105 0.0
96 106 0.0
97 98 0.0
97 99 0.2487068705297656
97 100 0.0
97 101 0.08554559280671593
97 102 0.0
97 103 0.09454596879671694
97 104 0.2024206324082686
97 105 0.0
97 106 0.06584854517408756
98 99 0.0
98 100 0.0
98 101 0.0
98 102 0.0
98 103 0.0
98 104 0.0
98 105 0.0
98 106 0.0
99 100 0.0
99 101 0.11742508838134798
99 102 0.0
99 103 0.0
99 104 0.0
99 105 0.0
99 106 0.0
100 101 0.0
100 102 0.0
100 103 0.0
100 104 0.0
100 105 0.0
100 106 0.0
101 102 0.0
101 103 0.05138542214616144
101 104 0.0
101 105 0.0
101 106 0.0
102 103 0.0
102 104 0.0
102 105 0.0
102 106 0.0
103 104 0.050412078459611674
103 105 0.05726830432569382
103 106 0.4617845214090523
104 105 0.0
104 106 0.0
105 106 0.0
