0 1 0.0
0 2 0.0
0 3 0.0
0 4 0.0
0 5 0.0
0 6 0.0
0 7 0.0
0 8 0.0
0 9 0.0
0 10 0.0
0 11 0.0
0 12 0.0
0 13 0.0
0 14 0.0
0 15 0.0
0 16 0.0
0 17 0.0
0 18 0.0
0 19 0.0
0 20 0.0
0 21 0.0
0 22 0.0
1 2 0.0
1 3 0.0
1 4 0.0
1 5 0.0
1 6 0.0
1 7 0.0
1 8 0.0
1 9 0.0
1 10 0.0
1 11 0.0
1 12 0.0
1 13 0.0
1 14 0.0
1 15 0.0
1 16 0.0
1 17 0.0
1 18 0.0
1 19 0.05481145042366809
1 20 0.0
1 21 0.0
1 22 0.0
2 3 0.0
2 4 0.0
2 5 0.0
2 6 0.0
2 7 0.0
2 8 0.0
2 9 0.3820750505387224
2 10 0.20832329763149016
2 11 0.0
2 12 0.0
2 13 0.0
2 14 0.1434122467719625
2 15 0.0
2 16 0.21314403107881377
2 17 0.1550843343358647
2 18 0.0
2 19 0.0
2 20 0.0
2 21 0.0
2 22 0.0
3 4 0.8143056172628746
3 5 0.0
3 6 0.5007552079633337
3 7 0.0
3 8 0.0
3 9 0.0
3 10 0.7512300000408664
3 11 0.33320602206080085
3 12 0.0
3 13 0.0
3 14 0.0
3 15 0.0
3 16 0.0
3 17 0.0
3 18 0.6779891718417997
3 19 0.0
3 20 0.0
3 21 0.0
3 22 0.0
4 5 0.0
4 6 0.40776777871818165
4 7 0.0
4 8 0.0
4 9 0.0
4 10 0.611730808889667
4 11 0.6199901699771984
4 12 0.0
4 13 0.0
4 14 0.0
4 15 0.0
4 16 0.0
4 17 0.0
4 18 0.5520903910741819
4 19 0.0
4 20 0.0
4 21 0.0
4 22 0.0
5 6 0.0
5 7 0.0
5 8 0.0
5 9 0.0
5 10 0.0
5 11 0.0
5 12 0.0
5 13 0.0
5 14 0.0
5 15 0.0
5 16 0.0
5 17 0.0
5 18 0.0
5 19 0.0
5 20 0.0
5 21 0.0
5 22 0.0
6 7 0.5735494372909834
6 8 0.1121787741719909
6 9 0.0
6 10 0.37618233489875924
6 11 0.15975111313154647
6 12 0.0
6 13 0.0
6 14 0.0
6 15 0.0
6 16 0.0
6 17 0.5024569660988024
6 18 0.2621237554949927
6 19 0.0
6 20 0.0
6 21 0.0
6 22 0.0
7 8 0.12530650410600772
7 9 0.0
7 10 0.0
7 11 0.0
7 12 0.0
7 13 0.0
7 14 0.0
7 15 0.19307164170774152
7 16 0.0
7 17 0.703404714786641
7 18 0.0
7 19 0.0
7 20 0.0
7 21 0.0
7 22 0.0
8 9 0.0
8 10 0.0
8 11 0.0
8 12 0.0
8 13 0.0
8 14 0.0
8 15 0.0
8 16 0.0
8 17 0.10977454041788065
8 18 0.0
8 19 0.0
8 20 0.0
8 21 0.0
8 22 0.0
9 10 0.1742091007163731
9 11 0.0
9 12 0.0
9 13 0.0
9 14 0.11992762607883004
9 15 0.0
9 16 0.178240409975586
9 17 0.12968833888007938
9 18 0.0
9 19 0.0
9 20 0.0
9 21 0.0
9 22 0.0
10 11 0.2503143599663524
10 12 0.0
10 13 0.0
10 14 0.0
10 15 0.0
10 16 0.0
10 17 0.0
10 18 0.5093258055904222
10 19 0.0
10 20 0.0
10 21 0.0
10 22 0.0
11 12 0.0
11 13 0.0
11 14 0.0
11 15 0.0
11 16 0.0
11 17 0.0
11 18 0.14217512911179572
11 19 0.0
11 20 0.0
11 21 0.0
11 22 0.0
12 13 0.0
12 14 0.0
12 15 0.0
12 16 0.0
12 17 0.0
12 18 0.0
12 19 0.0
12 20 0.0
12 21 0.0
12 22 0.0
13 14 0.0
13 15 0.0
13 16 0.0
13 17 0.0
13 18 0.0
13 19 0.0
13 20 0.0
13 21 0.0
13 22 0.0
14 15 0.0
14 16 0.6728419559585662
14 17 0.1314381918118684
14 18 0.0
14 19 0.0
14 20 0.0
14 21 0.0
14 22 0.0
15 16 0.0
15 17 0.0
15 18 0.0
15 19 0.0
15 20 0.0
15 21 0.0
15 22 0.0
16 17 0.19534779400701102
16 18 0.0
16 19 0.0
16 20 0.0
16 21 0.0
16 22 0.0
17 18 0.0
17 19 0.0
17 20 0.0
17 21 0.0
17 22 0.0
18 19 0.0
18 20 0.0
18 21 0.0
18 22 0.0
19 20 0.0
19 21 0.0
19 22 0.049600041003100316
20 21 0.0
20 22 0.0
21 22 0.0
