0 1 0.04670311643593027
0 2 0.0
0 3 0.0
0 4 0.0
0 5 0.0
0 6 0.0
0 7 0.0
0 8 0.04718635826553482
0 9 0.08932909672620004
0 10 0.04754000038290756
0 11 0.0
0 12 0.0
0 13 0.0
0 14 0.0
0 15 0.0
0 16 0.0
0 17 0.0
0 18 0.0
0 19 0.0
0 20 0.0
0 21 0.0
0 22 0.0
0 23 0.07007391591384193
0 24 0.0
0 25 0.024598253608121564
0 26 0.0
0 27 0.0
0 28 0.0
0 29 0.0
0 30 0.0
0 31 0.0
0 32 0.1394629120670465
0 33 0.0
0 34 0.0525438651949808
0 35 0.0
0 36 0.0
0 37 0.02012431324822074
0 38 0.08162849534589096
0 39 0.06975777397242247
0 40 0.02902588620562413
0 41 0.11664310591565802
0 42 0.07450215381124832
0 43 0.0
0 44 0.0
0 45 0.0
0 46 0.0
0 47 0.0
0 48 0.0
0 49 0.0
0 50 0.08462281577266943
0 51 0.0
0 52 0.0
0 53 0.0
0 54 0.0
0 55 0.0
0 56 0.0
0 57 0.0
0 58 0.0
0 59 0.0
0 60 0.0
0 61 0.07450215381124832
0 62 0.0
0 63 0.0
0 64 0.0
0 65 0.0
0 66 0.0
0 67 0.060378385173249165
0 68 0.56336996035066
0 69 0.02012431324822074
0 70 0.0
0 71 0.0
0 72 0.0
0 73 0.0
0 74 0.0
0 75 0.0
0 76 0.0
1 2 0.0
1 3 0.0
1 4 0.0
1 5 0.0
1 6 0.0
1 7 0.0
1 8 0.0
1 9 0.0
1 10 0.0
1 11 0.0
1 12 0.0
1 13 0.0
1 14 0.0
1 15 0.08556616461166974
1 16 0.0
1 17 0.0
1 18 0.0
1 19 0.0
1 20 0.0
1 21 0.0
1 22 0.0
1 23 0.0
1 24 0.16178500862408346
1 25 0.2740737671877124
1 26 0.0642241364775037
1 27 0.0
1 28 0.0
1 29 0.04689021586800829
1 30 0.07126439812132146
1 31 0.0
1 32 0.0
1 33 0.09471814258490686
1 34 0.0
1 35 0.0
1 36 0.0
1 37 0.0
1 38 0.13625233182516544
1 39 0.0
1 40 0.09931382304449791
1 41 0.0
1 42 0.0
1 43 0.0
1 44 0.0
1 45 0.0
1 46 0.09835044066627896
1 47 0.0
1 48 0.0
1 49 0.0
1 50 0.0
1 51 0.0
1 52 0.0
1 53 0.0
1 54 0.0
1 55 0.0
1 56 0.0
1 57 0.0
1 58 0.0
1 59 0.0
1 60 0.0
1 61 0.0
1 62 0.0
1 63 0.0
1 64 0.0
1 65 0.0
1 66 0.0
1 67 0.07457699810694371
1 68 0.0
1 69 0.0
1 70 0.09471814258490686
1 71 0.0
1 72 0.0
1 73 0.0
1 74 0.0
1 75 0.0
1 76 0.0
2 3 0.0
2 4 0.0
2 5 0.0
2 6 0.0
2 7 0.0
2 8 0.0
2 9 0.0
2 10 0.0
2 11 0.0
2 12 0.0
2 13 0.0
2 14 0.0
2 15 0.0
2 16 0.0
2 17 0.0
2 18 0.0
2 19 0.0
2 20 0.0
2 21 0.0
2 22 0.0
2 23 0.0
2 24 0.0
2 25 0.0
2 26 0.0
2 27 0.09876329433377999
2 28 0.2757032226526356
2 29 0.7736090815147066
2 30 0.0
2 31 0.0
2 32 0.0
2 33 0.0
2 34 0.0
2 35 0.0
2 36 0.0
2 37 0.0
2 38 0.0
2 39 0.0
2 40 0.0
2 41 0.0
2 42 0.0
2 43 0.0
2 44 0.0
2 45 0.0
2 46 0.0
2 47 0.0
2 48 0.0
2 49 0.0
2 50 0.0
2 51 0.0
2 52 0.0
2 53 0.0
2 54 0.0
2 55 0.0
2 56 0.0
2 57 0.0
2 58 0.0
2 59 0.0
2 60 0.0
2 61 0.0
2 62 0.0
2 63 0.0
2 64 0.0
2 65 0.0
2 66 0.0
2 67 0.0
2 68 0.0
2 69 0.0
2 70 0.0
2 71 0.0
2 72 0.0
2 73 0.0
2 74 0.0
2 75 0.0
2 76 0.0
3 4 0.0
3 5 0.8093155129497954
3 6 0.03502327160261815
3 7 0.0
3 8 0.1493633241207133
3 9 0.0885023003455457
3 10 0.0
3 11 0.0
3 12 0.17122089999253054
3 13 0.09440564307206821
3 14 0.21979947832019925
3 15 0.0
3 16 0.1025164053241018
3 17 0.0
3 18 0.0
3 19 0.23214226465486068
3 20 0.2976965592782105
3 21 0.19503403541236985
3 22 0.08144199313335304
3 23 0.22181141753190883
3 24 0.08547979103093957
3 25 0.0
3 26 0.0
3 27 0.0
3 28 0.0
3 29 0.0
3 30 0.0
3 31 0.0
3 32 0.0
3 33 0.0
3 34 0.3222955627059781
3 35 0.18369796415929954
3 36 0.0
3 37 0.0
3 38 0.0
3 39 0.0
3 40 0.0
3 41 0.23909360911434352
3 42 0.12893517091653983
3 43 0.09369301328460047
3 44 0.21052429548423923
3 45 0.0
3 46 0.0
3 47 0.0
3 48 0.19852287617967548
3 49 0.0
3 50 0.0
3 51 0.0
3 52 0.8625869313994391
3 53 0.0
3 54 0.21979947832019925
3 55 0.0
3 56 0.0
3 57 0.20711967374301396
3 58 0.0
3 59 0.0
3 60 0.0
3 61 0.12893517091653983
3 62 0.0
3 63 0.4364994029430793
3 64 0.0
3 65 0.0
3 66 0.0
3 67 0.0
3 68 0.04056939356441661
3 69 0.0
3 70 0.0
3 71 0.19852287617967548
3 72 0.0
3 73 0.0
3 74 0.10082256612367309
3 75 0.0
3 76 0.0
4 5 0.0
4 6 0.0
4 7 0.0
4 8 0.03742246984761252
4 9 0.0
4 10 0.0
4 11 0.0
4 12 0.0
4 13 0.0
4 14 0.0
4 15 0.0
4 16 0.0
4 17 0.0
4 18 0.0
4 19 0.0
4 20 0.0
4 21 0.0
4 22 0.0
4 23 0.0
4 24 0.0
4 25 0.0
4 26 0.0
4 27 0.0
4 28 0.0
4 29 0.0
4 30 0.0
4 31 0.0
4 32 0.5134459056726756
4 33 0.0
4 34 0.0
4 35 0.0
4 36 0.0
4 37 0.0
4 38 0.0
4 39 0.05532336652108793
4 40 0.0
4 41 0.0
4 42 0.0
4 43 0.0
4 44 0.0
4 45 0.0
4 46 0.0
4 47 0.0
4 48 0.0
4 49 0.0
4 50 0.0
4 51 0.0
4 52 0.0
4 53 0.0
4 54 0.0
4 55 0.0
4 56 0.0
4 57 0.0
4 58 0.0
4 59 0.0
4 60 0.0
4 61 0.0
4 62 0.0
4 63 0.0
4 64 0.0
4 65 0.0
4 66 0.0
4 67 0.0
4 68 0.0
4 69 0.0
4 70 0.0
4 71 0.0
4 72 0.0
4 73 0.0
4 74 0.0
4 75 0.0
4 76 0.0
5 6 0.034660237971231855
5 7 0.0
5 8 0.1478150989701132
5 9 0.08758492997977774
5 10 0.0
5 11 0.0
5 12 0.16944611019565523
5 13 0.1809658761991403
5 14 0.2175211473950714
5 15 0.0
5 16 0.10145377178935526
5 17 0.0
5 18 0.0
5 19 0.36401116011108353
5 20 0.2946107863614994
5 21 0.1930124106217725
5 22 0.08059780636376725
5 23 0.2195122318560757
5 24 0.0845937504776697
5 25 0.0
5 26 0.0
5 27 0.0
5 28 0.0
5 29 0.0
5 30 0.0
5 31 0.0
5 32 0.0
5 33 0.0
5 34 0.3189548088827374
5 35 0.25900166937786095
5 36 0.0
5 37 0.0
5 38 0.0
5 39 0.0
5 40 0.0
5 41 0.2366152849262757
5 42 0.12759869373524343
5 43 0.09272183859726227
5 44 0.20834210644285417
5 45 0.0
5 46 0.0
5 47 0.0
5 48 0.19646508781911085
5 49 0.0
5 50 0.0
5 51 0.0
5 52 0.6981049848493269
5 53 0.0
5 54 0.2175211473950714
5 55 0.0
5 56 0.0
5 57 0.20497277529949873
5 58 0.0
5 59 0.0
5 60 0.0
5 61 0.12759869373524343
5 62 0.0
5 63 0.4319748695086718
5 64 0.0
5 65 0.0
5 66 0.0
5 67 0.0
5 68 0.04014887162015229
5 69 0.0
5 70 0.0
5 71 0.19646508781911085
5 72 0.0
5 73 0.0
5 74 0.09977749007478602
5 75 0.0
5 76 0.0
6 7 0.0
6 8 0.0
6 9 0.0
6 10 0.0
6 11 0.0
6 12 0.0
6 13 0.0
6 14 0.0
6 15 0.021080386781415744
6 16 0.026993382982288965
6 17 0.0
6 18 0.0
6 19 0.019064571156239555
6 20 0.0
6 21 0.0
6 22 0.0
6 23 0.0
6 24 0.0
6 25 0.0
6 26 0.0
6 27 0.0
6 28 0.0
6 29 0.0
6 30 0.0
6 31 0.0
6 32 0.0
6 33 0.020730353110770084
6 34 0.019850335298374322
6 35 0.0
6 36 0.0
6 37 0.0
6 38 0.0
6 39 0.0
6 40 0.0
6 41 0.0
6 42 0.0
6 43 0.0
6 44 0.0
6 45 0.0
6 46 0.0
6 47 0.0
6 48 0.0
6 49 0.0
6 50 0.0
6 51 0.0
6 52 0.03021061637927151
6 53 0.0
6 54 0.0
6 55 0.0
6 56 0.0
6 57 0.0
6 58 0.0
6 59 0.0
6 60 0.0
6 61 0.0
6 62 0.0
6 63 0.0
6 64 0.0
6 65 0.0
6 66 0.0
6 67 0.36864184620888424
6 68 0.032642471411489016
6 69 0.0
6 70 0.020730353110770084
6 71 0.0
6 72 0.0
6 73 0.0
6 74 0.0
6 75 0.0
6 76 0.0
7 8 0.0
7 9 0.0
7 10 0.31505671000174434
7 11 0.0
7 12 0.0
7 13 0.0
7 14 0.1645863145722866
7 15 0.0
7 16 0.0
7 17 0.0
7 18 0.0
7 19 0.0
7 20 0.0
7 21 0.0
7 22 0.0
7 23 0.0
7 24 0.0
7 25 0.0
7 26 0.0
7 27 0.0
7 28 0.0
7 29 0.0
7 30 0.0
7 31 0.0
7 32 0.0
7 33 0.0
7 34 0.0
7 35 0.0
7 36 0.0
7 37 0.0
7 38 0.0
7 39 0.16534352275506603
7 40 0.0
7 41 0.0
7 42 0.0
7 43 0.0
7 44 0.43496700718461384
7 45 0.18557521544519515
7 46 0.10648437201445465
7 47 0.0
7 48 0.1486543498574831
7 49 0.16353600285200795
7 50 0.0
7 51 0.0
7 52 0.0
7 53 0.4028700451398113
7 54 0.1645863145722866
7 55 0.0
7 56 0.0
7 57 0.0
7 58 0.0
7 59 0.0
7 60 0.0
7 61 0.0
7 62 0.0
7 63 0.0
7 64 0.0
7 65 0.0
7 66 0.0
7 67 0.0
7 68 0.0
7 69 0.0
7 70 0.0
7 71 0.1486543498574831
7 72 0.0
7 73 0.0
7 74 0.0
7 75 0.14572585331192225
7 76 0.0
8 9 0.14257743308691828
8 10 0.0
8 11 0.0
8 12 0.1387567776543872
8 13 0.1422055190077184
8 14 0.17812467603637566
8 15 0.0
8 16 0.2137029013889466
8 17 0.10845543424239493
8 18 0.09447062782824524
8 19 0.18812722396801806
8 20 0.24125217941293833
8 21 0.08156484911437475
8 22 0.19103932073150873
8 23 0.26024798873806426
8 24 0.06927250328984948
8 25 0.0
8 26 0.0
8 27 0.0
8 28 0.0
8 29 0.0
8 30 0.0
8 31 0.0
8 32 0.043333338653939
8 33 0.0
8 34 0.19514301518885965
8 35 0.14886814383949315
8 36 0.0
8 37 0.08208946349766134
8 38 0.06474741183419079
8 39 0.33655120844772746
8 40 0.0
8 41 0.09252086767418795
8 42 0.19006807520404007
8 43 0.07592846791874121
8 44 0.17060810251918687
8 45 0.0
8 46 0.17540097542063393
8 47 0.0
8 48 0.160882197153352
8 49 0.0
8 50 0.09720494534459895
8 51 0.0
8 52 0.1288388514169059
8 53 0.0
8 54 0.17812467603637566
8 55 0.0
8 56 0.0
8 57 0.16784900978012815
8 58 0.0
8 59 0.0
8 60 0.0
8 61 0.19006807520404007
8 62 0.0
8 63 0.18254766592041116
8 64 0.11653282766951774
8 65 0.042056227887703884
8 66 0.0
8 67 0.06935573553269024
8 68 0.0
8 69 0.08208946349766134
8 70 0.0
8 71 0.160882197153352
8 72 0.0
8 73 0.0
8 74 0.0817062309027552
8 75 0.0
8 76 0.0
9 10 0.0713865320216339
9 11 0.0
9 12 0.08221759982406338
9 13 0.10001188209344335
9 14 0.1055442738056884
9 15 0.0
9 16 0.10860429851731218
9 17 0.0
9 18 0.0
9 19 0.15340755016259233
9 20 0.14294923447315266
9 21 0.04832964729765576
9 22 0.08627839130855768
9 23 0.21173405671871035
9 24 0.09055597211950878
9 25 0.03693697948525439
9 26 0.0
9 27 0.0
9 28 0.0
9 29 0.0
9 30 0.0
9 31 0.0
9 32 0.0
9 33 0.0
9 34 0.15876557758086862
9 35 0.08820889100806793
9 36 0.0
9 37 0.030218866649904697
9 38 0.1225741512400646
9 39 0.10474895930439776
9 40 0.043585556129256416
9 41 0.17515243475986045
9 42 0.11187316672045208
9 43 0.0
9 44 0.10109047598816001
9 45 0.0
9 46 0.0
9 47 0.0
9 48 0.09532758203218583
9 49 0.0
9 50 0.12707045223517577
9 51 0.0
9 52 0.07634092767685578
9 53 0.0
9 54 0.1055442738056884
9 55 0.0
9 56 0.0
9 57 0.0994556298456355
9 58 0.0
9 59 0.0
9 60 0.0
9 61 0.11187316672045208
9 62 0.0
9 63 0.10816502947945647
9 64 0.0
9 65 0.0
9 66 0.0
9 67 0.09066477685882351
9 68 0.0
9 69 0.030218866649904697
9 70 0.0
9 71 0.09532758203218583
9 72 0.0
9 73 0.0
9 74 0.04841342029596238
9 75 0.0
9 76 0.0
10 11 0.0
10 12 0.0
10 13 0.0
10 14 0.0
10 15 0.0
10 16 0.0
10 17 0.0
10 18 0.0
10 19 0.0
10 20 0.0
10 21 0.0
10 22 0.0
10 23 0.0
10 24 0.0
10 25 0.06351887158743709
10 26 0.0
10 27 0.0
10 28 0.0
10 29 0.0
10 30 0.0
10 31 0.0
10 32 0.0
10 33 0.0
10 34 0.0
10 35 0.0
10 36 0.0
10 37 0.051966033416984
10 38 0.06523266673957245
10 39 0.0
10 40 0.0749521314796865
10 41 0.09321427307244605
10 42 0.0
10 43 0.0
10 44 0.0
10 45 0.0
10 46 0.0
10 47 0.0
10 48 0.0
10 49 0.0
10 50 0.0
10 51 0.0
10 52 0.0
10 53 0.0
10 54 0.0
10 55 0.0
10 56 0.0
10 57 0.0
10 58 0.0
10 59 0.0
10 60 0.0
10 61 0.0
10 62 0.0
10 63 0.0
10 64 0.0
10 65 0.0
10 66 0.0
10 67 0.0
10 68 0.0
10 69 0.051966033416984
10 70 0.0
10 71 0.0
10 72 0.0
10 73 0.0
10 74 0.0
10 75 0.0
10 76 0.0
11 12 0.0
11 13 0.3457031022758274
11 14 0.0
11 15 0.4382823111106887
11 16 0.0
11 17 0.0
11 18 0.0
11 19 0.0
11 20 0.0
11 21 0.0
11 22 0.0
11 23 0.0
11 24 0.1549359602916548
11 25 0.0
11 26 0.0
11 27 0.0
11 28 0.0
11 29 0.0
11 30 0.0
11 31 0.0
11 32 0.0
11 33 0.0
11 34 0.0
11 35 0.0
11 36 0.0
11 37 0.0
11 38 0.0
11 39 0.0
11 40 0.0
11 41 0.0
11 42 0.0
11 43 0.3288912590025296
11 44 0.0
11 45 0.0
11 46 0.0
11 47 0.0
11 48 0.0
11 49 0.0
11 50 0.0
11 51 0.0
11 52 0.0
11 53 0.0
11 54 0.0
11 55 0.0
11 56 0.0
11 57 0.0
11 58 0.6583621140374929
11 59 0.0
11 60 0.0
11 61 0.0
11 62 0.0
11 63 0.0
11 64 0.0
11 65 0.0
11 66 0.0
11 67 0.0
11 68 0.0
11 69 0.0
11 70 0.0
11 71 0.0
11 72 0.0
11 73 0.0
11 74 0.0
11 75 0.0
11 76 0.0
12 13 0.16687247247175863
12 14 0.20419113943378495
12 15 0.0
12 16 0.09523653911175084
12 17 0.1568240570985846
12 18 0.0
12 19 0.2763771721213528
12 20 0.38971713056150686
12 21 0.09350091098556028
12 22 0.07565865716674723
12 23 0.2060602073826725
12 24 0.07940972409289547
12 25 0.0
12 26 0.0
12 27 0.0
12 28 0.0
12 29 0.0
12 30 0.0
12 31 0.0
12 32 0.0
12 33 0.0
12 34 0.15451112753677576
12 35 0.1706532558676546
12 36 0.0
12 37 0.0
12 38 0.0
12 39 0.0
12 40 0.0
12 41 0.0
12 42 0.11977926273412191
12 43 0.08703971131222281
12 44 0.19557460327907966
12 45 0.0
12 46 0.0
12 47 0.08337488629000646
12 48 0.18442542539499232
12 49 0.0
12 50 0.0
12 51 0.0
12 52 0.14769291071600715
12 53 0.0
12 54 0.20419113943378495
12 55 0.0
12 56 0.0
12 57 0.19241174958172427
12 58 0.0
12 59 0.0
12 60 0.0
12 61 0.11977926273412191
12 62 0.0
12 63 0.2092613821661331
12 64 0.0
12 65 0.0
12 66 0.0
12 67 0.0
12 68 0.0
12 69 0.0
12 70 0.0
12 71 0.18442542539499232
12 72 0.0
12 73 0.0
12 74 0.09366298234539082
12 75 0.0
12 76 0.0
13 14 0.11258436224027416
13 15 0.26453564171986405
13 16 0.11584849887389106
13 17 0.0
13 18 0.0
13 19 0.39082823714186715
13 20 0.2901360809063473
13 21 0.05155336544663123
13 22 0.09203339328928381
13 23 0.11361490560073902
13 24 0.0965963003060945
13 25 0.0
13 26 0.0
13 27 0.0
13 28 0.0
13 29 0.0
13 30 0.0
13 31 0.0
13 32 0.0
13 33 0.0
13 34 0.08519241726644354
13 35 0.1822550894716145
13 36 0.0
13 37 0.0
13 38 0.0
13 39 0.0
13 40 0.0
13 41 0.0
13 42 0.0
13 43 0.0
13 44 0.10783348406609002
13 45 0.0
13 46 0.0
13 47 0.10141963904363302
13 48 0.1016861895014775
13 49 0.0
13 50 0.0
13 51 0.0
13 52 0.08143307396432603
13 53 0.0
13 54 0.11258436224027416
13 55 0.0
13 56 0.0
13 57 0.10608958926554447
13 58 0.3048289827360066
13 59 0.0
13 60 0.0
13 61 0.0
13 62 0.0
13 63 0.11537992940351001
13 64 0.0
13 65 0.058644856557067235
13 66 0.0
13 67 0.0
13 68 0.0
13 69 0.0
13 70 0.0
13 71 0.1016861895014775
13 72 0.0
13 73 0.0
13 74 0.05164272633043124
13 75 0.0
13 76 0.0
14 15 0.0
14 16 0.12225693016855582
14 17 0.0
14 18 0.0
14 19 0.2768435017727575
14 20 0.3550209095220672
14 21 0.1200288718140489
14 22 0.09712443618964338
14 23 0.26452335017068207
14 24 0.10193975110474723
14 25 0.0
14 26 0.10719232174307128
14 27 0.0
14 28 0.0
14 29 0.0
14 30 0.0
14 31 0.0
14 32 0.0
14 33 0.0
14 34 0.19834883024636973
14 35 0.21907078291838378
14 36 0.0
14 37 0.0
14 38 0.0
14 39 0.5001597235856453
14 40 0.0
14 41 0.0
14 42 0.15376288445912037
14 43 0.11173450869842359
14 44 0.6850265267449077
14 45 0.3588783878102601
14 46 0.0
14 47 0.0
14 48 0.6864257980527697
14 49 0.34324284727646254
14 50 0.1613174191418443
14 51 0.0
14 52 0.18959615752741818
14 53 0.4416716022723622
14 54 0.9999999999999998
14 55 0.0
14 56 0.0
14 57 0.24700256909398788
14 58 0.0
14 59 0.0
14 60 0.0
14 61 0.15376288445912037
14 62 0.0
14 63 0.2686327582362109
14 64 0.0
14 65 0.08029303292369538
14 66 0.0
14 67 0.0
14 68 0.0
14 69 0.0
14 70 0.0
14 71 0.6864257980527697
14 72 0.0
14 73 0.0
14 74 0.12023692585618366
14 75 0.18865921975085498
14 76 0.0
15 16 0.03215040989720379
15 17 0.08614279330276364
15 18 0.0
15 19 0.022706815873715102
15 20 0.0
15 21 0.0
15 22 0.0
15 23 0.0
15 24 0.34406447014309643
15 25 0.0
15 26 0.0
15 27 0.0
15 28 0.0
15 29 0.0
15 30 0.0
15 31 0.0
15 32 0.0
15 33 0.024690841835657732
15 34 0.02364269854054248
15 35 0.0
15 36 0.0
15 37 0.0
15 38 0.0
15 39 0.0
15 40 0.24514137535255487
15 41 0.0
15 42 0.0
15 43 0.10773484999518498
15 44 0.0
15 45 0.0
15 46 0.0
15 47 0.0
15 48 0.0
15 49 0.0
15 50 0.0
15 51 0.0
15 52 0.0
15 53 0.0
15 54 0.0
15 55 0.12559387261061133
15 56 0.0
15 57 0.0
15 58 0.3864621120479861
15 59 0.0
15 60 0.0
15 61 0.0
15 62 0.0
15 63 0.0
15 64 0.0
15 65 0.0
15 66 0.0
15 67 0.0
15 68 0.0
15 69 0.0
15 70 0.024690841835657732
15 71 0.0
15 72 0.0
15 73 0.0
15 74 0.0
15 75 0.0
15 76 0.0
16 17 0.0
16 18 0.31542042757481475
16 19 0.2067752510345732
16 20 0.16558486734020075
16 21 0.05598251901015952
16 22 0.09994034617818524
16 23 0.12337601158580573
16 24 0.3036217289972821
16 25 0.0
16 26 0.0
16 27 0.0
16 28 0.0
16 29 0.0
16 30 0.0
16 31 0.0
16 32 0.0
16 33 0.031616561723269807
16 34 0.122786051677129
16 35 0.10217653539474057
16 36 0.0
16 37 0.4238606570776921
16 38 0.0
16 39 0.0
16 40 0.0
16 41 0.0
16 42 0.0
16 43 0.0
16 44 0.11709788525660829
16 45 0.0
16 46 0.0
16 47 0.6160397425308396
16 48 0.11042245229809988
16 49 0.0
16 50 0.0
16 51 0.0
16 52 0.08842931148661809
16 53 0.0
16 54 0.12225693016855582
16 55 0.0
16 56 0.0
16 57 0.11520416555514039
16 58 0.0
16 59 0.0
16 60 0.0
16 61 0.0
16 62 0.0
16 63 0.12529267556566367
16 64 0.38908214304289584
16 65 0.0
16 66 0.0
16 67 0.0
16 68 0.0
16 69 0.4238606570776921
16 70 0.031616561723269807
16 71 0.11042245229809988
16 72 0.0
16 73 0.0
16 74 0.05607955724098612
16 75 0.0
16 76 0.0
17 18 0.0
17 19 0.0
17 20 0.0
17 21 0.0
17 22 0.0
17 23 0.0
17 24 0.0
17 25 0.0
17 26 0.0
17 27 0.0
17 28 0.0
17 29 0.0
17 30 0.0
17 31 0.09918913705483816
17 32 0.0
17 33 0.0
17 34 0.0
17 35 0.0
17 36 0.0
17 37 0.0
17 38 0.0
17 39 0.0
17 40 0.0
17 41 0.0
17 42 0.0
17 43 0.0
17 44 0.0
17 45 0.0
17 46 0.0
17 47 0.0
17 48 0.0
17 49 0.0
17 50 0.0
17 51 0.0
17 52 0.0
17 53 0.0
17 54 0.0
17 55 0.0
17 56 0.0
17 57 0.0
17 58 0.0
17 59 0.10395878408629822
17 60 0.0
17 61 0.0
17 62 0.0
17 63 0.0
17 64 0.0
17 65 0.0
17 66 0.0
17 67 0.0
17 68 0.0
17 69 0.0
17 70 0.0
17 71 0.0
17 72 0.0
17 73 0.0
17 74 0.0
17 75 0.0
17 76 0.0
18 19 0.0
18 20 0.0
18 21 0.0
18 22 0.0
18 23 0.0
18 24 0.14372408437491793
18 25 0.0
18 26 0.0
18 27 0.0
18 28 0.0
18 29 0.0
18 30 0.0
18 31 0.0
18 32 0.0
18 33 0.0
18 34 0.0
18 35 0.0
18 36 0.0
18 37 0.30654692549939344
18 38 0.0
18 39 0.0
18 40 0.0
18 41 0.0
18 42 0.0
18 43 0.0
18 44 0.0
18 45 0.0
18 46 0.0
18 47 0.16716087030055554
18 48 0.0
18 49 0.0
18 50 0.0
18 51 0.0
18 52 0.0
18 53 0.0
18 54 0.0
18 55 0.0
18 56 0.0
18 57 0.0
18 58 0.0
18 59 0.0
18 60 0.0
18 61 0.0
18 62 0.0
18 63 0.0
18 64 0.28139420992463765
18 65 0.0
18 66 0.0
18 67 0.0
18 68 0.0
18 69 0.30654692549939344
18 70 0.0
18 71 0.0
18 72 0.0
18 73 0.0
18 74 0.0
18 75 0.0
18 76 0.0
19 20 0.48052856401968325
19 21 0.12676906396606608
19 22 0.14116940009656107
19 23 0.27937759466952133
19 24 0.14816841233807274
19 25 0.0
19 26 0.0
19 27 0.0
19 28 0.0
19 29 0.0
19 30 0.0
19 31 0.0
19 32 0.0
19 33 0.02232977582263034
19 34 0.230868922058021
19 35 0.4845357303151455
19 36 0.0
19 37 0.0
19 38 0.0
19 39 0.0
19 40 0.0
19 41 0.0
19 42 0.1117464101095368
19 43 0.08120249744483155
19 44 0.2651611533180944
19 45 0.0
19 46 0.0
19 47 0.0777834495181355
19 48 0.2500450348818239
19 49 0.0
19 50 0.0
19 51 0.0
19 52 0.20024288371675275
19 53 0.0
19 54 0.2768435017727575
19 55 0.0
19 56 0.0
19 57 0.2608729383857578
19 58 0.0
19 59 0.0
19 60 0.0
19 61 0.1117464101095368
19 62 0.0
19 63 0.2837177655471478
19 64 0.0
19 65 0.0
19 66 0.0
19 67 0.0
19 68 0.0
19 69 0.0
19 70 0.02232977582263034
19 71 0.2500450348818239
19 72 0.0
19 73 0.0
19 74 0.12698880123241846
19 75 0.0
19 76 0.0
20 21 0.16256718362649547
20 22 0.5207335919757579
20 23 0.3582706009876844
20 24 0.13806726653532533
20 25 0.0
20 26 0.0
20 27 0.0
20 28 0.0
20 29 0.0
20 30 0.0
20 31 0.0
20 32 0.0
20 33 0.0
20 34 0.2686437872940835
20 35 0.2967096137424877
20 36 0.0
20 37 0.0
20 38 0.0
20 39 0.0
20 40 0.0
20 41 0.0
20 42 0.2082565527361697
20 43 0.1513332927192174
20 44 0.3400396007784269
20 45 0.0
20 46 0.0
20 47 0.14496137317249091
20 48 0.32065486506556523
20 49 0.0
20 50 0.0
20 51 0.0
20 52 0.25678916155596276
20 53 0.0
20 54 0.3550209095220672
20 55 0.0
20 56 0.0
20 57 0.3345404434720225
20 58 0.0
20 59 0.0
20 60 0.0
20 61 0.2082565527361697
20 62 0.0
20 63 0.3638363859983108
20 64 0.0
20 65 0.0
20 66 0.0
20 67 0.0
20 68 0.0
20 69 0.0
20 70 0.0
20 71 0.32065486506556523
20 72 0.0
20 73 0.0
20 74 0.16284897215921076
20 75 0.0
20 76 0.0
21 22 0.044474129915100614
21 23 0.12112755865164072
21 24 0.04667910478567069
21 25 0.0
21 26 0.0
21 27 0.0
21 28 0.0
21 29 0.0
21 30 0.0
21 31 0.0
21 32 0.0
21 33 0.0
21 34 0.17600029389477187
21 35 0.10031443004818105
21 36 0.0
21 37 0.0
21 38 0.0
21 39 0.0
21 40 0.0
21 41 0.0
21 42 0.07040937139859277
21 43 0.0511642100670801
21 44 0.11496384736459371
21 45 0.0
21 46 0.0
21 47 0.0
21 48 0.10841007012042926
21 49 0.0
21 50 0.0
21 51 0.0
21 52 0.16823381012480562
21 53 0.0
21 54 0.1200288718140489
21 55 0.0
21 56 0.0
21 57 0.11310463955538529
21 58 0.0
21 59 0.0
21 60 0.0
21 61 0.07040937139859277
21 62 0.0
21 63 0.23836512844875551
21 64 0.0
21 65 0.0
21 66 0.0
21 67 0.0
21 68 0.0
21 69 0.0
21 70 0.0
21 71 0.10841007012042926
21 72 0.0
21 73 0.0
21 74 0.05505754134499102
21 75 0.0
21 76 0.0
22 23 0.09801346678734327
22 24 0.08333183240148771
22 25 0.0
22 26 0.0
22 27 0.0
22 28 0.0
22 29 0.0
22 30 0.0
22 31 0.0
22 32 0.0
22 33 0.0
22 34 0.07349391451876311
22 35 0.0811719906457925
22 36 0.0
22 37 0.0
22 38 0.0
22 39 0.0
22 40 0.0
22 41 0.0
22 42 0.0
22 43 0.0
22 44 0.09302594191484745
22 45 0.0
22 46 0.21099980501139892
22 47 0.0
22 48 0.08772278518153985
22 49 0.0
22 50 0.0
22 51 0.0
22 52 0.07025079894395317
22 53 0.0
22 54 0.09712443618964338
22 55 0.0
22 56 0.0
22 57 0.09152151629208144
22 58 0.0
22 59 0.0
22 60 0.0
22 61 0.0
22 62 0.0
22 63 0.09953612000750878
22 64 0.0
22 65 0.0
22 66 0.0
22 67 0.0
22 68 0.0
22 69 0.0
22 70 0.0
22 71 0.08772278518153985
22 72 0.0
22 73 0.0
22 74 0.04455121988819974
22 75 0.0
22 76 0.0
23 24 0.10287285879020214
23 25 0.0
23 26 0.1278014869915485
23 27 0.0
23 28 0.0
23 29 0.0
23 30 0.0
23 31 0.0
23 32 0.0
23 33 0.0
23 34 0.28979636785205387
23 35 0.22107605200119448
23 36 0.0
23 37 0.0
23 38 0.09615288950624327
23 39 0.11899629198084076
23 40 0.0
23 41 0.13739775095998838
23 42 0.28225984817060623
23 43 0.11275727290637125
23 44 0.25336089220688496
23 45 0.0
23 46 0.0
23 47 0.0
23 48 0.2389174746632749
23 49 0.0
23 50 0.14435382209739647
23 51 0.18055710765540783
23 52 0.191331629998209
23 53 0.0
23 54 0.26452335017068207
23 55 0.0
23 56 0.0
23 57 0.24926351237716185
23 58 0.0
23 59 0.0
23 60 0.0
23 61 0.28225984817060623
23 62 0.0
23 63 0.2710916939169307
23 64 0.0
23 65 0.0
23 66 0.0
23 67 0.10299646250535478
23 68 0.0
23 69 0.0
23 70 0.0
23 71 0.2389174746632749
23 72 0.0
23 73 0.0
23 74 0.12133751712088663
23 75 0.0
23 76 0.0
24 25 0.0
24 26 0.0
24 27 0.0
24 28 0.0
24 29 0.04910870007889393
24 30 0.07463608108553417
24 31 0.0
24 32 0.0
24 33 0.0
24 34 0.07713765605936321
24 35 0.08519640213871639
24 36 0.0
24 37 0.2497756868829052
24 38 0.06978302932297907
24 39 0.0
24 40 0.26173719397814565
24 41 0.0
24 42 0.0
24 43 0.11502838837728777
24 44 0.09763805832105742
24 45 0.0
24 46 0.0
24 47 0.19272180216874482
24 48 0.09207197733596661
24 49 0.0
24 50 0.0
24 51 0.0
24 52 0.07373375064204345
24 53 0.0
24 54 0.10193975110474723
24 55 0.13409644842970203
24 56 0.0
24 57 0.096059045051514
24 58 0.13661714590934937
24 59 0.0
24 60 0.0
24 61 0.0
24 62 0.0
24 63 0.104471003359911
24 64 0.17728869111436113
24 65 0.0
24 66 0.0
24 67 0.0
24 68 0.0
24 69 0.2497756868829052
24 70 0.0
24 71 0.09207197733596661
24 72 0.0
24 73 0.0
24 74 0.04676001678865058
24 75 0.0
24 76 0.0
25 26 0.06196580230437925
25 27 0.0
25 28 0.0
25 29 0.0
25 30 0.0
25 31 0.0
25 32 0.0
25 33 0.0
25 34 0.0
25 35 0.0
25 36 0.0
25 37 0.02688838154613647
25 38 0.03375283271076704
25 39 0.0
25 40 0.03878189995281275
25 41 0.04823113820918506
25 42 0.0
25 43 0.0
25 44 0.0
25 45 0.0
25 46 0.0
25 47 0.0
25 48 0.0
25 49 0.0
25 50 0.0
25 51 0.0
25 52 0.0
25 53 0.0
25 54 0.0
25 55 0.0
25 56 0.0
25 57 0.0
25 58 0.0
25 59 0.0
25 60 0.0
25 61 0.0
25 62 0.0
25 63 0.0
25 64 0.0
25 65 0.0
25 66 0.0
25 67 0.0
25 68 0.0
25 69 0.02688838154613647
25 70 0.0
25 71 0.0
25 72 0.0
25 73 0.0
25 74 0.0
25 75 0.0
25 76 0.0
26 27 0.0
26 28 0.0
26 29 0.0
26 30 0.0
26 31 0.0
26 32 0.0
26 33 0.0
26 34 0.0
26 35 0.0
26 36 0.0
26 37 0.0
26 38 0.0
26 39 0.10768547880394787
26 40 0.0
26 41 0.0
26 42 0.0
26 43 0.0
26 44 0.0
26 45 0.07726729922730206
26 46 0.0
26 47 0.0
26 48 0.09681609883446236
26 49 0.10650827123654402
26 50 0.1306327297344767
26 51 0.0
26 52 0.0
26 53 0.09509285878486354
26 54 0.10719232174307128
26 55 0.0
26 56 0.0
26 57 0.0
26 58 0.0
26 59 0.0
26 60 0.0
26 61 0.0
26 62 0.0
26 63 0.0
26 64 0.0
26 65 0.065020244715543
26 66 0.0
26 67 0.16899609218774028
26 68 0.0
26 69 0.0
26 70 0.0
26 71 0.09681609883446236
26 72 0.0
26 73 0.0
26 74 0.0
26 75 0.0
26 76 0.0
27 28 0.24714156713768712
27 29 0.0
27 30 0.3000935296541504
27 31 0.30919607099589996
27 32 0.0
27 33 0.0
27 34 0.0
27 35 0.0
27 36 0.0
27 37 0.12604057400094001
27 38 0.10297520391515101
27 39 0.0
27 40 0.0
27 41 0.14714650277534574
27 42 0.0
27 43 0.0
27 44 0.0
27 45 0.0
27 46 0.0
27 47 0.0
27 48 0.0
27 49 0.0
27 50 0.0
27 51 0.0
27 52 0.0
27 53 0.0
27 54 0.0
27 55 0.0
27 56 0.0
27 57 0.0
27 58 0.0
27 59 0.0
27 60 0.0
27 61 0.0
27 62 0.0
27 63 0.0
27 64 0.0
27 65 0.0
27 66 0.0
27 67 0.05917465775120923
27 68 0.0
27 69 0.12604057400094001
27 70 0.0
27 71 0.0
27 72 0.0
27 73 0.0
27 74 0.0
27 75 0.0
27 76 0.0
28 29 0.0
28 30 0.2156580182066169
28 31 0.22219943224066108
28 32 0.0
28 33 0.0
28 34 0.0
28 35 0.0
28 36 0.0
28 37 0.0
28 38 0.0
28 39 0.0
28 40 0.0
28 41 0.0
28 42 0.0
28 43 0.0
28 44 0.0
28 45 0.0
28 46 0.0
28 47 0.0
28 48 0.0
28 49 0.0
28 50 0.0
28 51 0.0
28 52 0.0
28 53 0.0
28 54 0.0
28 55 0.0
28 56 0.0
28 57 0.0
28 58 0.0
28 59 0.0
28 60 0.0
28 61 0.0
28 62 0.0
28 63 0.0
28 64 0.0
28 65 0.0
28 66 0.0
28 67 0.0
28 68 0.0
28 69 0.0
28 70 0.0
28 71 0.0
28 72 0.0
28 73 0.0
28 74 0.0
28 75 0.0
28 76 0.0
29 30 0.04969325029506375
29 31 0.0
29 32 0.0
29 33 0.0
29 34 0.0
29 35 0.0
29 36 0.0
29 37 0.0
29 38 0.04646205283099576
29 39 0.0
29 40 0.0
29 41 0.0
29 42 0.0
29 43 0.0
29 44 0.0
29 45 0.0
29 46 0.0
29 47 0.0
29 48 0.0
29 49 0.0
29 50 0.0
29 51 0.0
29 52 0.0
29 53 0.0
29 54 0.0
29 55 0.0
29 56 0.0
29 57 0.0
29 58 0.0
29 59 0.0
29 60 0.0
29 61 0.0
29 62 0.0
29 63 0.0
29 64 0.0
29 65 0.0
29 66 0.0
29 67 0.0
29 68 0.0
29 69 0.0
29 70 0.0
29 71 0.0
29 72 0.0
29 73 0.0
29 74 0.0
29 75 0.0
29 76 0.0
30 31 0.26980735244386955
30 32 0.0
30 33 0.0
30 34 0.0
30 35 0.0
30 36 0.0344729270512204
30 37 0.0
30 38 0.07061367002025266
30 39 0.0
30 40 0.0
30 41 0.0
30 42 0.0
30 43 0.0903938041038503
30 44 0.0
30 45 0.0
30 46 0.0
30 47 0.0
30 48 0.0
30 49 0.0
30 50 0.0
30 51 0.0
30 52 0.0
30 53 0.0
30 54 0.0
30 55 0.0
30 56 0.0
30 57 0.0
30 58 0.0
30 59 0.04701375725462667
30 60 0.0
30 61 0.0
30 62 0.0
30 63 0.0
30 64 0.0
30 65 0.0
30 66 0.0
30 67 0.0
30 68 0.0
30 69 0.0
30 70 0.0
30 71 0.0
30 72 0.0
30 73 0.0
30 74 0.0
30 75 0.0
30 76 0.0
31 32 0.0
31 33 0.0
31 34 0.0
31 35 0.0
31 36 0.0
31 37 0.0
31 38 0.0
31 39 0.0
31 40 0.0
31 41 0.0
31 42 0.0
31 43 0.0
31 44 0.0
31 45 0.0
31 46 0.0
31 47 0.0
31 48 0.0
31 49 0.0
31 50 0.0
31 51 0.0
31 52 0.0
31 53 0.0
31 54 0.0
31 55 0.0
31 56 0.0
31 57 0.0
31 58 0.0
31 59 0.0
31 60 0.0
31 61 0.0
31 62 0.0
31 63 0.0
31 64 0.0
31 65 0.0
31 66 0.0
31 67 0.0
31 68 0.0
31 69 0.0
31 70 0.0
31 71 0.0
31 72 0.0
31 73 0.0
31 74 0.0
31 75 0.0
31 76 0.0
32 33 0.0
32 34 0.0
32 35 0.0
32 36 0.0
32 37 0.0
32 38 0.0
32 39 0.0640616770271041
32 40 0.0
32 41 0.0
32 42 0.0
32 43 0.0
32 44 0.0
32 45 0.0
32 46 0.0
32 47 0.0
32 48 0.0
32 49 0.0
32 50 0.0
32 51 0.0
32 52 0.0
32 53 0.0
32 54 0.0
32 55 0.0
32 56 0.0
32 57 0.0
32 58 0.0
32 59 0.0
32 60 0.0
32 61 0.0
32 62 0.0
32 63 0.0
32 64 0.0
32 65 0.0
32 66 0.0
32 67 0.0
32 68 0.0
32 69 0.0
32 70 0.0
32 71 0.0
32 72 0.0
32 73 0.0
32 74 0.0
32 75 0.0
32 76 0.0
33 34 0.08533013893807607
33 35 0.0
33 36 0.05967057434739253
33 37 0.0
33 38 0.0
33 39 0.0
33 40 0.0
33 41 0.0
33 42 0.0
33 43 0.0
33 44 0.0
33 45 0.0
33 46 0.0
33 47 0.0
33 48 0.0
33 49 0.0
33 50 0.0
33 51 0.0
33 52 0.0
33 53 0.0
33 54 0.0
33 55 0.0
33 56 0.0
33 57 0.0
33 58 0.0
33 59 0.0
33 60 0.0
33 61 0.0
33 62 0.0
33 63 0.0
33 64 0.0
33 65 0.0
33 66 0.0
33 67 0.0
33 68 0.0641172940973281
33 69 0.0
33 70 0.9999999999999999
33 71 0.0
33 72 0.0
33 73 0.0
33 74 0.0
33 75 0.0
33 76 0.0
34 35 0.1657705313411027
34 36 0.057137517239247586
34 37 0.0
34 38 0.07209878880660563
34 39 0.08922756838980636
34 40 0.0
34 41 0.1030256238771023
34 42 0.2116482748083793
34 43 0.0845493343718744
34 44 0.18997883009944577
34 45 0.0
34 46 0.0
34 47 0.0
34 48 0.17914865207286917
34 49 0.0
34 50 0.10824152853098322
34 51 0.0
34 52 0.2780079404382051
34 53 0.0
34 54 0.19834883024636973
34 55 0.0
34 56 0.0
34 57 0.1869064718529006
34 58 0.0
34 59 0.0
34 60 0.0
34 61 0.2116482748083793
34 62 0.0
34 63 0.3939005981209468
34 64 0.0
34 65 0.0
34 66 0.0
34 67 0.07723033843427948
34 68 0.061395470663507666
34 69 0.0
34 70 0.08533013893807607
34 71 0.17914865207286917
34 72 0.0
34 73 0.0
34 74 0.09098310062381085
34 75 0.0
34 76 0.0
35 36 0.0
35 37 0.0
35 38 0.0
35 39 0.0
35 40 0.0
35 41 0.0
35 42 0.12850771555178095
35 43 0.09338239531369126
35 44 0.20982634985096382
35 45 0.0
35 46 0.0
35 47 0.0
35 48 0.19786471853465792
35 49 0.0
35 50 0.0
35 51 0.0
35 52 0.1584554632084943
35 53 0.0
35 54 0.21907078291838378
35 55 0.0
35 56 0.0
35 57 0.20643301536222297
35 58 0.0
35 59 0.0
35 60 0.0
35 61 0.12850771555178095
35 62 0.0
35 63 0.224510500077717
35 64 0.0
35 65 0.0
35 66 0.0
35 67 0.0
35 68 0.0
35 69 0.0
35 70 0.0
35 71 0.19786471853465792
35 72 0.0
35 73 0.0
35 74 0.1004883117346498
35 75 0.0
35 76 0.0
36 37 0.0
36 38 0.0
36 39 0.0
36 40 0.0
36 41 0.0
36 42 0.0
36 43 0.0
36 44 0.0
36 45 0.0
36 46 0.0
36 47 0.0
36 48 0.0
36 49 0.0
36 50 0.0
36 51 0.0
36 52 0.0
36 53 0.0
36 54 0.0
36 55 0.0
36 56 0.0
36 57 0.0
36 58 0.0
36 59 0.03938535913040345
36 60 0.0
36 61 0.0
36 62 0.0
36 63 0.0
36 64 0.0
36 65 0.0
36 66 0.0
36 67 0.0
36 68 0.05901259321259508
36 69 0.0
36 70 0.05967057434739253
36 71 0.0
36 72 0.0
36 73 0.0
36 74 0.0
36 75 0.0
36 76 0.0
37 38 0.0945418619492967
37 39 0.0
37 40 0.03172823223327847
37 41 0.13509567180047805
37 42 0.0
37 43 0.0
37 44 0.0
37 45 0.0
37 46 0.0
37 47 0.2905060858857138
37 48 0.0
37 49 0.0
37 50 0.0
37 51 0.0
37 52 0.0
37 53 0.0
37 54 0.0
37 55 0.0
37 56 0.0
37 57 0.0
37 58 0.0
37 59 0.0
37 60 0.0
37 61 0.0
37 62 0.0
37 63 0.0
37 64 0.37813636749390545
37 65 0.0
37 66 0.0
37 67 0.038460151828309884
37 68 0.0
37 69 0.9999999999999999
37 70 0.0
37 71 0.0
37 72 0.0
37 73 0.0
37 74 0.0
37 75 0.0
37 76 0.0
38 39 0.09571909098413744
38 40 0.039828269802727946
38 41 0.2801058184431107
38 42 0.10222915716880969
38 43 0.0
38 44 0.0
38 45 0.0
38 46 0.09745238501463237
38 47 0.0
38 48 0.0
38 49 0.0
38 50 0.11611636296594337
38 51 0.0
38 52 0.0
38 53 0.0
38 54 0.0
38 55 0.0
38 56 0.0
38 57 0.0
38 58 0.0
38 59 0.0
38 60 0.0
38 61 0.10222915716880969
38 62 0.0
38 63 0.0
38 64 0.0
38 65 0.0
38 66 0.0
38 67 0.27234103978802116
38 68 0.0
38 69 0.0945418619492967
38 70 0.0
38 71 0.0
38 72 0.0
38 73 0.0
38 74 0.0
38 75 0.0
38 76 0.11389557844676432
39 40 0.0
39 41 0.13677787420315687
39 42 0.12651612133429505
39 43 0.0
39 44 0.2050237527607425
39 45 0.3605294707242849
39 46 0.0
39 47 0.0
39 48 0.4517442335818724
39 49 0.34482199614624354
39 50 0.30576215087953745
39 51 0.0
39 52 0.0
39 53 0.44370358987844616
39 54 0.5001597235856453
39 55 0.0
39 56 0.0
39 57 0.0
39 58 0.0
39 59 0.0
39 60 0.0
39 61 0.12651612133429505
39 62 0.0
39 63 0.0
39 64 0.0
39 65 0.08066243509244797
39 66 0.0
39 67 0.10253178886479766
39 68 0.0
39 69 0.0
39 70 0.0
39 71 0.4517442335818724
39 72 0.0
39 73 0.0
39 74 0.0
39 75 0.1895271795525151
39 76 0.0
40 41 0.056912639064966616
40 42 0.0
40 43 0.0
40 44 0.0
40 45 0.0
40 46 0.0
40 47 0.0
40 48 0.0
40 49 0.0
40 50 0.0
40 51 0.0
40 52 0.0
40 53 0.0
40 54 0.0
40 55 0.14577266255337498
40 56 0.0
40 57 0.0
40 58 0.0
40 59 0.0
40 60 0.0
40 61 0.0
40 62 0.0
40 63 0.0
40 64 0.0
40 65 0.0
40 66 0.0
40 67 0.0
40 68 0.0
40 69 0.03172823223327847
40 70 0.0
40 71 0.0
40 72 0.0
40 73 0.06323044393949782
40 74 0.0
40 75 0.0
40 76 0.0
41 42 0.14608043866032341
41 43 0.0
41 44 0.0
41 45 0.0
41 46 0.0
41 47 0.0
41 48 0.0
41 49 0.0
41 50 0.16592457286619963
41 51 0.0
41 52 0.20623902260315854
41 53 0.0
41 54 0.0
41 55 0.0
41 56 0.0
41 57 0.0
41 58 0.0
41 59 0.0
41 60 0.0
41 61 0.14608043866032341
41 62 0.0
41 63 0.0
41 64 0.0
41 65 0.0
41 66 0.0
41 67 0.11838719473877207
41 68 0.0
41 69 0.13509567180047805
41 70 0.0
41 71 0.0
41 72 0.0
41 73 0.0
41 74 0.0
41 75 0.0
41 76 0.0
42 43 0.11988283485878323
42 44 0.1472743391830242
42 45 0.0
42 46 0.0
42 47 0.0
42 48 0.13887862840165102
42 49 0.0
42 50 0.15347609045233057
42 51 0.0
42 52 0.1112177934303603
42 53 0.0
42 54 0.15376288445912037
42 55 0.0
42 56 0.0
42 57 0.14489260259554967
42 58 0.0
42 59 0.0
42 60 0.0
42 61 1.0
42 62 0.0
42 63 0.15758094997163768
42 64 0.0
42 65 0.0
42 66 0.0
42 67 0.10950520163627175
42 68 0.0
42 69 0.0
42 70 0.0
42 71 0.13887862840165102
42 72 0.0
42 73 0.0
42 74 0.07053141665405713
42 75 0.0
42 76 0.0
43 44 0.1070194929705232
43 45 0.0
43 46 0.0
43 47 0.0
43 48 0.1009186018313472
43 49 0.0
43 50 0.0
43 51 0.0
43 52 0.0808183688227304
43 53 0.0
43 54 0.11173450869842359
43 55 0.0
43 56 0.0
43 57 0.10528876212226523
43 58 0.12414472588924673
43 59 0.0
43 60 0.0
43 61 0.11988283485878323
43 62 0.0
43 63 0.11450897326261389
43 64 0.0
43 65 0.0
43 66 0.0
43 67 0.0
43 68 0.0
43 69 0.0
43 70 0.0
43 71 0.1009186018313472
43 72 0.0
43 73 0.0
43 74 0.051252896401927754
43 75 0.0
43 76 0.0
44 45 0.14711019377190082
44 46 0.0
44 47 0.0
44 48 0.41108929375537845
44 49 0.20278245230010294
44 50 0.0
44 51 0.0
44 52 0.1815955060267787
44 53 0.4995534578745577
44 54 0.6850265267449077
44 55 0.0
44 56 0.0
44 57 0.236579459781776
44 58 0.0
44 59 0.0
44 60 0.0
44 61 0.1472743391830242
44 62 0.0
44 63 0.2572968898919769
44 64 0.0
44 65 0.0
44 66 0.0
44 67 0.0
44 68 0.0
44 69 0.0
44 70 0.0
44 71 0.41108929375537845
44 72 0.0
44 73 0.0
44 74 0.1151631218623214
44 75 0.18069810551049456
44 76 0.0
45 46 0.09937093028637335
45 47 0.0
45 48 0.32413893923364445
45 49 0.24741928672569194
45 50 0.11628222145691769
45 51 0.0
45 52 0.0
45 53 0.3183695557483943
45 54 0.3588783878102601
45 55 0.0
45 56 0.0
45 57 0.0
45 58 0.0
45 59 0.0
45 60 0.0
45 61 0.0
45 62 0.0
45 63 0.0
45 64 0.0
45 65 0.05787752051544497
45 66 0.0
45 67 0.0
45 68 0.0
45 69 0.0
45 70 0.0
45 71 0.32413893923364445
45 72 0.0
45 73 0.0
45 74 0.0
45 75 0.1359909753556662
45 76 0.0
46 47 0.0
46 48 0.0
46 49 0.0
46 50 0.0
46 51 0.0
46 52 0.0
46 53 0.0
46 54 0.0
46 55 0.0
46 56 0.0
46 57 0.0
46 58 0.0
46 59 0.0
46 60 0.0
46 61 0.0
46 62 0.0
46 63 0.0
46 64 0.0
46 65 0.0
46 66 0.0
46 67 0.1043884481346268
46 68 0.0
46 69 0.0
46 70 0.0
46 71 0.0
46 72 0.0
46 73 0.0
46 74 0.0
46 75 0.0
46 76 0.0
47 48 0.0
47 49 0.0
47 50 0.0
47 51 0.0
47 52 0.0
47 53 0.0
47 54 0.0
47 55 0.0
47 56 0.0
47 57 0.0
47 58 0.0
47 59 0.0
47 60 0.0
47 61 0.0
47 62 0.0
47 63 0.0
47 64 0.20619878728060184
47 65 0.0
47 66 0.0
47 67 0.0
47 68 0.0
47 69 0.2905060858857138
47 70 0.0
47 71 0.0
47 72 0.0
47 73 0.0
47 74 0.0
47 75 0.0
47 76 0.0
48 49 0.310016919922609
48 50 0.1457018836926789
48 51 0.0
48 52 0.17124323857641707
48 53 0.4394170275009606
48 54 0.6864257980527697
48 55 0.0
48 56 0.0
48 57 0.22309270620230215
48 58 0.0
48 59 0.0
48 60 0.0
48 61 0.13887862840165102
48 62 0.0
48 63 0.24262909179175732
48 64 0.0
48 65 0.07252066271959172
48 66 0.0
48 67 0.0
48 68 0.0
48 69 0.0
48 70 0.0
48 71 1.0000000000000002
48 72 0.0
48 73 0.0
48 74 0.10859798451932164
48 75 0.1703969964305019
48 76 0.0
49 50 0.16028796796025552
49 51 0.0
49 52 0.0
49 53 0.30449889576241895
49 54 0.34324284727646254
49 55 0.0
49 56 0.0
49 57 0.0
49 58 0.0
49 59 0.0
49 60 0.0
49 61 0.0
49 62 0.0
49 63 0.0
49 64 0.0
49 65 0.07978064090765422
49 66 0.0
49 67 0.0
49 68 0.0
49 69 0.0
49 70 0.0
49 71 0.310016919922609
49 72 0.0
49 73 0.0
49 74 0.0
49 75 0.18745528617862642
49 76 0.0
50 51 0.0
50 52 0.0
50 53 0.1431085203543098
50 54 0.1613174191418443
50 55 0.0
50 56 0.0
50 57 0.0
50 58 0.0
50 59 0.0
50 60 0.0
50 61 0.15347609045233057
50 62 0.0
50 63 0.0
50 64 0.0
50 65 0.09785120705402131
50 66 0.0
50 67 0.12438081357610588
50 68 0.0
50 69 0.0
50 70 0.0
50 71 0.1457018836926789
50 72 0.0
50 73 0.0
50 74 0.0
50 75 0.0
50 76 0.0
51 52 0.0
51 53 0.0
51 54 0.0
51 55 0.0
51 56 0.0
51 57 0.0
51 58 0.0
51 59 0.0
51 60 0.0
51 61 0.0
51 62 0.0
51 63 0.0
51 64 0.0
51 65 0.0
51 66 0.0
51 67 0.0
51 68 0.0
51 69 0.0
51 70 0.0
51 71 0.0
51 72 0.0
51 73 0.0
51 74 0.0
51 75 0.0
51 76 0.0
52 53 0.0
52 54 0.18959615752741818
52 55 0.0
52 56 0.0
52 57 0.1786587238064394
52 58 0.0
52 59 0.0
52 60 0.0
52 61 0.1112177934303603
52 62 0.0
52 63 0.376518680542358
52 64 0.0
52 65 0.0
52 66 0.0
52 67 0.0
52 68 0.03499462870346628
52 69 0.0
52 70 0.0
52 71 0.17124323857641707
52 72 0.0
52 73 0.0
52 74 0.08696822792843621
52 75 0.0
52 76 0.0
53 54 0.4416716022723622
53 55 0.0
53 56 0.0
53 57 0.0
53 58 0.0
53 59 0.0
53 60 0.0
53 61 0.0
53 62 0.0
53 63 0.0
53 64 0.0
53 65 0.07122985972374364
53 66 0.0
53 67 0.0
53 68 0.0
53 69 0.0
53 70 0.0
53 71 0.4394170275009606
53 72 0.0
53 73 0.0
53 74 0.14136730817594276
53 75 0.16736408215162304
53 76 0.0
54 55 0.0
54 56 0.0
54 57 0.24700256909398788
54 58 0.0
54 59 0.0
54 60 0.0
54 61 0.15376288445912037
54 62 0.0
54 63 0.2686327582362109
54 64 0.0
54 65 0.08029303292369538
54 66 0.0
54 67 0.0
54 68 0.0
54 69 0.0
54 70 0.0
54 71 0.6864257980527697
54 72 0.0
54 73 0.0
54 74 0.12023692585618366
54 75 0.18865921975085498
54 76 0.0
55 56 0.0
55 57 0.0
55 58 0.0
55 59 0.0
55 60 0.0
55 61 0.0
55 62 0.0
55 63 0.0
55 64 0.0
55 65 0.0
55 66 0.0
55 67 0.0
55 68 0.0
55 69 0.0
55 70 0.0
55 71 0.0
55 72 0.0
55 73 0.0
55 74 0.0
55 75 0.0
55 76 0.0
56 57 0.0
56 58 0.0
56 59 0.0
56 60 0.0
56 61 0.0
56 62 0.0
56 63 0.0
56 64 0.0
56 65 0.0
56 66 0.0
56 67 0.0
56 68 0.0
56 69 0.0
56 70 0.0
56 71 0.0
56 72 0.0
56 73 0.0
56 74 0.0
56 75 0.0
56 76 0.0
57 58 0.0
57 59 0.0
57 60 0.0
57 61 0.14489260259554967
57 62 0.0
57 63 0.25313585668076993
57 64 0.0
57 65 0.0
57 66 0.0
57 67 0.0
57 68 0.0
57 69 0.0
57 70 0.0
57 71 0.22309270620230215
57 72 0.0
57 73 0.0
57 74 0.11330069136432129
57 75 0.0
57 76 0.0
58 59 0.0
58 60 0.0
58 61 0.0
58 62 0.0
58 63 0.0
58 64 0.0
58 65 0.0
58 66 0.0
58 67 0.0
58 68 0.0
58 69 0.0
58 70 0.0
58 71 0.0
58 72 0.0
58 73 0.0
58 74 0.0
58 75 0.0
58 76 0.0
59 60 0.5253737300020934
59 61 0.0
59 62 0.0
59 63 0.4515424576964633
59 64 0.0
59 65 0.0
59 66 0.0
59 67 0.0
59 68 0.0
59 69 0.0
59 70 0.0
59 71 0.0
59 72 0.0
59 73 0.0
59 74 0.0
59 75 0.3901119752557838
59 76 0.0
60 61 0.0
60 62 0.3502523022893601
60 63 0.5428033437054913
60 64 0.0
60 65 0.0
60 66 0.6069953907777292
60 67 0.0
60 68 0.0
60 69 0.0
60 70 0.0
60 71 0.0
60 72 0.0
60 73 0.0
60 74 0.0
60 75 0.46895719545101805
60 76 0.0
61 62 0.0
61 63 0.15758094997163768
61 64 0.0
61 65 0.0
61 66 0.0
61 67 0.10950520163627175
61 68 0.0
61 69 0.0
61 70 0.0
61 71 0.13887862840165102
61 72 0.0
61 73 0.0
61 74 0.07053141665405713
61 75 0.0
61 76 0.0
62 63 0.0
62 64 0.0
62 65 0.0
62 66 0.5770262964280336
62 67 0.0
62 68 0.0
62 69 0.0
62 70 0.0
62 71 0.0
62 72 0.0
62 73 0.0
62 74 0.0
62 75 0.0
62 76 0.0
63 64 0.0
63 65 0.0
63 66 0.0
63 67 0.0
63 68 0.0
63 69 0.0
63 70 0.0
63 71 0.24262909179175732
63 72 0.0
63 73 0.0
63 74 0.12322251279777519
63 75 0.40305419265548276
63 76 0.0
64 65 0.0
64 66 0.0
64 67 0.0
64 68 0.0
64 69 0.37813636749390545
64 70 0.0
64 71 0.0
64 72 0.0
64 73 0.0
64 74 0.0
64 75 0.0
64 76 0.0
65 66 0.0
65 67 0.0
65 68 0.0
65 69 0.0
65 70 0.0
65 71 0.07252066271959172
65 72 0.0
65 73 0.0
65 74 0.0
65 75 0.059788373013216024
65 76 0.0
66 67 0.0
66 68 0.0
66 69 0.0
66 70 0.0
66 71 0.0
66 72 0.0
66 73 0.0
66 74 0.0
66 75 0.0
66 76 0.0
67 68 0.0
67 69 0.038460151828309884
67 70 0.0
67 71 0.0
67 72 0.0
67 73 0.0
67 74 0.0
67 75 0.0
67 76 0.0
68 69 0.0
68 70 0.0641172940973281
68 71 0.0
68 72 0.0
68 73 0.0
68 74 0.0
68 75 0.0
68 76 0.0
69 70 0.0
69 71 0.0
69 72 0.0
69 73 0.0
69 74 0.0
69 75 0.0
69 76 0.0
70 71 0.0
70 72 0.0
70 73 0.0
70 74 0.0
70 75 0.0
70 76 0.0
71 72 0.0
71 73 0.0
71 74 0.10859798451932164
71 75 0.1703969964305019
71 76 0.0
72 73 0.0
72 74 0.0
72 75 0.0
72 76 0.0
73 74 0.0
73 75 0.0
73 76 0.0
74 75 0.0
74 76 0.21773275736806816
75 76 0.0
