0:0 1 2 5 62 124 128 
1:4 137 136. 138 133 135 134 
2:64. 
3:6 65 66. 67 85 84 159 
4:72. 109 
5:73. 
6:195. 
7:14. 
8:194. 
9:15 105. 113 
10:152. 
11:80. 
12:158. 
13:144. 
14:89. 
15:88. 
17:34. 
16:31. 
19:32. 
18:35. 
21:38. 162 
20:175. 
23:173. 
22:39. 41 
25:37. 
24:172. 
27:40. 
26:110. 
29:106. 131 164 
28:108. 
31:186. 
30:107. 
34:184. 
35:115 165 178. 179 
32:187. 188 
33:60 77 111 119 118 121. 120 129 130 147 163 185 182 
38:176. 
39:125. 
36:189. 192 
37:112. 
42:180. 
40:177. 
41:3 7 8 9 10 11 12 13 17 16 19 18 21 20. 23 22 25 24 27 26 29 28 30 33 36 42 43 46 47 44 45 51 50 49 48 55 54 53 52 59 58 57 56 63 61 68 69 70 71 76 78 79 74 75 87 86 81 83 82 93 92 95 94 91 90 102 103 100 101 98 99 96 97 104 117 116 114 127 126 123 122 139 141 140 143 142 132 153 154 155 156 157 145 146 148 149 150 151 171 170 169 168 174 161 160 167 166 190 191 183 181 193 
