17
0	0	0	0	0	0	0	0	0	0	0	0	0	0	0	0	
1.0	0	1.0	0	0	0	0	0	0	0	0	0	0	0	0	
0	1.0	0	0	0	0	0	0	0	0	0	0	0	0	
1.0	0	0	0	0	0	0	1.0	0	0	1.0	0	0	
0	0	0	0	0	0	1.0	0	0	1.0	0	0	
0	0	0	0	0	0	0	0	0	0	0	
0	0	0	0	0	0	0	0	0	0	
0	1.0	0	0	0	0	0	0	0	
0	0	0	0	0	0	0	0	
0	0	0	0	0	0	0	
0	0	1.0	0	0	0	
0	0	1.0	0	0	
0	0	0	0	
0	0	0	
0	0	
1.0	

0	0	0	0	0	0	0	0	0	0	0	0	0	0	0	0	
1.0	1.0	1.0	0	0	0	0	0	0	0	0	0	1.0	0	0	
1.0	1.0	0	0	0	0	0	0	0	0	0	1.0	0	0	
1.0	0	0	0	0	0	0	0	0	0	1.0	0	0	
0	0	0	0	0	0	0	0	0	1.0	0	0	
0	0	0	0	0	0	0	0	0	0	0	
0	0	0	0	0	0	0	0	0	0	
0	2.0	0	0	2.0	0	0	0	0	
0	2.0	0	0	1.0	0	0	0	
0	0	2.0	0	0	0	0	
0	0	2.0	0	0	0	
0	0	0	0	0	
0	0	0	0	
0	0	0	
0	0	
1.0	

0	0	0	0	0	0	0	0	0	0	0	0	0	0	0	0	
0	0	0	0	0	0	0	0	0	0	0	0	0	0	0	
0	0	0	0	0	0	0	0	0	0	0	0	0	0	
0	0	0	0	0	0	0	0	0	0	0	0	0	
0	0	0	0	0	0	0	0	0	0	0	0	
0	0	0	0	0	0	0	0	0	0	0	
0	0	0	0	0	0	0	0	0	0	
0	0	0	0	0	0	0	0	0	
0	0	0	0	0	0	0	0	
0	0	0	0	0	0	0	
0	0	0	0	0	0	
0	0	0	0	0	
0	0	0	0	
0	0	0	
0	0	
0	

0	0	0	0	0	0	0	0	0	0	0	0	0	0	0	0	
1.0	0	0	0	0	0	0	0	0	0	0	0	0	0	0	
0	0	0	0	0	0	0	0	0	0	0	0	0	0	
0	0	0	0	0	0	0	0	0	0	0	0	0	
0	0	0	0	0	0	0	0	0	0	0	0	
0	0	0	0	0	0	0	0	0	0	0	
0	0	0	0	0	0	0	0	0	0	
1.0	0	0	0	0	0	0	0	0	
0	0	0	0	0	0	0	0	
0	0	0	0	0	0	0	
0	0	0	0	0	0	
0	0	0	0	0	
0	0	0	0	
0	0	0	
0	0	
0	

0	0	0	0	0	0	0	0	0	0	0	0	0	0	0	0	
0	0	0	0	0	0	0	0	0	0	0	0	0	0	0	
0	0	0	0	0	0	0	0	0	0	0	0	0	0	
0	0	0	0	0	0	0	0	0	0	0	0	0	
0	0	0	0	0	0	0	0	0	0	0	0	
0	0	0	0	0	0	0	0	0	0	0	
0	0	0	0	0	0	0	0	0	0	
0	0	0	0	0	0	0	0	0	
0	0	0	0	0	0	0	0	
0	0	0	0	0	0	0	
0	0	0	0	0	0	
0	0	0	0	0	
0	0	0	0	
0	0	0	
0	0	
0	

0	0	0	0	0	0	0	0	0	0	0	0	0	0	0	0	
0	0	0	0	0	0	0	0	0	0	0	0	0	0	0	
0	0	0	0	0	0	0	0	0	0	0	0	0	0	
0	0	0	0	0	0	0	0	0	0	0	0	0	
0	0	0	0	0	0	0	0	0	0	0	0	
0	0	0	0	0	0	0	0	0	0	0	
0	0	0	0	0	0	0	0	0	0	
0	0	0	0	0	0	0	0	0	
0	0	0	0	0	0	0	0	
0	0	0	0	0	0	0	
0	0	0	0	0	0	
0	0	0	0	0	
0	0	0	0	
0	0	0	
0	0	
0	

0	0	0	0	0	0	0	0	0	0	0	0	0	0	0	0	
0.12036882737010744	0	0	0	0	0	0	0	0	0	0	0	0	0	0	
0	0	0.1031738327622012	0	0	0	0	0	0	0	0	0	0	0.11013308635112075	
0	0	0	0	0	0	0	0	0	0	0.9999999999999999	0	0	
0	0	0	0	0.07044223030880849	0	0.14403038806407392	0.08289045307469517	0	0	0	0	
0	0	0	0	0	0	0	0	0	0	0	
0	0	0	0	0	0	0	0	0	0	
0.06324656916410695	0.03312484784413441	0.05219371712058467	0	0.08793760189588846	0.056930664024688264	0	0	0	
0.03312484784413441	0.05219371712058467	0	0.08793760189588846	0.056930664024688264	0	0	0	
0.02733601143728651	0	0.7919737139594384	0.029816946727816443	0	0	0	
0	0.07256979118831546	0.046981567741352474	0	0	0	
0	0	0	0	0	
0.07915601011782258	0	0	0	
0	0	0	
0	0	
0.1858856704168037	

0	0	0	0	0	0	0	0	0	0	0	0	0	0	0	0	
0	0	0	0	0	0	0	0	0	0	0	0	0	0	0	
0	0	0	0	0	0	0	0	0	0	0	0	0	0	
0	0	0	0	0	0	0	0	0	0	0	0	0	
0	0	0	0	0	0	0	0	0	0	0	0	
0	0	0	0	0	0	0	0	0	0	0	
0	0	0	0	0	0	0	0	0	0	
0	0	0	0	0	0	0	0	0	
0	0	0	0	0	0	0	0	
0	0	0	0	0	0	0	
0	0	0	0	0	0	
0	0	0	0	0	
0	0	0	0	
0	0	0	
0	0	
0	

