16
0	1.0	0	1.0	0	0	0	1.0	1.0	0	0	1.0	1.0	0	0	
0	0	0	1.0	0	0	0	0	0	0	0	0	0	0	
0	1.0	0	0	0	1.0	1.0	0	0	1.0	1.0	0	0	
0	0	0	0	0	0	0	0	0	0	0	0	
0	0	0	1.0	1.0	0	0	1.0	1.0	0	0	
0	0	0	0	0	0	0	0	0	0	
1.0	0	0	0	0	0	0	0	0	
0	0	0	0	0	0	0	0	
1.0	0	0	1.0	1.0	0	0	
0	0	1.0	1.0	0	0	
0	0	0	0	0	
0	0	0	0	
1.0	0	0	
0	0	
0	

0	1.0	2.0	1.0	0	0	0	1.0	1.0	0	0	1.0	2.0	0	0	
0	0	0	2.0	0	0	0	0	1.0	0	0	0	0	0	
1.0	1.0	0	0	0	1.0	1.0	0	0	1.0	1.0	0	0	
1.0	0	0	0	1.0	2.0	0	0	1.0	5.0	0	0	
0	0	0	1.0	1.0	0	0	1.0	1.0	0	0	
0	0	0	0	1.0	0	0	0	0	0	
2.0	0	0	0	0	0	0	0	0	
0	0	0	0	0	0	0	0	
1.0	0	0	1.0	1.0	0	0	
0	0	1.0	2.0	0	0	
0	0	0	0	0	
0	0	0	0	
1.0	0	0	
0	0	
0	

0	0	0	0	0	0	0	0	0	0	0	0	0	0	0	
0	0	0	0	0	0	0	0	0	0	0	0	0	0	
0	0	0	0	0	0	0	0	0	0	0	0	0	
0	0	0	0	0	0	0	0	0	0	0	0	
0	0	0	0	0	0	0	0	0	0	0	
0	0	0	0	0	0	0	0	0	0	
0	0	0	0	0	0	0	0	0	
0	0	0	0	0	0	0	0	
0	0	0	0	0	0	0	
0	0	0	0	0	0	
0	0	0	0	0	
0	0	0	0	
0	0	0	
0	0	
0	

0	0	0	0	0	0	0	0	0	0	0	0	0	0	0	
0	0	0	0	0	0	0	0	0	0	0	0	0	0	
1.0	0	0	0	0	0	0	0	0	0	0	0	0	
0	0	0	0	0	0	0	0	0	0	0	0	
0	0	0	0	0	0	0	0	0	0	0	
0	0	0	0	0	0	0	0	0	0	
1.0	0	0	0	0	0	0	0	0	
0	0	0	0	0	0	0	0	
0	0	0	0	0	0	0	
0	0	0	0	0	0	
0	0	0	0	0	
0	0	0	0	
0	0	0	
0	0	
0	

0	0	0	0	0	0	0	0	0	0	0	0	0	0	0	
0	0	0	0	0	0	0	0	0	0	0	0	0	0	
0	0	0	0	0	0	0	0	0	0	0	0	0	
0	0	0	0	0	0	0	0	0	0	0	0	
0	0	0	0	0	0	0	0	0	0	0	
0	0	0	0	0	0	0	0	0	0	
0	0	0	0	0	0	0	0	0	
0	0	0	0	0	0	0	0	
0	0	0	0	0	0	0	
0	0	0	0	0	0	
0	0	0	0	0	
0	0	0	0	
0	0	0	
0	0	
0	

0	0	0	0	0	0	0	0	0	0	0	0	0	0	0	
0	0	0	0	0	0	0	0	0	0	0	0	0	0	
0	0	0	0	0	0	0	0	0	0	0	0	0	
0	0	0	0	0	0	0	0	0	0	0	0	
0	0	0	0	0	0	0	0	0	0	0	
0	0	0	0	0	0	0	0	0	0	
0	0	0	0	0	0	0	0	0	
0	0	0	0	0	0	0	0	
0	0	0	0	0	0	0	
0	0	0	0	0	0	
0	0	0	0	0	
0	0	0	0	
0	0	0	
0	0	
0	

0.047167703663036915	0.04458168985629013	0	0.10170113129784981	0	0	0	0.04206694321863432	0.038564193175513635	0.05406077570564372	0	0.14605285676348131	0.08357627668450558	0	0	
0	0	0.04872495905201957	0.13729171222314115	0	0	0	0	0.14277233061103	0	0.10274123106042649	0	0.05770519804568001	0	
0	0	0	0	0	0.10500609889282242	0.28076516759792963	0	0	0.09710834623858952	0	0	0	
0	0	0	0	0	0	0	0	0	0.3821935366645169	0.05588188343104862	0	
0	0	0	0	0	0.055845607863291645	0	0.056521385706712876	0	0	0	
0	0	0	0	0	0	0	0	0	0	
0	0	0	0	0	0	0	0	0	
0	0	0	0	0	0	0.08865957995020113	0	
0.14297759437637228	0	0	0.0548903513392277	0	0	0	
0	0	0.05031984619172696	0	0	0	
0	0	0	0.06613821590475115	0	
0	0	0	0	
0	0	0	
0.09088677630314577	0	
0	

0	0	0	0	0	0	0	0	0	0	0	0	0	0	0	
0	0	0	0	0	0	0	0	0	0	0	0	0	0	
0	0	0	0	0	0	0	0	0	0	0	0	0	
0	0	0	0	0	0	0	0	0	0	0	0	
0	0	0	0	0	0	0	0	0	0	0	
0	0	0	0	0	0	0	0	0	0	
0	0	0	0	0	0	0	0	0	
0	0	0	0	0	0	0	0	
0	0	0	0	0	0	0	
0	0	0	0	0	0	
0	0	0	0	0	
0	0	0	0	
0	0	0	
0	0	
0	

