0 1 0.03432633364932766
0 2 0.15372578147851038
0 3 0.0
0 4 0.15088985553537593
0 5 0.0
0 6 0.0
0 7 0.0
0 8 0.16057505385736132
0 9 0.1447703627684975
0 10 0.03877818313588561
0 11 0.0
0 12 0.14068518994236592
0 13 0.15001459335783962
0 14 0.0
0 15 0.0
1 2 0.0
1 3 0.0
1 4 0.03649019228652977
1 5 0.3732303747410171
1 6 0.0
1 7 0.0
1 8 0.0
1 9 0.0
1 10 0.10487831415420185
1 11 0.0
1 12 0.05983916033328298
1 13 0.0
1 14 0.04256402878372508
1 15 0.0
2 3 0.0
2 4 0.0
2 5 0.0
2 6 0.0
2 7 0.0
2 8 0.3223598231993482
2 9 0.40897190166554376
2 10 0.0
2 11 0.0
2 12 0.04464989198637973
2 13 0.0
2 14 0.0
2 15 0.0
3 4 0.0
3 5 0.0
3 6 0.0
3 7 0.0
3 8 0.0
3 9 0.0
3 10 0.0
3 11 0.0
3 12 0.0
3 13 0.5963307661639298
3 14 0.07107471288697444
3 15 0.0
4 5 0.0
4 6 0.0
4 7 0.0
4 8 0.0
4 9 0.0
4 10 0.041222676840654886
4 11 0.0
4 12 0.10983399624502604
4 13 0.0
4 14 0.0
4 15 0.0
5 6 0.0
5 7 0.0
5 8 0.0
5 9 0.0
5 10 0.0
5 11 0.0
5 12 0.0
5 13 0.0
5 14 0.0
5 15 0.0
6 7 0.0
6 8 0.0
6 9 0.0
6 10 0.0
6 11 0.0
6 12 0.0
6 13 0.0
6 14 0.0
6 15 0.0
7 8 0.0
7 9 0.0
7 10 0.0
7 11 0.0
7 12 0.0
7 13 0.0
7 14 0.03235159425193698
7 15 0.0
8 9 0.36123094285628243
8 10 0.0
8 11 0.0
8 12 0.1578894854200033
8 13 0.0
8 14 0.0
8 15 0.0
9 10 0.0
9 11 0.0
9 12 0.1003003462203027
9 13 0.0
9 14 0.0
9 15 0.0
10 11 0.0
10 12 0.0
10 13 0.0
10 14 0.048084241097176614
10 15 0.0
11 12 0.0
11 13 0.0
11 14 0.0
11 15 0.0
12 13 0.0319616356716051
12 14 0.0
12 15 0.0
13 14 0.11033941926037454
13 15 0.0
14 15 0.0
