0 1 0.0
0 2 0.0
0 3 0.0
0 4 0.0
0 5 0.0
0 6 0.0
0 7 0.0
0 8 0.0
0 9 0.0
0 10 0.0
0 11 0.0
0 12 0.0
0 13 0.0
0 14 0.0
0 15 0.0
0 16 0.0
0 17 0.0
0 18 0.14523386160340002
0 19 0.15481493584422248
0 20 0.0
0 21 0.0
0 22 0.0
0 23 0.0
0 24 0.0
0 25 0.0
0 26 0.0
0 27 0.0
0 28 0.0
0 29 0.0
0 30 0.0
0 31 0.0
0 32 0.0
0 33 0.0
0 34 0.0
0 35 0.0
0 36 0.0
0 37 0.0
0 38 0.0
0 39 0.0
0 40 0.0
0 41 0.0
0 42 0.0
0 43 0.0
0 44 0.0
0 45 0.0
0 46 0.0
0 47 0.0
0 48 0.0
0 49 0.0
0 50 0.0
0 51 0.0
0 52 0.0
0 53 0.0
0 54 0.0
0 55 0.0
0 56 0.0
0 57 0.0
1 2 0.0
1 3 0.0
1 4 0.0
1 5 0.0
1 6 0.0
1 7 0.0
1 8 0.0
1 9 0.0
1 10 0.0
1 11 0.0
1 12 0.0
1 13 0.0
1 14 0.0
1 15 0.0
1 16 0.0
1 17 0.0
1 18 0.0
1 19 0.0
1 20 0.0
1 21 0.0
1 22 0.0
1 23 0.0
1 24 0.0
1 25 0.0
1 26 0.0
1 27 0.0
1 28 0.0
1 29 0.0
1 30 0.0
1 31 0.0
1 32 0.0
1 33 0.0
1 34 0.0
1 35 0.0
1 36 0.0
1 37 0.0
1 38 0.0
1 39 0.0
1 40 0.0
1 41 0.0
1 42 0.0
1 43 0.0
1 44 0.0
1 45 0.0
1 46 0.0
1 47 0.0
1 48 0.0
1 49 0.0
1 50 0.0
1 51 0.06794527517997273
1 52 0.0
1 53 0.0
1 54 0.0
1 55 0.0
1 56 0.0
1 57 0.0
2 3 0.03431216674134143
2 4 0.059595418543491284
2 5 0.0
2 6 0.047423322589353195
2 7 0.0
2 8 0.0
2 9 0.0
2 10 0.05828826667799408
2 11 0.0
2 12 0.0
2 13 0.04142335224088686
2 14 0.054875964229576836
2 15 0.0
2 16 0.0
2 17 0.0
2 18 0.0
2 19 0.0
2 20 0.0
2 21 0.0
2 22 0.0
2 23 0.0
2 24 0.0
2 25 0.0
2 26 0.0
2 27 0.0
2 28 0.0
2 29 0.0
2 30 0.0
2 31 0.0
2 32 0.0
2 33 0.0
2 34 0.0
2 35 0.05641068924702464
2 36 0.0
2 37 0.0
2 38 0.0
2 39 0.0
2 40 0.0
2 41 0.0
2 42 0.0
2 43 0.0
2 44 0.0
2 45 0.0
2 46 0.0
2 47 0.0
2 48 0.0
2 49 0.0
2 50 0.0
2 51 0.0
2 52 0.0
2 53 0.0
2 54 0.0
2 55 0.0
2 56 0.0
2 57 0.0397174251297022
3 4 0.08310548328343409
3 5 0.0
3 6 0.027614049278933787
3 7 0.0
3 8 0.0
3 9 0.0
3 10 0.033940579878119326
3 11 0.0
3 12 0.0
3 13 0.0
3 14 0.0
3 15 0.0
3 16 0.0
3 17 0.0
3 18 0.0
3 19 0.0
3 20 0.0
3 21 0.0
3 22 0.0
3 23 0.0
3 24 0.0
3 25 0.0
3 26 0.0
3 27 0.0
3 28 0.0
3 29 0.10060915010520353
3 30 0.0
3 31 0.0
3 32 0.0
3 33 0.0
3 34 0.0
3 35 0.03284728837358345
3 36 0.0
3 37 0.0
3 38 0.0
3 39 0.0
3 40 0.0
3 41 0.0
3 42 0.0
3 43 0.0
3 44 0.0
3 45 0.0
3 46 0.0
3 47 0.0
3 48 0.0
3 49 0.0
3 50 0.0
3 51 0.1171071994184399
3 52 0.0
3 53 0.0
3 54 0.0
3 55 0.0
3 56 0.0
3 57 0.0
4 5 0.0
4 6 0.047961728469798036
4 7 0.0
4 8 0.0
4 9 0.0
4 10 0.058950024307507266
4 11 0.0
4 12 0.0
4 13 0.0
4 14 0.0
4 15 0.0
4 16 0.0
4 17 0.0
4 18 0.0
4 19 0.0
4 20 0.0
4 21 0.0
4 22 0.0
4 23 0.0
4 24 0.0
4 25 0.0
4 26 0.0
4 27 0.0
4 28 0.0
4 29 0.0
4 30 0.0
4 31 0.0
4 32 0.0
4 33 0.0
4 34 0.0
4 35 0.057051130387632605
4 36 0.0
4 37 0.0
4 38 0.0
4 39 0.0
4 40 0.0
4 41 0.0
4 42 0.0
4 43 0.0
4 44 0.0
4 45 0.0
4 46 0.0
4 47 0.0
4 48 0.0
4 49 0.0
4 50 0.0
4 51 0.0
4 52 0.0
4 53 0.0
4 54 0.0
4 55 0.0
4 56 0.0
4 57 0.0
5 6 0.0
5 7 0.0
5 8 0.0
5 9 0.22084056738988395
5 10 0.0
5 11 0.0
5 12 0.0
5 13 0.0
5 14 0.0
5 15 0.07002530798791781
5 16 0.0
5 17 0.0
5 18 0.0
5 19 0.0
5 20 0.0
5 21 0.0
5 22 0.0
5 23 0.0
5 24 0.0
5 25 0.24250304019380975
5 26 0.0
5 27 0.0
5 28 0.0
5 29 0.0
5 30 0.0
5 31 0.06091688859073357
5 32 0.22881388761594595
5 33 0.0
5 34 0.27782265660286665
5 35 0.0
5 36 0.0
5 37 0.0
5 38 0.22419583396212348
5 39 0.0
5 40 0.0
5 41 0.0
5 42 0.0
5 43 0.09624342937158432
5 44 0.0
5 45 0.0
5 46 0.0
5 47 0.10228305263467093
5 48 0.24207387532839103
5 49 0.06561910618677415
5 50 0.09542930230009712
5 51 0.0
5 52 0.0
5 53 0.0
5 54 0.06696957779600791
5 55 0.2807154759754568
5 56 0.11758860483310958
5 57 0.0
6 7 0.0
6 8 0.0
6 9 0.0
6 10 0.046909747220668714
6 11 0.0
6 12 0.0
6 13 0.0
6 14 0.0
6 15 0.0
6 16 0.0
6 17 0.0
6 18 0.0
6 19 0.0
6 20 0.0
6 21 0.0
6 22 0.0
6 23 0.0
6 24 0.0
6 25 0.0
6 26 0.0
6 27 0.0
6 28 0.0
6 29 0.0
6 30 0.0
6 31 0.0
6 32 0.0
6 33 0.0
6 34 0.0
6 35 0.04539869383559249
6 36 0.0
6 37 0.0
6 38 0.0
6 39 0.0
6 40 0.0
6 41 0.0
6 42 0.0
6 43 0.0
6 44 0.0
6 45 0.0
6 46 0.0
6 47 0.0
6 48 0.0
6 49 0.0
6 50 0.0
6 51 0.0
6 52 0.0
6 53 0.0
6 54 0.0
6 55 0.0
6 56 0.0
6 57 0.0
7 8 0.0
7 9 0.23218507738780034
7 10 0.08833713929529062
7 11 0.0
7 12 0.07306996143156769
7 13 0.01904263799782848
7 14 0.025226908617361182
7 15 0.02764900416624276
7 16 0.0656016975785012
7 17 0.024424298427203648
7 18 0.0
7 19 0.0
7 20 0.01912811976876953
7 21 0.0
7 22 0.0
7 23 0.0
7 24 0.0
7 25 0.25496034455830585
7 26 0.0
7 27 0.0
7 28 0.0
7 29 0.07836025556585688
7 30 0.0
7 31 0.0
7 32 0.17973602912181577
7 33 0.0
7 34 0.0
7 35 0.0
7 36 0.0
7 37 0.0
7 38 0.0
7 39 0.0
7 40 0.0
7 41 0.0
7 42 0.0
7 43 0.0
7 44 0.0
7 45 0.0
7 46 0.0
7 47 0.0
7 48 0.0
7 49 0.0
7 50 0.0
7 51 0.0
7 52 0.025890996279851135
7 53 0.0
7 54 0.0
7 55 0.0
7 56 0.0
7 57 0.0
8 9 0.0
8 10 0.0
8 11 0.0
8 12 0.0
8 13 0.0
8 14 0.0
8 15 0.0
8 16 0.0
8 17 0.0
8 18 0.0
8 19 0.0
8 20 0.0
8 21 0.0
8 22 0.0
8 23 0.0
8 24 0.28213436007695225
8 25 0.0
8 26 0.0
8 27 0.0
8 28 0.0
8 29 0.1263390158703637
8 30 0.0
8 31 0.0
8 32 0.0
8 33 0.0
8 34 0.0
8 35 0.0
8 36 0.0
8 37 0.0
8 38 0.0
8 39 0.0756889046611748
8 40 0.0
8 41 0.0
8 42 0.0
8 43 0.0
8 44 0.0
8 45 0.0
8 46 0.0
8 47 0.0
8 48 0.0
8 49 0.0
8 50 0.0
8 51 0.0
8 52 0.0
8 53 0.0
8 54 0.0
8 55 0.0
8 56 0.0
8 57 0.0
9 10 0.149078760908732
9 11 0.0
9 12 0.0
9 13 0.0
9 14 0.0
9 15 0.0
9 16 0.11071017090354997
9 17 0.0
9 18 0.0
9 19 0.0
9 20 0.0
9 21 0.0
9 22 0.0
9 23 0.0
9 24 0.0
9 25 0.6803107473216202
9 26 0.0
9 27 0.0
9 28 0.0
9 29 0.13224165846258382
9 30 0.0
9 31 0.0
9 32 0.4795896887585202
9 33 0.0
9 34 0.5716171791563701
9 35 0.0
9 36 0.0
9 37 0.0
9 38 0.17270763772231137
9 39 0.0
9 40 0.0
9 41 0.0
9 42 0.0
9 43 0.0
9 44 0.0
9 45 0.0
9 46 0.0
9 47 0.0
9 48 0.186479857468337
9 49 0.0
9 50 0.0
9 51 0.0
9 52 0.0
9 53 0.0
9 54 0.0
9 55 0.21624713479736687
9 56 0.0
9 57 0.0
10 11 0.0
10 12 0.0
10 13 0.0
10 14 0.0
10 15 0.0
10 16 0.08024039619813539
10 17 0.0
10 18 0.0
10 19 0.0
10 20 0.0
10 21 0.0
10 22 0.0
10 23 0.0
10 24 0.0
10 25 0.1637020461230241
10 26 0.0
10 27 0.0
10 28 0.0
10 29 0.0
10 30 0.0
10 31 0.0
10 32 0.11540287090622448
10 33 0.0
10 34 0.0
10 35 0.05579978433893432
10 36 0.0
10 37 0.0
10 38 0.0
10 39 0.0
10 40 0.0
10 41 0.0
10 42 0.0
10 43 0.0
10 44 0.0
10 45 0.0
10 46 0.0
10 47 0.0
10 48 0.0
10 49 0.0
10 50 0.0
10 51 0.0
10 52 0.0
10 53 0.0
10 54 0.0
10 55 0.10599752406100867
10 56 0.09773553238553516
10 57 0.0
11 12 0.0
11 13 0.0
11 14 0.0
11 15 0.0
11 16 0.0
11 17 0.0
11 18 0.0
11 19 0.0
11 20 0.0
11 21 0.0
11 22 0.0
11 23 0.0
11 24 0.0
11 25 0.0
11 26 0.0
11 27 0.0
11 28 0.0
11 29 0.0
11 30 0.0
11 31 0.0
11 32 0.0
11 33 0.0
11 34 0.0
11 35 0.0
11 36 0.0
11 37 0.0
11 38 0.0
11 39 0.0
11 40 0.0
11 41 0.0
11 42 0.0
11 43 0.0
11 44 0.0
11 45 0.0
11 46 0.0
11 47 0.0
11 48 0.0
11 49 0.0
11 50 0.0
11 51 0.0
11 52 0.0
11 53 0.0
11 54 0.0
11 55 0.0
11 56 0.0
11 57 0.0
12 13 0.0
12 14 0.0
12 15 0.0
12 16 0.0
12 17 0.0802528648514338
12 18 0.0
12 19 0.0
12 20 0.0
12 21 0.0
12 22 0.0
12 23 0.0
12 24 0.0
12 25 0.0
12 26 0.0
12 27 0.0
12 28 0.0
12 29 0.0
12 30 0.0
12 31 0.0
12 32 0.0
12 33 0.0
12 34 0.0
12 35 0.0
12 36 0.0
12 37 0.0
12 38 0.0
12 39 0.0
12 40 0.0
12 41 0.0
12 42 0.0
12 43 0.0
12 44 0.0
12 45 0.0
12 46 0.0
12 47 0.0
12 48 0.0
12 49 0.0
12 50 0.0
12 51 0.0
12 52 0.08507211093529701
12 53 0.0
12 54 0.0
12 55 0.0
12 56 0.0
12 57 0.0
13 14 0.0757956517404067
13 15 0.03010780495945374
13 16 0.0
13 17 0.026596329071972822
13 18 0.0
13 19 0.0
13 20 0.020829166062418962
13 21 0.0
13 22 0.0
13 23 0.0
13 24 0.0
13 25 0.0
13 26 0.0
13 27 0.0
13 28 0.0
13 29 0.0
13 30 0.0
13 31 0.0
13 32 0.0
13 33 0.0
13 34 0.0
13 35 0.08676600543049814
13 36 0.0
13 37 0.0
13 38 0.0
13 39 0.0435775313552622
13 40 0.0
13 41 0.0
13 42 0.0
13 43 0.0
13 44 0.0
13 45 0.0
13 46 0.0
13 47 0.0
13 48 0.0
13 49 0.0
13 50 0.0
13 51 0.0
13 52 0.02819345903066678
13 53 0.0
13 54 0.0
13 55 0.0
13 56 0.0
13 57 0.03497629580546085
14 15 0.03988558961568694
14 16 0.13265820673381043
14 17 0.45607817128014333
14 18 0.0
14 19 0.0
14 20 0.02759362798853836
14 21 0.12967588113422918
14 22 0.0
14 23 0.0
14 24 0.0
14 25 0.0
14 26 0.0
14 27 0.0
14 28 0.0
14 29 0.0
14 30 0.0
14 31 0.0
14 32 0.0
14 33 0.0
14 34 0.0
14 35 0.0
14 36 0.0
14 37 0.0
14 38 0.0
14 39 0.0
14 40 0.0
14 41 0.0
14 42 0.0
14 43 0.0
14 44 0.0
14 45 0.0
14 46 0.0
14 47 0.0
14 48 0.12475765075525506
14 49 0.0
14 50 0.0
14 51 0.0
14 52 0.03734954236146549
14 53 0.0
14 54 0.0
14 55 0.0
14 56 0.0
14 57 0.04633516733126848
15 16 0.0
15 17 0.03861660413864911
15 18 0.0
15 19 0.0
15 20 0.030242957898210188
15 21 0.0
15 22 0.0
15 23 0.0
15 24 0.0
15 25 0.0
15 26 0.0
15 27 0.0
15 28 0.0
15 29 0.05277764792820284
15 30 0.0
15 31 0.058844238220068575
15 32 0.05589108738555172
15 33 0.0
15 34 0.06786218502584816
15 35 0.0
15 36 0.03898991831897527
15 37 0.0
15 38 0.05476306127224963
15 39 0.0
15 40 0.0
15 41 0.04815234767191498
15 42 0.0
15 43 0.0
15 44 0.0
15 45 0.0
15 46 0.0
15 47 0.0
15 48 0.059130030352210886
15 49 0.06338646647212182
15 50 0.0
15 51 0.0
15 52 0.040935560833987014
15 53 0.0
15 54 0.06469098932155834
15 55 0.0685687978194537
15 56 0.0
15 57 0.0
16 17 0.1284376012625833
16 18 0.0
16 19 0.0
16 20 0.04783979908225243
16 21 0.029665145983990896
16 22 0.0
16 23 0.0
16 24 0.0
16 25 0.12156984263262192
16 26 0.0
16 27 0.0
16 28 0.0
16 29 0.0
16 30 0.0
16 31 0.0
16 32 0.08570148747486728
16 33 0.0
16 34 0.0
16 35 0.0
16 36 0.0
16 37 0.0
16 38 0.0
16 39 0.02062616240966253
16 40 0.0
16 41 0.0
16 42 0.03703024547508374
16 43 0.0
16 44 0.0
16 45 0.0
16 46 0.0
16 47 0.0
16 48 0.0
16 49 0.0
16 50 0.0
16 51 0.0
16 52 0.0
16 53 0.0
16 54 0.0
16 55 0.0
16 56 0.0
16 57 0.0
17 18 0.0
17 19 0.0
17 20 0.026715719111832972
17 21 0.12555016025440793
17 22 0.08781570555757438
17 23 0.0
17 24 0.0
17 25 0.0
17 26 0.0
17 27 0.0
17 28 0.0
17 29 0.0
17 30 0.0
17 31 0.0
17 32 0.0
17 33 0.0
17 34 0.0
17 35 0.0
17 36 0.0
17 37 0.0
17 38 0.0
17 39 0.0
17 40 0.0
17 41 0.0
17 42 0.0
17 43 0.0
17 44 0.0
17 45 0.0
17 46 0.0
17 47 0.0
17 48 0.120788406512329
17 49 0.0
17 50 0.0
17 51 0.0
17 52 0.12200576223486838
17 53 0.0
17 54 0.0
17 55 0.0
17 56 0.04883412061603206
17 57 0.0
18 19 0.13023737176006986
18 20 0.0
18 21 0.0
18 22 0.0
18 23 0.0
18 24 0.0
18 25 0.0
18 26 0.0
18 27 0.0
18 28 0.0
18 29 0.0
18 30 0.0
18 31 0.0
18 32 0.0
18 33 0.0
18 34 0.0
18 35 0.0
18 36 0.0
18 37 0.0
18 38 0.0
18 39 0.0
18 40 0.0
18 41 0.0
18 42 0.06178063005624374
18 43 0.0
18 44 0.0
18 45 0.0
18 46 0.0
18 47 0.0
18 48 0.0
18 49 0.0
18 50 0.0
18 51 0.0
18 52 0.0
18 53 0.0
18 54 0.0
18 55 0.0
18 56 0.0
18 57 0.0
19 20 0.0
19 21 0.0
19 22 0.0
19 23 0.0
19 24 0.0
19 25 0.0
19 26 0.0
19 27 0.0
19 28 0.0
19 29 0.0
19 30 0.0
19 31 0.0
19 32 0.0
19 33 0.0
19 34 0.0
19 35 0.0
19 36 0.0
19 37 0.0
19 38 0.0
19 39 0.0
19 40 0.0
19 41 0.0
19 42 0.0
19 43 0.0
19 44 0.0
19 45 0.0
19 46 0.0
19 47 0.0
19 48 0.0
19 49 0.0
19 50 0.0
19 51 0.0
19 52 0.0
19 53 0.0
19 54 0.0
19 55 0.0
19 56 0.0
19 57 0.0
20 21 0.03572247388182253
20 22 0.0
20 23 0.0
20 24 0.0
20 25 0.0
20 26 0.0
20 27 0.0
20 28 0.0
20 29 0.0
20 30 0.0
20 31 0.0
20 32 0.0
20 33 0.0
20 34 0.0
20 35 0.0
20 36 0.0
20 37 0.0
20 38 0.0
20 39 0.0248378197214681
20 40 0.0
20 41 0.0
20 42 0.0
20 43 0.0
20 44 0.0
20 45 0.0
20 46 0.0
20 47 0.0
20 48 0.0
20 49 0.0
20 50 0.0
20 51 0.0
20 52 0.02832001853398612
20 53 0.0
20 54 0.0
20 55 0.0
20 56 0.0
20 57 0.0
21 22 0.0
21 23 0.0
21 24 0.0
21 25 0.0
21 26 0.0
21 27 0.0
21 28 0.0
21 29 0.0
21 30 0.0
21 31 0.0
21 32 0.0
21 33 0.0
21 34 0.0
21 35 0.0
21 36 0.0
21 37 0.0
21 38 0.0
21 39 0.03262117078445412
21 40 0.0
21 41 0.0
21 42 0.0
21 43 0.20866657413106757
21 44 0.0
21 45 0.0
21 46 0.0
21 47 0.4259249208917708
21 48 0.3437554358333297
21 49 0.0
21 50 0.3973846789467843
21 51 0.0
21 52 0.0
21 53 0.0
21 54 0.0
21 55 0.0
21 56 0.0
21 57 0.0
22 23 0.0
22 24 0.0
22 25 0.0
22 26 0.0
22 27 0.0
22 28 0.0
22 29 0.0
22 30 0.0
22 31 0.0
22 32 0.0
22 33 0.0
22 34 0.0
22 35 0.0
22 36 0.0
22 37 0.0
22 38 0.0
22 39 0.0
22 40 0.0
22 41 0.0
22 42 0.0
22 43 0.0
22 44 0.0
22 45 0.0
22 46 0.0
22 47 0.0
22 48 0.0
22 49 0.0
22 50 0.0
22 51 0.0
22 52 0.0
22 53 0.0
22 54 0.0
22 55 0.0
22 56 0.0
22 57 0.0
23 24 0.0
23 25 0.0
23 26 0.1417791393322959
23 27 0.09776952082227498
23 28 0.0
23 29 0.08114504689795494
23 30 0.0
23 31 0.0
23 32 0.0
23 33 0.1417791393322959
23 34 0.0
23 35 0.08682293364744076
23 36 0.0
23 37 0.0
23 38 0.0
23 39 0.0
23 40 0.0
23 41 0.0
23 42 0.0
23 43 0.0
23 44 0.0
23 45 0.0
23 46 0.0
23 47 0.0
23 48 0.0
23 49 0.0
23 50 0.0
23 51 0.0
23 52 0.0
23 53 0.0
23 54 0.0
23 55 0.0
23 56 0.0
23 57 0.0
24 25 0.0
24 26 0.0
24 27 0.0
24 28 0.0
24 29 0.18467245281750252
24 30 0.0
24 31 0.0
24 32 0.05473223137251123
24 33 0.0
24 34 0.0
24 35 0.0
24 36 0.0
24 37 0.0
24 38 0.0
24 39 0.0
24 40 0.0
24 41 0.0
24 42 0.0
24 43 0.0
24 44 0.0
24 45 0.0
24 46 0.0
24 47 0.0
24 48 0.0
24 49 0.0
24 50 0.0
24 51 0.0
24 52 0.0
24 53 0.0
24 54 0.06334967453468221
24 55 0.06714707984299198
24 56 0.0
24 57 0.0
25 26 0.0
25 27 0.0
25 28 0.0
25 29 0.1452133754068457
25 30 0.0
25 31 0.0
25 32 0.5266331224562484
25 33 0.0
25 34 0.23501197860925466
25 35 0.0
25 36 0.0
25 37 0.0
25 38 0.3643733514574723
25 39 0.0
25 40 0.0
25 41 0.0
25 42 0.0
25 43 0.0
25 44 0.0
25 45 0.0
25 46 0.0
25 47 0.0
25 48 0.204771853765177
25 49 0.0
25 50 0.0
25 51 0.0
25 52 0.0
25 53 0.0
25 54 0.0
25 55 0.4562316657696557
25 56 0.0
25 57 0.0
26 27 0.0
26 28 0.0
26 29 0.0
26 30 0.0
26 31 0.0
26 32 0.0
26 33 1.0
26 34 0.0
26 35 0.0
26 36 0.0
26 37 0.0
26 38 0.0
26 39 0.0
26 40 0.0
26 41 0.0
26 42 0.0
26 43 0.0
26 44 0.0
26 45 0.0
26 46 0.0
26 47 0.0
26 48 0.0
26 49 0.0
26 50 0.0
26 51 0.0
26 52 0.0
26 53 0.0
26 54 0.0
26 55 0.0
26 56 0.0
26 57 0.0
27 28 0.0
27 29 0.0
27 30 0.0
27 31 0.0
27 32 0.0
27 33 0.0
27 34 0.0
27 35 0.12473479151526094
27 36 0.0
27 37 0.0
27 38 0.0
27 39 0.0
27 40 0.0
27 41 0.0
27 42 0.0
27 43 0.0
27 44 0.0
27 45 0.0
27 46 0.0
27 47 0.0
27 48 0.0
27 49 0.0
27 50 0.0
27 51 0.0
27 52 0.04296618489395573
27 53 0.0
27 54 0.0
27 55 0.0
27 56 0.0
27 57 0.0
28 29 0.0
28 30 0.0
28 31 0.2908642651667531
28 32 0.0
28 33 0.0
28 34 0.0
28 35 0.0
28 36 0.0
28 37 0.0
28 38 0.0
28 39 0.0
28 40 0.0
28 41 0.0
28 42 0.0
28 43 0.0
28 44 0.0
28 45 0.0
28 46 0.0
28 47 0.0
28 48 0.0
28 49 0.0
28 50 0.0
28 51 0.0
28 52 0.0
28 53 0.0
28 54 0.0
28 55 0.0
28 56 0.0
28 57 0.0
29 30 0.0
29 31 0.0
29 32 0.10236915672599141
29 33 0.0
29 34 0.0
29 35 0.0
29 36 0.029565078011642196
29 37 0.0
29 38 0.0
29 39 0.0
29 40 0.0
29 41 0.03651271858835994
29 42 0.0
29 43 0.0
29 44 0.0
29 45 0.0
29 46 0.0
29 47 0.0
29 48 0.0
29 49 0.0
29 50 0.0
29 51 0.1949922236893192
29 52 0.0
29 53 0.0
29 54 0.0
29 55 0.0
29 56 0.0
29 57 0.0
30 31 0.0
30 32 0.0
30 33 0.0
30 34 0.0
30 35 0.0
30 36 0.0
30 37 0.0
30 38 0.12323995374214976
30 39 0.0
30 40 0.0
30 41 0.0
30 42 0.0
30 43 0.0
30 44 0.0
30 45 0.0
30 46 0.0
30 47 0.0
30 48 0.0
30 49 0.0
30 50 0.0
30 51 0.0
30 52 0.0
30 53 0.0
30 54 0.0
30 55 0.0
30 56 0.0
30 57 0.0
31 32 0.04862115199933228
31 33 0.0
31 34 0.05903513006264269
31 35 0.0
31 36 0.0
31 37 0.0
31 38 0.04763985190875191
31 39 0.0
31 40 0.0
31 41 0.0
31 42 0.0
31 43 0.0
31 44 0.0
31 45 0.0
31 46 0.0
31 47 0.0
31 48 0.051438795127524736
31 49 0.055141582767600894
31 50 0.0
31 51 0.0
31 52 0.0
31 53 0.0
31 54 0.056276422090219824
31 55 0.0596498314336425
31 56 0.0
31 57 0.0
32 33 0.0
32 34 0.22174569200832542
32 35 0.0
32 36 0.0
32 37 0.0
32 38 0.17894314652090806
32 39 0.0
32 40 0.0
32 41 0.0
32 42 0.0
32 43 0.0
32 44 0.0
32 45 0.0
32 46 0.0
32 47 0.0
32 48 0.1932126042497762
32 49 0.052374253015489584
32 50 0.0
32 51 0.0
32 52 0.0
32 53 0.0
32 54 0.128538691129673
32 55 0.3036421190958387
32 56 0.0
32 57 0.0
33 34 0.0
33 35 0.0
33 36 0.0
33 37 0.0
33 38 0.0
33 39 0.0
33 40 0.0
33 41 0.0
33 42 0.0
33 43 0.0
33 44 0.0
33 45 0.0
33 46 0.0
33 47 0.0
33 48 0.0
33 49 0.0
33 50 0.0
33 51 0.0
33 52 0.0
33 53 0.0
33 54 0.0
33 55 0.0
33 56 0.0
33 57 0.0
34 35 0.0
34 36 0.0
34 37 0.0
34 38 0.21727029274883097
34 39 0.0
34 40 0.0
34 41 0.0
34 42 0.0
34 43 0.0
34 44 0.0
34 45 0.0
34 46 0.0
34 47 0.0
34 48 0.23459607089902132
34 49 0.0635920933906635
34 50 0.0
34 51 0.0
34 52 0.0
34 53 0.0
34 54 0.17593560079463855
34 55 0.27204400976790233
34 56 0.0
34 57 0.0
35 36 0.0
35 37 0.0
35 38 0.0
35 39 0.0
35 40 0.0
35 41 0.0
35 42 0.0
35 43 0.0
35 44 0.0
35 45 0.0
35 46 0.0
35 47 0.0
35 48 0.0
35 49 0.0
35 50 0.0
35 51 0.0
35 52 0.0
35 53 0.0
35 54 0.0
35 55 0.0
35 56 0.0
35 57 0.08547590029637532
36 37 0.0
36 38 0.0
36 39 0.0
36 40 0.0
36 41 0.026974068971405196
36 42 0.0
36 43 0.0
36 44 0.0
36 45 0.0
36 46 0.0
36 47 0.0
36 48 0.0
36 49 0.0
36 50 0.0
36 51 0.0
36 52 0.0
36 53 0.0
36 54 0.0
36 55 0.0
36 56 0.0
36 57 0.04941564914489655
37 38 0.0
37 39 0.0
37 40 0.0
37 41 0.0
37 42 0.0
37 43 0.0
37 44 0.0
37 45 0.10675294000940991
37 46 0.0
37 47 0.0
37 48 0.0
37 49 0.1623527451743077
37 50 0.0
37 51 0.0
37 52 0.0
37 53 0.0
37 54 0.0
37 55 0.0
37 56 0.0
37 57 0.0
38 39 0.0
38 40 0.0
38 41 0.0
38 42 0.0
38 43 0.0
38 44 0.0
38 45 0.0
38 46 0.0
38 47 0.0
38 48 0.18931307619963503
38 49 0.0513172056787896
38 50 0.0
38 51 0.0
38 52 0.0
38 53 0.0
38 54 0.052373337548936645
38 55 0.3706452050954439
38 56 0.0
38 57 0.0
39 40 0.0
39 41 0.2759425966942933
39 42 0.0
39 43 0.0
39 44 0.0
39 45 0.0
39 46 0.0
39 47 0.0
39 48 0.0
39 49 0.0
39 50 0.0
39 51 0.0
39 52 0.0
39 53 0.0
39 54 0.0
39 55 0.0
39 56 0.0
39 57 0.0
40 41 0.0
40 42 0.0
40 43 0.0
40 44 0.0
40 45 0.0
40 46 0.0
40 47 0.0
40 48 0.0
40 49 0.0
40 50 0.0
40 51 0.0
40 52 0.0
40 53 0.0
40 54 0.0
40 55 0.0
40 56 0.0
40 57 0.0
41 42 0.0
41 43 0.0
41 44 0.0
41 45 0.0
41 46 0.0
41 47 0.0
41 48 0.0
41 49 0.0
41 50 0.0
41 51 0.0
41 52 0.0
41 53 0.0
41 54 0.0
41 55 0.0
41 56 0.0
41 57 0.14669369762618537
42 43 0.0
42 44 0.0
42 45 0.0
42 46 0.0
42 47 0.0
42 48 0.0
42 49 0.0
42 50 0.0
42 51 0.0
42 52 0.0
42 53 0.0
42 54 0.0
42 55 0.0
42 56 0.0
42 57 0.0
43 44 0.0
43 45 0.0
43 46 0.0
43 47 0.55716001759572
43 48 0.0
43 49 0.0
43 50 0.24472235296215292
43 51 0.0
43 52 0.0
43 53 0.0
43 54 0.0
43 55 0.0
43 56 0.1465910021418693
43 57 0.0
44 45 0.0
44 46 0.0
44 47 0.07548310546713327
44 48 0.0
44 49 0.0
44 50 0.0
44 51 0.0
44 52 0.0
44 53 0.0
44 54 0.0
44 55 0.0
44 56 0.16332085721863504
44 57 0.0
45 46 0.0
45 47 0.0
45 48 0.0
45 49 0.0
45 50 0.0
45 51 0.0
45 52 0.0
45 53 0.0
45 54 0.0
45 55 0.0
45 56 0.0
45 57 0.0
46 47 0.0
46 48 0.0
46 49 0.0
46 50 0.0
46 51 0.0
46 52 0.0
46 53 0.0
46 54 0.0
46 55 0.0
46 56 0.0
46 57 0.0
47 48 0.19642042464215523
47 49 0.0
47 50 0.43052224478484835
47 51 0.0
47 52 0.0
47 53 0.0
47 54 0.0
47 55 0.0
47 56 0.15579011768124776
47 57 0.0
48 49 0.1621626275389218
48 50 0.18325874715569376
48 51 0.0
48 52 0.0
48 53 0.0
48 54 0.05654974296487123
48 55 0.23703879485439802
48 56 0.0
48 57 0.0
49 50 0.0
49 51 0.0
49 52 0.0
49 53 0.0
49 54 0.06062043880408548
49 55 0.06425424399405016
49 56 0.15400547085830324
49 57 0.0
50 51 0.0
50 52 0.0
50 53 0.0
50 54 0.0
50 55 0.0
50 56 0.08616085865096818
50 57 0.0
51 52 0.0
51 53 0.0
51 54 0.0
51 55 0.0
51 56 0.0
51 57 0.0
52 53 0.0
52 54 0.0
52 55 0.0
52 56 0.0
52 57 0.0
53 54 0.0
53 55 0.0
53 56 0.0
53 57 0.0
54 55 0.15769497314031825
54 56 0.0
54 57 0.0
55 56 0.12806538356581337
55 57 0.0
56 57 0.0
