0 1 0.02884173725159251
0 2 0.37936730467563945
0 3 0.11360396915369586
0 4 0.12961784156958914
0 5 0.04711282341119043
0 6 0.10854802902967887
0 7 0.15608630577069882
0 8 0.08677591523853216
0 9 0.12058659672717674
0 10 0.19300238324223123
0 11 0.15520840158427146
0 12 0.0977242583451524
0 13 0.032609734374671025
0 14 0.04651582094752831
0 15 0.0
0 16 0.1089862438370127
0 17 0.20521696222429683
0 18 0.5146840988892337
0 19 0.0
0 20 0.030550310169645756
0 21 0.03714703149162599
0 22 0.2092415149925545
0 23 0.20467238350836045
0 24 0.0
0 25 0.23378568468310038
0 26 0.24734032879447826
0 27 0.0
0 28 0.02996429698790153
0 29 0.027559327085530615
0 30 0.0
0 31 0.0
0 32 0.12957146518989762
0 33 0.0
0 34 0.1640160010252312
0 35 0.16873239408966342
0 36 0.19815530355188368
0 37 0.28914337532842893
0 38 0.15780202303685417
0 39 0.15109918163460642
0 40 0.19008643814400747
0 41 0.1833175023683668
0 42 0.0
0 43 0.0
0 44 0.0
0 45 0.0
0 46 0.02988814859474491
0 47 0.0
0 48 0.0
0 49 0.03714779064196714
0 50 0.1017923688152964
0 51 0.0
0 52 0.12519565716869396
0 53 0.2507463231551272
0 54 0.09631924988340777
0 55 0.0
0 56 0.04040584002745603
0 57 0.0
0 58 0.0
0 59 0.16080550050298614
0 60 0.0
0 61 0.2605242891529193
0 62 0.11321314431220633
0 63 0.2223923045247896
0 64 0.13608435447188322
0 65 0.27906204866172785
0 66 0.24677306771493085
0 67 0.11569367996566718
0 68 0.12473294684101259
0 69 0.20287406297265823
0 70 0.0
0 71 0.12519565716869396
0 72 0.12961784156958914
0 73 0.04711282341119043
1 2 0.04217717083984806
1 3 0.20076299664782793
1 4 0.0
1 5 0.08491432870380164
1 6 0.0
1 7 0.0
1 8 0.0
1 9 0.0
1 10 0.0
1 11 0.15669713419323458
1 12 0.10354108729116702
1 13 0.02774982058423852
1 14 0.03958344679511044
1 15 0.15604764723380465
1 16 0.0
1 17 0.0
1 18 0.0
1 19 0.0
1 20 0.025997317741385608
1 21 0.03161091247435463
1 22 0.0
1 23 0.0
1 24 0.1289700505052747
1 25 0.0
1 26 0.0
1 27 0.0
1 28 0.05400648867086679
1 29 0.023452088669567238
1 30 0.0
1 31 0.0
1 32 0.13081429266218877
1 33 0.0
1 34 0.0
1 35 0.0
1 36 0.06695155681338354
1 37 0.03214628511243066
1 38 0.1593156332219817
1 39 0.15254849930421044
1 40 0.021133366205063044
1 41 0.03147987438160057
1 42 0.0
1 43 0.0
1 44 0.0
1 45 0.0
1 46 0.025433839833526668
1 47 0.024763466476183094
1 48 0.0
1 49 0.47186406268717845
1 50 0.10276874391646418
1 51 0.0
1 52 0.1263965126341528
1 53 0.0
1 54 0.0
1 55 0.0
1 56 0.034384052272080474
1 57 0.0
1 58 0.0
1 59 0.0
1 60 0.0
1 61 0.08919913786954392
1 62 0.11429906555087924
1 63 0.0
1 64 0.13738965247124435
1 65 0.039899769361664124
1 66 0.03528315130529043
1 67 0.11680339408073923
1 68 0.12592936406765
1 69 0.0
1 70 0.0
1 71 0.1263965126341528
1 72 0.0
1 73 0.08491432870380164
2 3 0.16613056187576547
2 4 0.18954870159463305
2 5 0.06889618279327658
2 6 0.15873692783401122
2 7 0.2282552790362179
2 8 0.12689813272595635
2 9 0.176341717795698
2 10 0.28224008905898845
2 11 0.2269714619578995
2 12 0.1429086155062784
2 13 0.04768736105473755
2 14 0.06802314679402183
2 15 0.0
2 16 0.15937775819149771
2 17 0.30010227190773325
2 18 0.47205142809613243
2 19 0.0
2 20 0.04467572948173745
2 21 0.05432254928849739
2 22 0.30598764032989423
2 23 0.2993058986054792
2 24 0.0
2 25 0.34188019524536534
2 26 0.36170204354014374
2 27 0.0
2 28 0.04381876383278146
2 29 0.040301818041612446
2 30 0.0
2 31 0.0
2 32 0.1894808823619662
2 33 0.0
2 34 0.23985139436522349
2 35 0.24674848639165645
2 36 0.2897755436097484
2 37 0.4228333900990687
2 38 0.23076428532860116
2 39 0.22096227914329758
2 40 0.2779759106048765
2 41 0.05409736365812123
2 42 0.0
2 43 0.0
2 44 0.0
2 45 0.0
2 46 0.043707407025133906
2 47 0.0
2 48 0.0
2 49 0.05432365944401099
2 50 0.1488576812230172
2 51 0.0
2 52 0.18308185026266038
2 53 0.3666828532873346
2 54 0.1408539791504478
2 55 0.0
2 56 0.05908811951580641
2 57 0.0
2 58 0.0
2 59 0.23515646812597016
2 60 0.0
2 61 0.38098181658339386
2 62 0.16555903298469463
2 63 0.3252189054905718
2 64 0.19900510905854477
2 65 0.40809080252867924
2 66 0.3608725003245545
2 67 0.1691864835476657
2 68 0.18240519849339495
2 69 0.296676096114822
2 70 0.0
2 71 0.18308185026266038
2 72 0.18954870159463305
2 73 0.06889618279327658
3 4 0.0
3 5 0.0
3 6 0.0
3 7 0.07862471043716358
3 8 0.0
3 9 0.0
3 10 0.3556519577000647
3 11 0.279628346794016
3 12 0.2314834090843147
3 13 0.0
3 14 0.0
3 15 0.4668074336571413
3 16 0.14445664166446537
3 17 0.16071899724967526
3 18 0.1626026219512708
3 19 0.0
3 20 0.0
3 21 0.0
3 22 0.1054003645386511
3 23 0.10309877479879372
3 24 0.0
3 25 0.11776389781154918
3 26 0.12459172273234344
3 27 0.0
3 28 0.0
3 29 0.0
3 30 0.0
3 31 0.0
3 32 0.2334400343853624
3 33 0.20352155812280645
3 34 0.24205679803645103
3 35 0.20186666515764934
3 36 0.32007796077799167
3 37 0.12662016682496618
3 38 0.2843010969260468
3 39 0.27222504665427494
3 40 0.08324166680844362
3 41 0.0
3 42 0.0
3 43 0.052343637055789434
3 44 0.0
3 45 0.0
3 46 0.0
3 47 0.0
3 48 0.06974421820130419
3 49 0.10355030347271357
3 50 0.351119167338569
3 51 0.0
3 52 0.41943681645998276
3 53 0.46205865035505284
3 54 0.0
3 55 0.0
3 56 0.0
3 57 0.0
3 58 0.15749928206833763
3 59 0.19238315381393084
3 60 0.13277366063215865
3 61 0.34849115372263206
3 62 0.20396836805374804
3 63 0.1741701455467545
3 64 0.3853014550164727
3 65 0.14057077372478177
3 66 0.12430597865055826
3 67 0.20843737924683262
3 68 0.2247228072699435
3 69 0.15888411764567442
3 70 0.0
3 71 0.41943681645998276
3 72 0.0
3 73 0.0
4 5 0.0
4 6 0.11938288519481523
4 7 0.08970782743612919
4 8 0.09543756085855987
4 9 0.13262309746018433
4 10 0.1109246862187315
4 11 0.0
4 12 0.0
4 13 0.0
4 14 0.0
4 15 0.0
4 16 0.11986484095672315
4 17 0.11794479818895029
4 18 0.18552345527967798
4 19 0.0
4 20 0.0
4 21 0.0
4 22 0.12025783829493393
4 23 0.11763181126012658
4 24 0.0
4 25 0.13436416317904745
4 26 0.14215445374232055
4 27 0.0
4 28 0.0
4 29 0.0
4 30 0.0
4 31 0.0
4 32 0.0
4 33 0.0
4 34 0.09426527871285881
4 35 0.09697594172109605
4 36 0.11388623549525492
4 37 0.1444688319017195
4 38 0.0
4 39 0.0
4 40 0.09497560041910169
4 41 0.0
4 42 0.0
4 43 0.0
4 44 0.0
4 45 0.0
4 46 0.0
4 47 0.0
4 48 0.0
4 49 0.0
4 50 0.0
4 51 0.0
4 52 0.0
4 53 0.14411198840780481
4 54 0.10593347528896727
4 55 0.0
4 56 0.0
4 57 0.0
4 58 0.0
4 59 0.09242010065312392
4 60 0.0
4 61 0.10134613105464871
4 62 0.0
4 63 0.1278160206234958
4 64 0.0
4 65 0.16038594790048816
4 66 0.14182843052853505
4 67 0.0
4 68 0.0
4 69 0.116598258524702
4 70 0.0
4 71 0.0
4 72 1.0
4 73 0.0
5 6 0.570686393213226
5 7 0.0
5 8 0.0
5 9 0.0
5 10 0.0
5 11 0.05165292387101758
5 12 0.0
5 13 0.0453291833800774
5 14 0.06465934845035451
5 15 0.05617162791253673
5 16 0.0
5 17 0.0
5 18 0.0
5 19 0.0
5 20 0.04246647936739248
5 21 0.051636256314228614
5 22 0.0
5 23 0.5623157288051206
5 24 0.0
5 25 0.0
5 26 0.0
5 27 0.0
5 28 0.08821931014812617
5 29 0.038308861303141296
5 30 0.0
5 31 0.0
5 32 0.04312102282476065
5 33 0.0
5 34 0.0
5 35 0.0
5 36 0.0
5 37 0.052510784652685986
5 38 0.052516073868524346
5 39 0.05028538691385053
5 40 0.034521240569452154
5 41 0.051422206291159345
5 42 0.0
5 43 0.0
5 44 0.0
5 45 0.0
5 46 0.04154604122119172
5 47 0.04045098993046716
5 48 0.0
5 49 0.10936857505065278
5 50 0.03387621690190689
5 51 0.0
5 52 0.041664766099697347
5 53 0.0
5 54 0.3972223470481384
5 55 0.0
5 56 0.05616616532924776
5 57 0.0
5 58 0.0
5 59 0.0
5 60 0.0
5 61 0.0
5 62 0.0376770191862444
5 63 0.0
5 64 0.045288494242730966
5 65 0.0651760596695511
5 66 0.057634838787135725
5 67 0.03850253454468967
5 68 0.04151077739105723
5 69 0.0
5 70 0.0
5 71 0.041664766099697347
5 72 0.0
5 73 1.0
6 7 0.07512552082961861
6 8 0.07992386697038825
6 9 0.11106477055001045
6 10 0.09289350843968892
6 11 0.0
6 12 0.0
6 13 0.0
6 14 0.0
6 15 0.0
6 16 0.10038041120151535
6 17 0.09877247779072376
6 18 0.15536599873539042
6 19 0.0
6 20 0.0
6 21 0.0
6 22 0.10070952551139829
6 23 0.7752336646115376
6 24 0.0
6 25 0.11252282022824296
6 26 0.1190467730727887
6 27 0.0
6 28 0.0
6 29 0.0
6 30 0.0
6 31 0.0
6 32 0.0
6 33 0.0
6 34 0.07894214319809248
6 35 0.08121217889182716
6 36 0.09537364800186716
6 37 0.12098494134183224
6 38 0.0
6 39 0.0
6 40 0.07953699974142003
6 41 0.0
6 42 0.0
6 43 0.0
6 44 0.0
6 45 0.0
6 46 0.0
6 47 0.0
6 48 0.0
6 49 0.0
6 50 0.0
6 51 0.0
6 52 0.0
6 53 0.12068610394824932
6 54 0.49103207331901816
6 55 0.0
6 56 0.0
6 57 0.0
6 58 0.0
6 59 0.07739690498730575
6 60 0.0
6 61 0.08487197937067545
6 62 0.0
6 63 0.10703910008907609
6 64 0.0
6 65 0.13431467703701816
6 66 0.11877374601998641
6 67 0.0
6 68 0.0
6 69 0.0976448226408271
6 70 0.12785140298598072
6 71 0.0
6 72 0.11938288519481523
6 73 0.570686393213226
7 8 0.06005715521540367
7 9 0.0834573503100956
7 10 0.13357593585108665
7 11 0.08170135557925128
7 12 0.06763444598206811
7 13 0.0
7 14 0.0
7 15 0.0
7 16 0.07542880699640109
7 17 0.14202958181725428
7 18 0.2234080618668042
7 19 0.0
7 20 0.0
7 21 0.0
7 22 0.1448149536524165
7 23 0.14165268174791942
7 24 0.0
7 25 0.16180184459659613
7 26 0.17118294260113906
7 27 0.0
7 28 0.0
7 29 0.0
7 30 0.0
7 31 0.0
7 32 0.06820612958027646
7 33 0.0
7 34 0.11351461294652128
7 35 0.11677880381732739
7 36 0.13714224493579896
7 37 0.17396992572539532
7 38 0.08306663211307591
7 39 0.07953827138513535
7 40 0.11436998509046081
7 41 0.0
7 42 0.0
7 43 0.0
7 44 0.0
7 45 0.0
7 46 0.0
7 47 0.0
7 48 0.0
7 49 0.0
7 50 0.053583275357147984
7 51 0.0
7 52 0.06590271402133979
7 53 0.17354021341087925
7 54 0.06666204700437939
7 55 0.0
7 56 0.0
7 57 0.0
7 58 0.0
7 59 0.11129264239566516
7 60 0.0
7 61 0.18030749232699472
7 62 0.059595146044168816
7 63 0.15391654602365834
7 64 0.07163449993680568
7 65 0.19313737832826589
7 66 0.17079034418707
7 67 0.06090089446617275
7 68 0.06565914433937538
7 69 0.14040807354940218
7 70 0.0
7 71 0.06590271402133979
7 72 0.08970782743612919
7 73 0.0
8 9 0.2539132582664807
8 10 0.07426131350914096
8 11 0.0
8 12 0.0
8 13 0.0
8 14 0.22148875960988737
8 15 0.0
8 16 0.30089038807636276
8 17 0.07896110355282608
8 18 0.12420333061529765
8 19 0.0
8 20 0.0
8 21 0.0
8 22 0.08050962626968061
8 23 0.0787515666026849
8 24 0.0
8 25 0.08995345929180239
8 26 0.09516886471297033
8 27 0.0
8 28 0.0
8 29 0.0
8 30 0.0
8 31 0.0
8 32 0.0
8 33 0.0
8 34 0.06310825528700072
8 35 0.06492297662933025
8 36 0.07624399695674612
8 37 0.09671828322324608
8 38 0.0
8 39 0.0
8 40 0.06358379797021946
8 41 0.0
8 42 0.0
8 43 0.0
8 44 0.034533867045186024
8 45 0.0
8 46 0.0
8 47 0.0
8 48 0.0
8 49 0.17688214254712148
8 50 0.0
8 51 0.0754780608517312
8 52 0.0
8 53 0.09647938539555208
8 54 0.07091982215784172
8 55 0.0
8 56 0.0
8 57 0.0
8 58 0.08342489291845612
8 59 0.061872954552374695
8 60 0.0
8 61 0.06784870949598272
8 62 0.0
8 63 0.08556964101115845
8 64 0.0
8 65 0.10737439577708369
8 66 0.09495060029487278
8 67 0.0
8 68 0.0
8 69 0.07805962879938792
8 70 0.0
8 71 0.0
8 72 0.09543756085855987
8 73 0.0
9 10 0.24411534291380899
9 11 0.0
9 12 0.0
9 13 0.0
9 14 0.3077878886239664
9 15 0.0
9 16 0.3189024535530689
9 17 0.1097268836068636
9 18 0.17259693429806167
9 19 0.0
9 20 0.0
9 21 0.0
9 22 0.1118787604711631
9 23 0.10943570433624845
9 24 0.0
9 25 0.12500221392097144
9 26 0.13224970867296973
9 27 0.0
9 28 0.0
9 29 0.021691250519706377
9 30 0.0
9 31 0.0
9 32 0.0
9 33 0.0
9 34 0.08769725688897269
9 35 0.09021905190638234
9 36 0.10595110508046489
9 37 0.13440283036055617
9 38 0.0
9 39 0.0
9 40 0.08835808626323201
9 41 0.0
9 42 0.07168697805078421
9 43 0.0
9 44 0.0
9 45 0.0
9 46 0.023524207130558084
9 47 0.0
9 48 0.0
9 49 0.24580110198708088
9 50 0.0
9 51 0.0
9 52 0.0
9 53 0.13407085027221083
9 54 0.09855246091041302
9 55 0.0
9 56 0.0
9 57 0.0
9 58 0.0
9 59 0.0859806433434553
9 60 0.0
9 61 0.09428474419384103
9 62 0.0
9 63 0.11891031934768896
9 64 0.0
9 65 0.1492109063534952
9 66 0.13194640143279057
9 67 0.0
9 68 0.0
9 69 0.10847416535832927
9 70 0.0
9 71 0.0
9 72 0.13262309746018433
9 73 0.0
10 11 0.1010245983019261
10 12 0.08363071442656676
10 13 0.0
10 14 0.0
10 15 0.13511973157788706
10 16 0.2104382370697267
10 17 0.17562109402408219
10 18 0.27624645328696984
10 19 0.0
10 20 0.0
10 21 0.0
10 22 0.17906523603095267
10 23 0.1751550530650973
10 24 0.0
10 25 0.20006970801146642
10 26 0.21166953583342524
10 27 0.0
10 28 0.0
10 29 0.0
10 30 0.0
10 31 0.0
10 32 0.08433760729823739
10 33 0.0
10 34 0.23623823677742334
10 35 0.1443982374855603
10 36 0.16957784979986273
10 37 0.2151156702164604
10 38 0.10271277730976264
10 39 0.09834992160587258
10 40 0.14141970741664608
10 41 0.0
10 42 0.08169688956570621
10 43 0.0
10 44 0.0
10 45 0.0
10 46 0.0
10 47 0.0
10 48 0.0
10 49 0.0
10 50 0.15736168949392298
10 51 0.0
10 52 0.0814894093716037
10 53 0.48691431875699887
10 54 0.08242833271069772
10 55 0.0
10 56 0.0
10 57 0.0
10 58 0.12774868164578174
10 59 0.13761454032517068
10 60 0.10769357091852123
10 61 0.2229521389702405
10 62 0.07369003423715224
10 63 0.19031945215372767
10 64 0.2022352175258762
10 65 0.23881642996453936
10 66 0.21118408370360317
10 67 0.0753046060992845
10 68 0.08118823285984908
10 69 0.17361608174195292
10 70 0.0
10 71 0.0814894093716037
10 72 0.1109246862187315
10 73 0.0
11 12 0.24054153218674998
11 13 0.03575222211600472
11 14 0.4690452334490851
11 15 0.15674423184072134
11 16 0.0
11 17 0.10741816150234322
11 18 0.1689653870938771
11 19 0.0
11 20 0.033494338296309156
11 21 0.04072676292237454
11 22 0.22015049624935382
11 23 0.1071331088252879
11 24 0.0
11 25 0.12237208933429922
11 26 0.26023562354975455
11 27 0.0
11 28 0.0328518530434118
11 29 0.03021512447813232
11 30 0.0
11 31 0.0
11 32 0.27658531426986094
11 33 0.0
11 34 0.08585205187785809
11 35 0.08832078675441271
11 36 0.10372182771235842
11 37 0.3058889738050835
11 38 0.46975763748347193
11 39 0.44980408504510466
11 40 0.20109520210203138
11 41 0.04055793649758454
11 42 0.0
11 43 0.0
11 44 0.0
11 45 0.0
11 46 0.03276836649198417
11 47 0.0
11 48 0.0
11 49 0.04072759522941834
11 50 0.2172876124985539
11 51 0.0
11 52 0.2672446447408452
11 53 0.13124991591756072
11 54 0.0
11 55 0.0
11 56 0.044299611608226604
11 57 0.0
11 58 0.0
11 59 0.08417155695256556
11 60 0.0
11 61 0.39275272792135807
11 62 0.3370219099900687
11 63 0.23398691318456571
11 64 0.2904878315117763
11 65 0.293611181793569
11 66 0.12917016680745258
11 67 0.34440616619818554
11 68 0.3713149761755657
11 69 0.21345107179683065
11 70 0.0
11 71 0.2672446447408452
11 72 0.0
11 73 0.05165292387101758
12 13 0.0
12 14 0.0
12 15 0.12975683458701776
12 16 0.21096353842926535
12 17 0.08892346754976423
12 18 0.1398738156205362
12 19 0.0
12 20 0.0
12 21 0.0
12 22 0.09066736427063725
12 23 0.08868749374306722
12 24 0.0
12 25 0.10130270675576619
12 26 0.10717612941402249
12 27 0.0
12 28 0.0
12 29 0.0
12 30 0.0361443688023214
12 31 0.0
12 32 0.20080948225948714
12 33 0.0
12 34 0.07107049722755547
12 35 0.07311417832034245
12 36 0.08586354906642993
12 37 0.10892103494877524
12 38 0.24456111921779056
12 39 0.23417307498536513
12 40 0.07160603817692225
12 41 0.0
12 42 0.024136598686488063
12 43 0.0
12 44 0.0
12 45 0.0
12 46 0.0
12 47 0.0
12 48 0.0
12 49 0.0
12 50 0.15775751898621085
12 51 0.0
12 52 0.19402786763533353
12 53 0.10865199586151825
12 54 0.029030277470258645
12 55 0.0
12 56 0.0
12 57 0.0
12 58 0.0
12 59 0.06967934107791747
12 60 0.0
12 61 0.2479534995072248
12 62 0.1754574038426116
12 63 0.09636579091894398
12 64 0.21090313924493628
12 65 0.1209216078416537
12 66 0.10693032701224907
12 67 0.17930173082901746
12 68 0.19331076050683393
12 69 0.08790825553552661
12 70 0.0811380483205841
12 71 0.19402786763533353
12 72 0.0
12 73 0.0
13 14 0.0447547827775597
13 15 0.0
13 16 0.0
13 17 0.0
13 18 0.0
13 19 0.0
13 20 0.029393708797957288
13 21 0.035740685456551756
13 22 0.0
13 23 0.0
13 24 0.0
13 25 0.0
13 26 0.0
13 27 0.0
13 28 0.028829881435148093
13 29 0.02651596106623545
13 30 0.0
13 31 0.0
13 32 0.0298467592996257
13 33 0.0
13 34 0.0
13 35 0.0
13 36 0.0
13 37 0.03634600126561115
13 38 0.03634966226300105
13 39 0.034805664179292935
13 40 0.023894311649056553
13 41 0.03559252803592212
13 42 0.0
13 43 0.0
13 44 0.0
13 45 0.0
13 46 0.028756615936976426
13 47 0.0
13 48 0.0
13 49 0.03574141586629024
13 50 0.023447850389869292
13 51 0.0
13 52 0.028838792857640745
13 53 0.0
13 54 0.0
13 55 0.0
13 56 0.0388761190609431
13 57 0.0
13 58 0.0
13 59 0.0
13 60 0.0
13 61 0.0
13 62 0.026078623583425116
13 63 0.0
13 64 0.03134700195304976
13 65 0.0
13 66 0.0
13 67 0.02665001444077538
13 68 0.028732207632602844
13 69 0.0
13 70 0.0
13 71 0.028838792857640745
13 72 0.0
13 73 0.0453291833800774
14 15 0.0
14 16 0.27817889209979596
14 17 0.0
14 18 0.0
14 19 0.0
14 20 0.041928354267478214
14 21 0.050981933987484754
14 22 0.1384817623560155
14 23 0.0
14 24 0.0
14 25 0.0
14 26 0.16369660023917568
14 27 0.0
14 28 0.04112408851197053
14 29 0.03782342054790451
14 30 0.0
14 31 0.0
14 32 0.04257460350623817
14 33 0.0
14 34 0.0
14 35 0.0
14 36 0.0
14 37 0.2182070807624622
14 38 0.2182290599493139
14 39 0.2089595033869101
14 40 0.1434520390198268
14 41 0.050770596355265075
14 42 0.0
14 43 0.0
14 44 0.0
14 45 0.0
14 46 0.041019579693976856
14 47 0.0
14 48 0.0
14 49 0.38068501740911964
14 50 0.03344694555950657
14 51 0.0
14 52 0.0411368001191334
14 53 0.0
14 54 0.0
14 55 0.0
14 56 0.05545444107567542
14 57 0.0
14 58 0.0
14 59 0.0
14 60 0.0
14 61 0.11670416694162956
14 62 0.15656578782509462
14 63 0.1471853148554407
14 64 0.044714609243258915
14 65 0.18469090279111844
14 66 0.0
14 67 0.1599961935537911
14 68 0.17249686163696834
14 69 0.1342676083079339
14 70 0.0
14 71 0.0411368001191334
14 72 0.0
14 73 0.06465934845035451
15 16 0.14600992518258366
15 17 0.057962521246607654
15 18 0.0
15 19 0.0
15 20 0.0
15 21 0.0
15 22 0.0
15 23 0.0
15 24 0.0
15 25 0.0
15 26 0.0
15 27 0.0
15 28 0.03572580073104604
15 29 0.0
15 30 0.0
15 31 0.0
15 32 0.13085361083781308
15 33 0.0591343250641971
15 34 0.04632551247794966
15 35 0.0
15 36 0.0
15 37 0.0
15 38 0.15936351789818368
15 39 0.1525943500179574
15 40 0.0
15 41 0.0
15 42 0.0
15 43 0.052906466897189
15 44 0.0
15 45 0.0
15 46 0.0
15 47 0.03103337146069709
15 48 0.07049414941504346
15 49 0.04429052904559657
15 50 0.27232995923752745
15 51 0.0
15 52 0.1827675286560655
15 53 0.17554589383665908
15 54 0.0
15 55 0.0
15 56 0.0
15 57 0.0
15 58 0.0
15 59 0.0
15 60 0.0
15 61 0.1726778589297331
15 62 0.11433341983007582
15 63 0.06281361217115798
15 64 0.13743094696877128
15 65 0.05000206110027277
15 66 0.044216553519038165
15 67 0.11683850107301444
15 68 0.12596721400554214
15 69 0.05730078088080233
15 70 0.0
15 71 0.1827675286560655
15 72 0.0
15 73 0.05617162791253673
16 17 0.09917122812006517
16 18 0.1559932204529164
16 19 0.0
16 20 0.0
16 21 0.0
16 22 0.10111609581684888
16 23 0.09890806010762558
16 24 0.0
16 25 0.11297708150251717
16 26 0.11952737193019901
16 27 0.0
16 28 0.0
16 29 0.0
16 30 0.0
16 31 0.0
16 32 0.0
16 33 0.0
16 34 0.07926083729490202
16 35 0.08154003725686952
16 36 0.09575867705451291
16 37 0.12147336469907173
16 38 0.0
16 39 0.0
16 40 0.07985809530924527
16 41 0.0
16 42 0.0
16 43 0.0
16 44 0.0
16 45 0.0
16 46 0.0
16 47 0.0
16 48 0.0
16 49 0.22215519438847364
16 50 0.09844818460300765
16 51 0.09479669931131926
16 52 0.0
16 53 0.2733987700569232
16 54 0.08907177768538228
16 55 0.0
16 56 0.0
16 57 0.0
16 58 0.10477752607615515
16 59 0.0777093608661497
16 60 0.0
16 61 0.08521461256650982
16 62 0.0
16 63 0.10747122326111357
16 64 0.0
16 65 0.13485691332491787
16 66 0.11925324265105129
16 67 0.0
16 68 0.0
16 69 0.09803902055969484
16 70 0.0
16 71 0.0
16 72 0.11986484095672315
16 73 0.0
17 18 0.2937293157548094
17 19 0.0
17 20 0.0
17 21 0.0
17 22 0.1903977720944955
17 23 0.18624012462655243
17 24 0.0
17 25 0.3722117969449111
17 26 0.3937922390856844
17 27 0.0
17 28 0.0
17 29 0.0
17 30 0.0
17 31 0.0
17 32 0.23048660026034307
17 33 0.05045720749586355
17 34 0.18877305468691327
17 35 0.15353679653860994
17 36 0.18030995582463463
17 37 0.22872973704816982
17 38 0.2807041793551057
17 39 0.2687809127267307
17 40 0.15036976366384408
17 41 0.0
17 42 0.0
17 43 0.0
17 44 0.0
17 45 0.0
17 46 0.0
17 47 0.0
17 48 0.0
17 49 0.0
17 50 0.07044946666222004
17 51 0.0
17 52 0.13471360409024039
17 53 0.22816476592286872
17 54 0.08764499047077917
17 55 0.0
17 56 0.0
17 57 0.0
17 58 0.0
17 59 0.14632377823013892
17 60 0.0
17 61 0.23706215390852542
17 62 0.24485425937968763
17 63 0.3341643649798943
17 64 0.09418260234234786
17 65 0.44429660752029093
17 66 0.22454933146282557
17 67 0.12448924308642179
17 68 0.08632640818194517
17 69 0.23349646586129424
17 70 0.0
17 71 0.13471360409024039
17 72 0.11794479818895029
17 73 0.0
18 19 0.0
18 20 0.0
18 21 0.0
18 22 0.29948970280092213
18 23 0.2929498541943571
18 24 0.0
18 25 0.33462004529714495
18 26 0.35402095785808335
18 27 0.0
18 28 0.0
18 29 0.0
18 30 0.0
18 31 0.0
18 32 0.14105610616861403
18 33 0.0
18 34 0.23475792269708104
18 35 0.24150854843791167
18 36 0.2836218853189429
18 37 0.3597846771877741
18 38 0.17178889566839642
18 39 0.16449194408201764
18 40 0.2365269054071643
18 41 0.2094358209263641
18 42 0.0
18 43 0.0
18 44 0.0
18 45 0.0
18 46 0.0
18 47 0.0
18 48 0.0
18 49 0.0
18 50 0.11081479368718797
18 51 0.0
18 52 0.13629244589891057
18 53 0.3588959953899453
18 54 0.1378628114149145
18 55 0.0
18 56 0.0
18 57 0.0
18 58 0.0
18 59 0.23016269766593175
18 60 0.0
18 61 0.372891306649188
18 62 0.12324785615706918
18 63 0.318312573820312
18 64 0.14814626911983003
18 65 0.39942460758655496
18 66 0.35320903077884086
18 67 0.12594825550793556
18 68 0.135788722976498
18 69 0.2903758980518707
18 70 0.0
18 71 0.13629244589891057
18 72 0.18552345527967798
18 73 0.0
19 20 0.0
19 21 0.0
19 22 0.0
19 23 0.0
19 24 0.0
19 25 0.0
19 26 0.0
19 27 0.0
19 28 0.0
19 29 0.0
19 30 0.0
19 31 0.0
19 32 0.0
19 33 0.0
19 34 0.0
19 35 0.0
19 36 0.0
19 37 0.0
19 38 0.0
19 39 0.0
19 40 0.0
19 41 0.0
19 42 0.0
19 43 0.0
19 44 0.0
19 45 0.0
19 46 0.0
19 47 0.0
19 48 0.0
19 49 0.0
19 50 0.0
19 51 0.0
19 52 0.0
19 53 0.0
19 54 0.0
19 55 0.0
19 56 0.0
19 57 0.0
19 58 0.0
19 59 0.0
19 60 0.0
19 61 0.0
19 62 0.0
19 63 0.0
19 64 0.0
19 65 0.0
19 66 0.0
19 67 0.0
19 68 0.0
19 69 0.0
19 70 0.0
19 71 0.0
19 72 0.0
19 73 0.0
20 21 0.49833658923696245
20 22 0.0
20 23 0.0
20 24 0.0
20 25 0.0
20 26 0.0
20 27 0.0
20 28 0.027009168792310093
20 29 0.02484138097269969
20 30 0.0
20 31 0.0
20 32 0.027961827093892812
20 33 0.0
20 34 0.0
20 35 0.0
20 36 0.0
20 37 0.03405061811706216
20 38 0.03405404790905331
20 39 0.03260755896140767
20 40 0.022385298321713844
20 41 0.03334472948248916
20 42 0.0
20 43 0.0
20 44 0.0
20 45 0.0
20 46 0.026940530278786453
20 47 0.0
20 48 0.0
20 49 0.23024515721500635
20 50 0.02196703272683995
20 51 0.0
20 52 0.027017517425821647
20 53 0.0
20 54 0.1467178107737628
20 55 0.0
20 56 0.5420543094830053
20 57 0.0
20 58 0.0
20 59 0.0
20 60 0.0
20 61 0.0
20 62 0.02443166295429579
20 63 0.0
20 64 0.02936732392699297
20 65 0.0
20 66 0.0
20 67 0.024966968385477382
20 68 0.026917663448263997
20 69 0.0
20 70 0.0
20 71 0.027017517425821647
20 72 0.0
20 73 0.04246647936739248
21 22 0.0
21 23 0.0
21 24 0.0
21 25 0.0
21 26 0.0
21 27 0.0
21 28 0.03284125228579368
21 29 0.030205374549853677
21 30 0.0
21 31 0.0
21 32 0.03399961787138481
21 33 0.0
21 34 0.0
21 35 0.0
21 36 0.0
21 37 0.04140316011457717
21 38 0.04140733050074993
21 39 0.039648501533315436
21 40 0.02721895054709975
21 41 0.04054484911241532
21 42 0.0
21 43 0.0
21 44 0.0
21 45 0.0
21 46 0.03275779267411569
21 47 0.0
21 48 0.0
21 49 0.04071445309814114
21 50 0.0267103689602561
21 51 0.0
21 52 0.03285140363778467
21 53 0.0
21 54 0.0
21 55 0.0
21 56 0.6590999696148176
21 57 0.0
21 58 0.0
21 59 0.0
21 60 0.0
21 61 0.0
21 62 0.02970718621566588
21 63 0.0
21 64 0.035708603306577776
21 65 0.0
21 66 0.0
21 67 0.030358080023267817
21 68 0.03272998821423248
21 69 0.0
21 70 0.0
21 71 0.03285140363778467
21 72 0.0
21 73 0.051636256314228614
22 23 0.18989251866358736
22 24 0.0
22 25 0.3022704250661303
22 26 0.3401406915278199
22 27 0.0
22 28 0.0
22 29 0.0
22 30 0.0
22 31 0.0
22 32 0.09143373478337936
22 33 0.0
22 34 0.15217202732452886
22 35 0.15654783876845985
22 36 0.1838460520809729
22 37 0.34567843000080367
22 38 0.22382933736904045
22 39 0.21432190190856798
22 40 0.2272532836950832
22 41 0.0
22 42 0.0
22 43 0.0
22 44 0.0
22 45 0.0
22 46 0.0
22 47 0.0
22 48 0.0
22 49 0.0
22 50 0.07183106588776468
22 51 0.0
22 52 0.08834589079328982
22 53 0.23263935286909834
22 54 0.0893638147102568
22 55 0.0
22 56 0.0
22 57 0.0
22 58 0.0
22 59 0.14919336444930528
22 60 0.0
22 61 0.3206050118498529
22 62 0.1605836388228592
22 63 0.3058323429107376
22 64 0.09602963705561061
22 65 0.3837641789901643
22 66 0.22895301536767448
22 67 0.1641020769325199
22 68 0.17692354193070914
22 69 0.2789909935387737
22 70 0.0
22 71 0.08834589079328982
22 72 0.12025783829493393
22 73 0.0
23 24 0.0
23 25 0.21216703814032734
23 26 0.22446825623268202
23 27 0.0
23 28 0.0
23 29 0.0
23 30 0.0
23 31 0.0
23 32 0.08943712929937178
23 33 0.0
23 34 0.14884910165613616
23 35 0.1531293600840317
23 36 0.17983147215959427
23 37 0.22812276311605395
23 38 0.10892336454917202
23 39 0.10429670626227665
23 40 0.14997073147895962
23 41 0.0
23 42 0.0
23 43 0.0
23 44 0.0
23 45 0.0
23 46 0.0
23 47 0.0
23 48 0.0
23 49 0.0
23 50 0.07026251681325298
23 51 0.0
23 52 0.08641671344463053
23 53 0.2275592912393852
23 54 0.483829755639378
23 55 0.0
23 56 0.0
23 57 0.0
23 58 0.0
23 59 0.1459354827676399
23 60 0.0
23 61 0.23643306846659437
23 62 0.07814574460047623
23 63 0.2018272274463054
23 64 0.09393267251154234
23 65 0.2532566029532032
23 66 0.2239534509602249
23 67 0.07985794248019563
23 68 0.08609732612162434
23 69 0.1841138781219593
23 70 0.12597611526013297
23 71 0.08641671344463053
23 72 0.11763181126012658
23 73 0.5623157288051206
24 25 0.0
24 26 0.0
24 27 0.0
24 28 0.0
24 29 0.0
24 30 0.0
24 31 0.0
24 32 0.0
24 33 0.0
24 34 0.0
24 35 0.0
24 36 0.0
24 37 0.0
24 38 0.0
24 39 0.0
24 40 0.0
24 41 0.05244796294046389
24 42 0.04032959642005652
24 43 0.04031860669603361
24 44 0.14930434776745058
24 45 0.3626521814401396
24 46 0.2352579034146856
24 47 0.04557987625014572
24 48 0.05372171024309275
24 49 0.08305589211671602
24 50 0.0
24 51 0.0
24 52 0.0
24 53 0.0
24 54 0.0
24 55 0.0
24 56 0.0
24 57 0.0
24 58 0.0
24 59 0.0
24 60 0.0
24 61 0.0
24 62 0.0
24 63 0.0
24 64 0.0
24 65 0.0
24 66 0.0
24 67 0.0
24 68 0.0
24 69 0.0
24 70 0.0
24 71 0.0
24 72 0.0
24 73 0.0
25 26 0.44861295693927783
25 27 0.0
25 28 0.0
25 29 0.0
25 30 0.0
25 31 0.0
25 32 0.26257316679919485
25 33 0.0
25 34 0.17002190793230654
25 35 0.1749110049860148
25 36 0.20541131698250495
25 37 0.2605717266428809
25 38 0.3197816498824068
25 39 0.30619851804885423
25 40 0.17130308222458257
25 41 0.0
25 42 0.0
25 43 0.0
25 44 0.08707184760216186
25 45 0.07776032029155988
25 46 0.10896133821527015
25 47 0.09489088473223004
25 48 0.11184103673996436
25 49 0.0
25 50 0.08025689797115797
25 51 0.0
25 52 0.09870892288646739
25 53 0.2599281045956432
25 54 0.09984624995988255
25 55 0.0
25 56 0.0
25 57 0.0
25 58 0.0
25 59 0.16669384590910308
25 60 0.0
25 61 0.2700641183031479
25 62 0.22942345972381575
25 63 0.23053582387337054
25 64 0.10729397772576064
25 65 0.506148153961964
25 66 0.25580935723915404
25 67 0.09121720986531417
25 68 0.09834410481620216
25 69 0.21030286704334455
25 70 0.0
25 71 0.09870892288646739
25 72 0.13436416317904745
25 73 0.0
26 27 0.0
26 28 0.0
26 29 0.0
26 30 0.0
26 31 0.0
26 32 0.2777968783535826
26 33 0.0
26 34 0.17987959642287332
26 35 0.1850521580979455
26 36 0.217320845583118
26 37 0.40861975472028195
26 38 0.47127599660882147
26 39 0.4512579499376616
26 40 0.26863169056468944
26 41 0.0
26 42 0.0
26 43 0.0
26 44 0.0
26 45 0.0
26 46 0.0
26 47 0.0
26 48 0.0
26 49 0.0
26 50 0.08491010713132023
26 51 0.0
26 52 0.10443196072840001
26 53 0.2749984582706971
26 54 0.10563522880987676
26 55 0.0
26 56 0.0
26 57 0.0
26 58 0.0
26 59 0.17635857692083082
26 60 0.0
26 61 0.37898095436234025
26 62 0.33811123829820966
26 63 0.36151846947877025
26 64 0.11351476787096633
26 65 0.6830813862370911
26 66 0.27064091034488497
26 67 0.19398187623421925
26 68 0.20913788085592097
26 69 0.32978983197972883
26 70 0.0
26 71 0.10443196072840001
26 72 0.14215445374232055
26 73 0.0
27 28 0.0
27 29 0.0
27 30 0.0
27 31 0.0
27 32 0.0
27 33 0.0
27 34 0.0
27 35 0.0
27 36 0.0
27 37 0.0
27 38 0.0
27 39 0.0
27 40 0.0
27 41 0.0
27 42 0.0
27 43 0.0
27 44 0.0
27 45 0.0
27 46 0.0
27 47 0.0
27 48 0.0
27 49 0.0
27 50 0.0
27 51 0.0
27 52 0.0
27 53 0.0
27 54 0.0
27 55 0.0
27 56 0.0
27 57 0.0
27 58 0.0
27 59 0.0
27 60 0.0
27 61 0.0
27 62 0.0
27 63 0.0
27 64 0.0
27 65 0.0
27 66 0.0
27 67 0.0
27 68 0.0
27 69 0.0
27 70 0.0
27 71 0.0
27 72 0.0
27 73 0.0
28 29 0.024364875934881902
28 30 0.0
28 31 0.0
28 32 0.02742546595151217
28 33 0.0
28 34 0.0
28 35 0.0
28 36 0.0
28 37 0.033397462356864235
28 38 0.033400826358907384
28 39 0.03198208382646541
28 40 0.021955905630740933
28 41 0.03270511401181388
28 42 0.0
28 43 0.0
28 44 0.0
28 45 0.0
28 46 0.026423759556038293
28 47 0.025727294353647946
28 48 0.0
28 49 0.0695596703122436
28 50 0.10117519807891036
28 51 0.0
28 52 0.026499269942846276
28 53 0.0
28 54 0.0
28 55 0.0
28 56 0.035722326465312405
28 57 0.0
28 58 0.0
28 59 0.0
28 60 0.0
28 61 0.0
28 62 0.02396301708904448
28 63 0.0
28 64 0.028804002676301718
28 65 0.04145272278408487
28 66 0.16099941238894946
28 67 0.024488054341697284
28 68 0.026401331354912277
28 69 0.0
28 70 0.0
28 71 0.026499269942846276
28 72 0.0
28 73 0.08821931014812617
29 30 0.0
29 31 0.44725934595790523
29 32 0.02522426562972534
29 33 0.0
29 34 0.0
29 35 0.0
29 36 0.0
29 37 0.03071694254302531
29 38 0.030720036546287292
29 39 0.029415163966846857
29 40 0.020193698686838728
29 41 0.030080162894696744
29 42 0.0
29 43 0.0
29 44 0.0
29 45 0.11216082426011467
29 46 0.04299775311939087
29 47 0.0
29 48 0.0
29 49 0.030205991837951095
29 50 0.019816382768481643
29 51 0.0
29 52 0.024372407207735907
29 53 0.0
29 54 0.0
29 55 0.0
29 56 0.0328552103094943
29 57 0.0
29 58 0.0
29 59 0.0
29 60 0.0
29 61 0.0
29 62 0.022039717006535592
29 63 0.0
29 64 0.026492159367169966
29 65 0.0
29 66 0.0
29 67 0.022522614148550616
29 68 0.024282329286660107
29 69 0.0
29 70 0.0
29 71 0.024372407207735907
29 72 0.0
29 73 0.038308861303141296
30 31 0.0
30 32 0.0
30 33 0.0
30 34 0.0
30 35 0.0
30 36 0.0
30 37 0.0
30 38 0.0
30 39 0.0
30 40 0.0
30 41 0.0
30 42 0.027060730090445052
30 43 0.0
30 44 0.048175727316035574
30 45 0.0
30 46 0.0
30 47 0.0
30 48 0.0
30 49 0.0
30 50 0.0
30 51 0.0
30 52 0.0
30 53 0.0
30 54 0.03254727450530028
30 55 0.0
30 56 0.0
30 57 0.0
30 58 0.0
30 59 0.0
30 60 0.0
30 61 0.0
30 62 0.0
30 63 0.0
30 64 0.0
30 65 0.0
30 66 0.0
30 67 0.0
30 68 0.0
30 69 0.0
30 70 0.0
30 71 0.0
30 72 0.0
30 73 0.0
31 32 0.0
31 33 0.0
31 34 0.0
31 35 0.0
31 36 0.0
31 37 0.0
31 38 0.0
31 39 0.0
31 40 0.0
31 41 0.0
31 42 0.0
31 43 0.0
31 44 0.0
31 45 0.0
31 46 0.0
31 47 0.0
31 48 0.0
31 49 0.0
31 50 0.0
31 51 0.0
31 52 0.0
31 53 0.0
31 54 0.0
31 55 0.0
31 56 0.0
31 57 0.0
31 58 0.0
31 59 0.0
31 60 0.0
31 61 0.0
31 62 0.0
31 63 0.0
31 64 0.0
31 65 0.0
31 66 0.0
31 67 0.0
31 68 0.0
31 69 0.0
31 70 0.0
31 71 0.0
31 72 0.0
31 73 0.0
32 33 0.0
32 34 0.07167122422385966
32 35 0.07373217963513554
32 36 0.08658931508657668
32 37 0.14441714193897415
32 38 0.45370250518840755
32 39 0.4344309148909235
32 40 0.09494161879702616
32 41 0.033858677774073545
32 42 0.0
32 43 0.0
32 44 0.0
32 45 0.0
32 46 0.02735576950027814
32 47 0.0
32 48 0.0
32 49 0.034000312700028436
32 50 0.18139658698672823
32 51 0.0
32 52 0.22310184132927796
32 53 0.10957038238845307
32 54 0.0
32 55 0.2376468480176615
32 56 0.03698231232865808
32 57 0.0
32 58 0.0
32 59 0.07026830925603743
32 60 0.0
32 61 0.2500493390861315
32 62 0.3255033503766208
32 63 0.097180327673061
32 64 0.2425057765212578
32 65 0.3134246904377617
32 66 0.10783416104557828
32 67 0.20616907658163466
32 68 0.2222772797714542
32 69 0.08865130454120776
32 70 0.0
32 71 0.22310184132927796
32 72 0.0
32 73 0.04312102282476065
33 34 0.28826357939981656
33 35 0.10283252830465928
33 36 0.12076407124520087
33 37 0.0
33 38 0.0
33 39 0.0
33 40 0.0
33 41 0.0
33 42 0.0
33 43 0.0
33 44 0.0
33 45 0.0
33 46 0.0
33 47 0.0
33 48 0.0
33 49 0.0
33 50 0.0
33 51 0.2916519921194132
33 52 0.1705904284743165
33 53 0.0
33 54 0.0
33 55 0.0
33 56 0.0
33 57 0.0
33 58 0.3223590529148892
33 59 0.09800155015421085
33 60 0.0
33 61 0.0
33 62 0.0
33 63 0.25532676907457125
33 64 0.0
33 65 0.0
33 66 0.0
33 67 0.16628823458387842
33 68 0.0
33 69 0.04988115300017022
33 70 0.2313234528601419
33 71 0.1705904284743165
33 72 0.0
33 73 0.0
34 35 0.20326999937651363
34 36 0.23871544433868588
34 37 0.1828081674125465
34 38 0.08728668892859635
34 39 0.08357907592620109
34 40 0.12018035470331519
34 41 0.0
34 42 0.0
34 43 0.0
34 44 0.0
34 45 0.0
34 46 0.0
34 47 0.0
34 48 0.0
34 49 0.0
34 50 0.05630548114082565
34 51 0.0
34 52 0.20289041255886525
34 53 0.18235662430586444
34 54 0.07004869719882119
34 55 0.0
34 56 0.0
34 57 0.0
34 58 0.0
34 59 0.6255747152386704
34 60 0.0
34 61 0.1894677031424294
34 62 0.06262277453756046
34 63 0.3617576291930969
34 64 0.07527376701667478
34 65 0.20294938934896606
34 66 0.179467052724267
34 67 0.19426416862316453
34 68 0.0689948437956075
34 69 0.18661789049501717
34 70 0.0
34 71 0.20289041255886525
34 72 0.09426527871285881
34 73 0.0
35 36 0.5654995084353155
35 37 0.18806494216328234
35 38 0.0897966777815544
35 39 0.08598244981390701
35 40 0.12363622356891767
35 41 0.0
35 42 0.020509374646708455
35 43 0.020503785888395524
35 44 0.021269385769513382
35 45 0.018994822039368812
35 46 0.026616418512812868
35 47 0.023179373000121316
35 48 0.027319853899890827
35 49 0.0
35 50 0.05792458402763032
35 51 0.0
35 52 0.4199802439843565
35 53 0.18760041462359783
35 54 0.07206299572808608
35 55 0.0
35 56 0.0
35 57 0.0
35 58 0.0
35 59 0.19929112880854594
35 60 0.0
35 61 0.19491597742938385
35 62 0.06442353554659773
35 63 0.16638684074396912
35 64 0.22717101215759294
35 65 0.208785338807391
35 66 0.1846277514211741
35 67 0.06583507550351869
35 68 0.07097883804449258
35 69 0.15178391392203494
35 70 0.0
35 71 0.4199802439843565
35 72 0.09697594172109605
35 73 0.0
36 37 0.22085898740955268
36 38 0.10545507897137484
36 39 0.10097574052055183
36 40 0.14519543531332052
36 41 0.0
36 42 0.0
36 43 0.0
36 44 0.0
36 45 0.0
36 46 0.0
36 47 0.0
36 48 0.0
36 49 0.08623275338658783
36 50 0.06802525142274875
36 51 0.0
36 52 0.19870833374535182
36 53 0.2203134573343646
36 54 0.08462906527461977
36 55 0.0
36 56 0.0
36 57 0.0
36 58 0.0
36 59 0.23404275354067394
36 60 0.0
36 61 0.22890467999942726
36 62 0.07565746524842132
36 63 0.19540074158575518
36 64 0.26678422430464477
36 65 0.24519252756276683
36 66 0.21682243249345132
36 67 0.07731514414374152
36 68 0.08335585632117828
36 69 0.17825141224234145
36 70 0.0
36 71 0.19870833374535182
36 72 0.11388623549525492
36 73 0.0
37 38 0.3110005540834141
37 39 0.29779041044954285
37 40 0.30068514985834177
37 41 0.04123152979103598
37 42 0.0
37 43 0.0
37 44 0.0
37 45 0.0
37 46 0.03331258924620822
37 47 0.0
37 48 0.0
37 49 0.041404006244721715
37 50 0.11345524999627182
37 51 0.0
37 52 0.1395399748314655
37 53 0.27947563368754164
37 54 0.10735504735924034
37 55 0.0
37 56 0.04503534729545966
37 57 0.0
37 58 0.0
37 59 0.1792298231456456
37 60 0.0
37 61 0.385151040634799
37 62 0.22312356922318202
37 63 0.3674042537644856
37 64 0.15167624682360945
37 65 0.4610257713801515
37 66 0.2750471417041742
37 67 0.2280122769076825
37 68 0.2458271119309554
37 69 0.33515905091190007
37 70 0.0
37 71 0.1395399748314655
37 72 0.1444688319017195
37 73 0.052510784652685986
38 39 0.6584751782572091
38 40 0.20445561832215525
38 41 0.04123568288952524
38 42 0.0
38 43 0.0
38 44 0.0
38 45 0.0
38 46 0.03331594469929892
38 47 0.0
38 48 0.0
38 49 0.041408176716122014
38 50 0.22091861318797693
38 51 0.0
38 52 0.2717104561055178
38 53 0.13344317732672892
38 54 0.0
38 55 0.0
38 56 0.045039883538324374
38 57 0.0
38 58 0.0
38 59 0.08557811196879599
38 60 0.0
38 61 0.39931585137536857
38 62 0.49337160251677625
38 63 0.23789696877089037
38 64 0.2953420498648602
38 65 0.5317177580370841
38 66 0.13132867441558357
38 67 0.3501613908634456
38 68 0.6243855744901052
38 69 0.21701796168963358
38 70 0.0
38 71 0.2717104561055178
38 72 0.0
38 73 0.052516073868524346
39 40 0.1957711061908257
39 41 0.039484144872440896
39 42 0.0
39 43 0.0
39 44 0.0
39 45 0.0
39 46 0.031900807623183584
39 47 0.0
39 48 0.0
39 49 0.039649311804614555
39 50 0.21153481443491723
39 51 0.0
39 52 0.2601692092979129
39 53 0.12777500884181542
39 54 0.0
39 55 0.0
39 56 0.043126757265775945
39 57 0.0
39 58 0.0
39 59 0.0819430729433668
39 60 0.0
39 61 0.3823544032921109
39 62 0.47241501691412885
39 63 0.22779199279492104
39 64 0.2827970210904409
39 65 0.5091323707632532
39 66 0.12575032212811318
39 67 0.3352878409369025
39 68 0.6665032466306775
39 69 0.2077998480644048
39 70 0.0
39 71 0.2601692092979129
39 72 0.0
39 73 0.05028538691385053
40 41 0.027106118645478662
40 42 0.0
40 43 0.0
40 44 0.0
40 45 0.0
40 46 0.02190010899600746
40 47 0.0
40 48 0.0
40 49 0.02721950680354243
40 50 0.07458688733930956
40 51 0.0
40 52 0.09173530870036083
40 53 0.18373074498200653
40 54 0.07057653852909428
40 55 0.0
40 56 0.029606795411613904
40 57 0.0
40 58 0.0
40 59 0.1178279068376997
40 60 0.0
40 61 0.2532030670893553
40 62 0.14668419946138217
40 63 0.2415361094741343
40 64 0.09971384430648751
40 65 0.30308405535732896
40 66 0.18081939947214853
40 67 0.14989809647637825
40 68 0.1616097897906401
40 69 0.2203377135208575
40 70 0.0
40 71 0.09173530870036083
40 72 0.09497560041910169
40 73 0.034521240569452154
41 42 0.0
41 43 0.0
41 44 0.0
41 45 0.0
41 46 0.032622000368900464
41 47 0.0
41 48 0.0
41 49 0.04054567770180186
41 50 0.02659964530404564
41 51 0.0
41 52 0.19181857679018188
41 53 0.0
41 54 0.0
41 55 0.0
41 56 0.04410173899206198
41 57 0.0
41 58 0.0
41 59 0.0
41 60 0.0
41 61 0.0
41 62 0.029584039722316508
41 63 0.0
41 64 0.035560578877482235
41 65 0.0
41 66 0.0
41 67 0.03023223535145863
41 68 0.03259431116805624
41 69 0.0
41 70 0.0
41 71 0.19181857679018188
41 72 0.0
41 73 0.051422206291159345
42 43 0.47031108009399836
42 44 0.053755290081465464
42 45 0.04800665989309595
42 46 0.06726914042514345
42 47 0.14459743670189443
42 48 0.06904697142109743
42 49 0.0
42 50 0.0
42 51 0.0
42 52 0.024242813158032946
42 53 0.0
42 54 0.02173451990183717
42 55 0.0
42 56 0.0
42 57 0.0
42 58 0.0
42 59 0.0
42 60 0.0
42 61 0.0
42 62 0.0
42 63 0.0
42 64 0.0
42 65 0.0
42 66 0.0
42 67 0.0
42 68 0.0
42 69 0.0
42 70 0.0
42 71 0.024242813158032946
42 72 0.0
42 73 0.0
43 44 0.05374064188621417
43 45 0.16704638688875212
43 46 0.06725080973616679
43 47 0.14455803422666946
43 48 0.11393345528137519
43 49 0.0
43 50 0.03567254495387318
43 51 0.0
43 52 0.024236207046149982
43 53 0.0
43 54 0.0
43 55 0.0
43 56 0.0
43 57 0.0
43 58 0.0
43 59 0.0
43 60 0.0
43 61 0.0387900830538744
43 62 0.0
43 63 0.0
43 64 0.0
43 65 0.0
43 66 0.0
43 67 0.0
43 68 0.0
43 69 0.0
43 70 0.0
43 71 0.024236207046149982
43 72 0.0
43 73 0.0
44 45 0.10264661290612154
44 46 0.14383315633963242
44 47 0.26128637570743396
44 48 0.14763446912541192
44 49 0.0
44 50 0.0
44 51 0.0
44 52 0.025141173442808556
44 53 0.0
44 54 0.0
44 55 0.0
44 56 0.0
44 57 0.0
44 58 0.0
44 59 0.0
44 60 0.0
44 61 0.0
44 62 0.0
44 63 0.0
44 64 0.0
44 65 0.0
44 66 0.0
44 67 0.0
44 68 0.0
44 69 0.0
44 70 0.0
44 71 0.025141173442808556
44 72 0.0
44 73 0.0
45 46 0.3236376283433469
45 47 0.16036552443972146
45 48 0.13184633060412293
45 49 0.0
45 50 0.0
45 51 0.0
45 52 0.022452557896220793
45 53 0.0
45 54 0.0
45 55 0.0
45 56 0.0
45 57 0.0
45 58 0.0
45 59 0.0
45 60 0.0
45 61 0.08110664922509177
45 62 0.0
45 63 0.0
45 64 0.0
45 65 0.0
45 66 0.0
45 67 0.0
45 68 0.0
45 69 0.0
45 70 0.0
45 71 0.022452557896220793
45 72 0.0
45 73 0.0
46 47 0.36570592139510916
46 48 0.18474914413331534
46 49 0.03275846212436475
46 50 0.021490909083396383
46 51 0.0
46 52 0.0578934843086041
46 53 0.0
46 54 0.0
46 55 0.0
46 56 0.03563154516778195
46 57 0.0
46 58 0.0
46 59 0.0
46 60 0.0
46 61 0.0
46 62 0.02390211977357427
46 63 0.0
46 64 0.028730802943928054
46 65 0.0
46 66 0.0
46 67 0.024425822746862766
46 68 0.02633423754120846
46 69 0.0
46 70 0.0
46 71 0.0578934843086041
46 72 0.0
46 73 0.04154604122119172
47 48 0.16089201938486963
47 49 0.03189502976890992
47 50 0.0
47 51 0.0
47 52 0.02739884654905747
47 53 0.0
47 54 0.0
47 55 0.0
47 56 0.0
47 57 0.0
47 58 0.0
47 59 0.0
47 60 0.0
47 61 0.0
47 62 0.0
47 63 0.0
47 64 0.0
47 65 0.03600808709370366
47 66 0.03184175762083235
47 67 0.0
47 68 0.0
47 69 0.0
47 70 0.0
47 71 0.02739884654905747
47 72 0.0
47 73 0.04045098993046716
48 49 0.0
48 50 0.04753115944937161
48 51 0.0
48 52 0.032293042816208206
48 53 0.0
48 54 0.0
48 55 0.0
48 56 0.0
48 57 0.0
48 58 0.0
48 59 0.0
48 60 0.0
48 61 0.051685059898926175
48 62 0.0
48 63 0.0
48 64 0.0
48 65 0.0
48 66 0.0
48 67 0.0
48 68 0.0
48 69 0.0
48 70 0.0
48 71 0.032293042816208206
48 72 0.0
48 73 0.0
49 50 0.02671091482313919
49 51 0.0
49 52 0.03285207500110167
49 53 0.0
49 54 0.1784021991202811
49 55 0.0
49 56 0.044286221876429235
49 57 0.0
49 58 0.0
49 59 0.0
49 60 0.0
49 61 0.0
49 62 0.02970779332260403
49 63 0.0
49 64 0.03570933306067369
49 65 0.05139039531427789
49 66 0.04544424999244482
49 67 0.030358700432110225
49 68 0.03273065709625941
49 69 0.0
49 70 0.0
49 71 0.03285207500110167
49 72 0.0
49 73 0.10936857505065278
50 51 0.0
50 52 0.17527057275055222
50 53 0.20444237207453375
50 54 0.0
50 55 0.0
50 56 0.029053597338611844
50 57 0.0
50 58 0.0
50 59 0.05520334003582412
50 60 0.0
50 61 0.23749909342271688
50 62 0.1584953751211523
50 63 0.07634563475522735
50 64 0.19051445785006352
50 65 0.09579993915121696
50 66 0.08471537059453887
50 67 0.1619680587153159
50 68 0.1746227906630232
50 69 0.06964516666219933
50 70 0.0
50 71 0.17527057275055222
50 72 0.0
50 73 0.03387621690190689
51 52 0.0
51 53 0.0
51 54 0.0
51 55 0.0
51 56 0.0
51 57 0.0
51 58 0.7588203503988741
51 59 0.10737194910716813
51 60 0.0
51 61 0.0
51 62 0.0
51 63 0.0
51 64 0.0
51 65 0.0
51 66 0.0
51 67 0.0
51 68 0.0
51 69 0.0
51 70 0.24358022221905792
51 71 0.0
51 72 0.0
51 73 0.0
52 53 0.35301460203603235
52 54 0.0
52 55 0.0
52 56 0.03573336836793934
52 57 0.0
52 58 0.0
52 59 0.1612542914031531
52 60 0.0
52 61 0.24160482622933713
52 62 0.19493536575906387
52 63 0.14598826792750189
52 64 0.2343160202308992
52 65 0.11782549594184505
52 66 0.10419245192257455
52 67 0.19920646102652087
52 68 0.21477066786172722
52 69 0.13317562010106312
52 70 0.0
52 71 0.9999999999999998
52 72 0.0
52 73 0.041664766099697347
53 54 0.10708987632072106
53 55 0.0
53 56 0.0
53 57 0.0
53 58 0.16596951639914026
53 59 0.1787871186850149
53 60 0.1399141631394963
53 61 0.2896566775354004
53 62 0.09573718638982205
53 63 0.24726069207420667
53 64 0.26274150792970563
53 65 0.31026736932821053
53 66 0.2743677648327413
53 67 0.09783481830036315
53 68 0.10547875384273979
53 69 0.22555987861951451
53 70 0.0
53 71 0.35301460203603235
53 72 0.14411198840780481
53 73 0.0
54 55 0.0
54 56 0.0
54 57 0.0
54 58 0.0
54 59 0.06867754208265171
54 60 0.0
54 61 0.07531049123764731
54 62 0.0
54 63 0.09498031351592671
54 64 0.0
54 65 0.11918308472464796
54 66 0.10539296037664152
54 67 0.0
54 68 0.0
54 69 0.086644374438078
54 70 0.0
54 71 0.0
54 72 0.10593347528896727
54 73 0.3972223470481384
55 56 0.22139384699185027
55 57 0.0
55 58 0.0
55 59 0.0
55 60 0.0
55 61 0.0
55 62 0.0
55 63 0.0
55 64 0.0
55 65 0.0
55 66 0.0
55 67 0.0
55 68 0.0
55 69 0.0
55 70 0.0
55 71 0.0
55 72 0.0
55 73 0.0
56 57 0.0
56 58 0.0
56 59 0.0
56 60 0.0
56 61 0.0
56 62 0.03231331726107468
56 63 0.0
56 64 0.03884122243078094
56 65 0.0
56 66 0.0
56 67 0.03302131222079991
56 68 0.035601301497884826
56 69 0.0
56 70 0.0
56 71 0.03573336836793934
56 72 0.0
56 73 0.05616616532924776
57 58 0.0
57 59 0.0
57 60 0.0
57 61 0.0
57 62 0.0
57 63 0.0
57 64 0.0
57 65 0.0
57 66 0.0
57 67 0.0
57 68 0.0
57 69 0.0
57 70 0.0
57 71 0.0
57 72 0.0
57 73 0.0
58 59 0.11867678177778684
58 60 0.13596590466066502
58 61 0.0
58 62 0.0
58 63 0.0
58 64 0.14349664690196967
58 65 0.0
58 66 0.0
58 67 0.0
58 68 0.0
58 69 0.0
58 70 0.26922596747148103
58 71 0.0
58 72 0.0
58 73 0.0
59 60 0.0
59 61 0.1857590030394817
59 62 0.061396976755023716
59 63 0.15857013910871587
59 64 0.07380033474904371
59 65 0.1989767945019917
59 66 0.17595410848165977
59 67 0.06274220385547025
59 68 0.06764431713568766
59 69 0.1446532444360677
59 70 0.0
59 71 0.1612542914031531
59 72 0.09242010065312392
59 73 0.0
60 61 0.0
60 62 0.0
60 63 0.0
60 64 0.12096928219233448
60 65 0.0
60 66 0.0
60 67 0.0
60 68 0.0
60 69 0.0
60 70 0.0
60 71 0.0
60 72 0.0
60 73 0.0
61 62 0.2864843063346089
61 63 0.34075497603820815
61 64 0.26261802971654824
61 65 0.4275857562072282
61 66 0.2850668596057684
61 67 0.29276126772753946
61 68 0.3156350083721365
61 69 0.3108486447619696
61 70 0.0
61 71 0.24160482622933713
61 72 0.10134613105464871
61 73 0.0
62 63 0.17067629006635185
62 64 0.21188956560464525
62 65 0.3814744457360746
62 66 0.0942201619650327
62 67 0.2902572923975275
62 68 0.2708470389099594
62 69 0.2807000836082137
62 70 0.0
62 71 0.19493536575906387
62 72 0.0
62 73 0.0376770191862444
63 64 0.10206508153143655
63 65 0.40788368485442955
63 66 0.2433426689599744
63 67 0.35105040759835404
63 68 0.18804315298548058
63 69 0.34951024022767513
63 70 0.0
63 71 0.14598826792750189
63 72 0.1278160206234958
63 73 0.0
64 65 0.12807318495057943
64 66 0.11325442815976393
64 67 0.216532132731208
64 68 0.2334500122162926
64 69 0.09310734839572679
64 70 0.0
64 71 0.2343160202308992
64 72 0.0
64 73 0.045288494242730966
65 66 0.3566555215487558
65 67 0.21886030494504402
65 68 0.23596008693317694
65 69 0.37208580820049714
65 70 0.0
65 71 0.11782549594184505
65 72 0.16038594790048816
65 73 0.0651760596695511
66 67 0.09628455539257151
66 68 0.10380736729055687
66 69 0.22198572046820814
66 70 0.0
66 71 0.10419245192257455
66 72 0.14182843052853505
66 73 0.057634838787135725
67 68 0.27678138284795406
67 69 0.15910826821692958
67 70 0.0
67 71 0.19920646102652087
67 72 0.0
67 73 0.03850253454468967
68 69 0.1715395617751746
68 70 0.0
68 71 0.21477066786172722
68 72 0.0
68 73 0.04151077739105723
69 70 0.0
69 71 0.13317562010106312
69 72 0.116598258524702
69 73 0.0
70 71 0.0
70 72 0.0
70 73 0.0
71 72 0.0
71 73 0.041664766099697347
72 73 0.0
