0 1 0.0
0 2 0.0
0 3 0.0
0 4 0.0
0 5 0.0
0 6 0.0
0 7 0.0
0 8 0.047509085108134216
0 9 0.09136736113654371
0 10 0.0
0 11 0.08780903979279939
0 12 0.0
0 13 0.11275074732933027
0 14 0.09143707631679007
0 15 0.0
0 16 0.0
0 17 0.05195951123382501
0 18 0.0
0 19 0.11046951234223026
0 20 0.12967385087305822
0 21 0.0
0 22 0.0
0 23 0.0
1 2 0.0
1 3 0.0
1 4 0.0
1 5 0.0
1 6 0.0
1 7 0.0
1 8 0.2657513605279509
1 9 0.2017806538116157
1 10 0.1347138374505144
1 11 0.09506216163464976
1 12 0.29384514177249443
1 13 0.12206408124197805
1 14 0.12305600720841332
1 15 0.3033534956643602
1 16 0.6417163330021632
1 17 0.0
1 18 0.11077138228088818
1 19 0.0
1 20 0.029951799175141323
1 21 0.0
1 22 0.0
1 23 0.0
2 3 0.0
2 4 0.0
2 5 0.0
2 6 0.0
2 7 0.0
2 8 0.0
2 9 0.0
2 10 0.0
2 11 0.0
2 12 0.0
2 13 0.0
2 14 0.0
2 15 0.0
2 16 0.0
2 17 0.0
2 18 0.0
2 19 0.0
2 20 0.0
2 21 0.0
2 22 0.0
2 23 0.0
3 4 0.038175214246966994
3 5 0.03434652073956812
3 6 0.578486312918726
3 7 0.0
3 8 0.0
3 9 0.0
3 10 0.0
3 11 0.0
3 12 0.0
3 13 0.0
3 14 0.0
3 15 0.020888687225665455
3 16 0.0
3 17 0.0
3 18 0.0
3 19 0.0
3 20 0.0
3 21 0.0
3 22 0.0
3 23 0.0
4 5 0.41296029501474946
4 6 0.0509806083150479
4 7 0.0
4 8 0.0
4 9 0.0
4 10 0.0
4 11 0.0
4 12 0.0
4 13 0.0
4 14 0.0
4 15 0.0257397397380255
4 16 0.0
4 17 0.0
4 18 0.22002472426993888
4 19 0.0
4 20 0.0
4 21 0.0
4 22 0.0
4 23 0.0
5 6 0.0
5 7 0.0
5 8 0.0
5 9 0.0
5 10 0.03161819294367412
5 11 0.0
5 12 0.0
5 13 0.0
5 14 0.0
5 15 0.023158232957747375
5 16 0.0
5 17 0.0
5 18 0.16107496940186994
5 19 0.0
5 20 0.0
5 21 0.0
5 22 0.0
5 23 0.0
6 7 0.26317081961609023
6 8 0.0
6 9 0.0
6 10 0.0
6 11 0.0
6 12 0.0
6 13 0.0
6 14 0.0
6 15 0.0
6 16 0.0
6 17 0.0
6 18 0.0
6 19 0.0
6 20 0.0
6 21 0.0
6 22 0.0
6 23 0.0
7 8 0.0
7 9 0.0
7 10 0.0
7 11 0.0
7 12 0.0
7 13 0.0
7 14 0.0
7 15 0.0
7 16 0.0
7 17 0.0
7 18 0.0
7 19 0.0
7 20 0.0
7 21 0.0
7 22 0.0
7 23 0.0
8 9 0.28606909514059076
8 10 0.09628365900226904
8 11 0.18228229784504
8 12 0.07416795809415169
8 13 0.0
8 14 0.0
8 15 0.2810222553228558
8 16 0.27246262343288724
8 17 0.030969733192182783
8 18 0.08725373780474158
8 19 0.06486471209737073
8 20 0.0
8 21 0.0
8 22 0.0
8 23 0.0
9 10 0.04044483833039547
9 11 0.213253083054008
9 12 0.04377987549549207
9 13 0.08212131999240402
9 14 0.23883979377087697
9 15 0.0727553756995656
9 16 0.20687640577378588
9 17 0.0
9 18 0.1066223195020844
9 19 0.0
9 20 0.0
9 21 0.0
9 22 0.0
9 23 0.0
10 11 0.0
10 12 0.20173864785055556
10 13 0.0
10 14 0.12976692327957642
10 15 0.2072354887548011
10 16 0.0
10 17 0.0
10 18 0.0
10 19 0.0
10 20 0.0
10 21 0.0
10 22 0.0
10 23 0.0
11 12 0.3180132561018047
11 13 0.5570133626926884
11 14 0.1672933011100333
11 15 0.0
11 16 0.09746285361144431
11 17 0.0
11 18 0.0
11 19 0.1471422557484857
11 20 0.0
11 21 0.0
11 22 0.0
11 23 0.0
12 13 0.29650030441113856
12 14 0.26792308451645575
12 15 0.14238490827003025
12 16 0.247454800518293
12 17 0.0
12 18 0.07844100945144995
12 19 0.1883774539309656
12 20 0.034189718252032625
12 21 0.0
12 22 0.0
12 23 0.0
13 14 0.21481210554011446
13 15 0.0
13 16 0.12514667746589564
13 17 0.0
13 18 0.0
13 19 0.18893725906254208
13 20 0.0
13 21 0.0
13 22 0.0
13 23 0.0
14 15 0.09924760452971569
14 16 0.0
14 17 0.0
14 18 0.0
14 19 0.10586715784827747
14 20 0.0
14 21 0.0
14 22 0.0
14 23 0.0
15 16 0.18312842262069032
15 17 0.0
15 18 0.08933976155429736
15 19 0.0
15 20 0.024156840343871083
15 21 0.0
15 22 0.0
15 23 0.0
16 17 0.0
16 18 0.11356879361813721
16 19 0.0
16 20 0.0
16 21 0.0
16 22 0.0
16 23 0.0
17 18 0.0
17 19 0.0
17 20 0.0
17 21 0.0
17 22 0.0
17 23 0.0
18 19 0.06515460084422785
18 20 0.0
18 21 0.0
18 22 0.0
18 23 0.0
19 20 0.09303425213457392
19 21 0.0
19 22 0.0
19 23 0.0
20 21 0.0
20 22 0.0
20 23 0.0
21 22 0.0
21 23 0.0
22 23 0.0
