54
0	0	0	0	0	0	0	0	0	0	0	0	0	0	0	0	0	0	0	0	0	0	0	0	0	0	0	0	0	0	0	0	0	0	0	0	0	0	0	0	0	0	0	0	0	0	0	0	0	0	0	0	0	
0	0	0	0	0	0	0	0	0	0	0	0	0	0	0	0	0	0	0	0	0	0	0	0	0	0	0	0	0	0	0	0	0	0	0	0	0	0	0	0	0	0	0	0	0	0	0	0	0	0	0	0	
0	0	0	0	0	0	0	0	0	0	0	0	0	0	0	0	0	0	0	0	0	0	0	0	0	0	0	0	0	0	0	0	0	0	0	0	0	0	0	0	0	0	0	0	0	0	0	0	0	0	0	
0	0	0	0	0	0	0	0	0	0	0	0	0	0	0	0	0	0	0	0	0	0	0	0	0	0	0	0	0	0	0	0	0	0	0	0	0	0	0	0	0	0	0	0	0	0	0	0	0	0	
0	0	0	0	0	0	0	0	0	0	0	0	0	0	0	0	0	0	0	0	0	0	0	0	0	0	0	0	0	0	0	0	0	0	0	0	0	0	0	0	0	0	0	0	0	0	0	0	0	
0	0	0	0	0	0	0	0	0	0	0	0	0	0	0	0	0	0	0	0	0	0	0	0	0	0	0	0	0	0	0	0	0	0	0	0	0	0	0	0	0	0	0	0	0	0	0	0	
0	0	0	0	0	0	0	0	0	0	0	0	0	0	0	0	0	0	0	0	0	0	0	0	0	0	0	0	0	0	0	0	0	0	0	0	0	0	0	0	0	0	0	0	0	0	0	
1.0	1.0	0	0	0	0	0	0	0	0	0	1.0	0	0	0	0	1.0	0	0	0	0	0	0	0	0	0	0	1.0	0	0	0	0	0	0	0	0	0	0	0	0	0	0	0	0	0	0	
1.0	0	0	0	0	0	0	0	0	0	1.0	0	0	0	0	1.0	0	0	0	0	0	0	0	0	0	0	1.0	0	0	0	0	0	0	0	0	0	0	0	0	0	0	0	0	0	0	
0	0	0	0	0	0	0	0	0	1.0	0	0	0	0	1.0	0	0	0	0	0	0	0	0	0	0	0	0	0	0	0	0	0	0	0	0	0	0	0	0	0	0	0	0	0	
0	0	0	0	0	0	0	0	0	0	0	0	0	0	0	0	0	0	0	0	0	0	0	0	0	0	0	0	0	0	0	0	0	0	0	0	0	0	0	0	0	0	0	
0	0	0	0	0	0	0	0	0	0	0	0	0	0	0	0	0	0	0	0	0	0	0	0	0	0	0	0	0	0	0	0	0	0	0	0	0	0	0	0	0	0	
0	0	0	0	0	0	0	0	0	0	0	0	0	0	0	0	0	0	0	0	0	0	0	0	0	0	0	0	0	0	0	0	0	0	0	0	0	0	0	0	0	
0	0	0	0	0	0	0	0	0	0	0	0	0	0	0	0	0	0	0	0	0	0	0	0	0	0	0	0	0	0	0	0	0	0	0	0	0	0	0	0	
0	0	0	0	0	0	0	0	0	0	0	0	0	0	0	0	0	0	0	0	0	0	0	0	0	0	0	0	0	0	0	0	0	0	0	0	0	0	0	
0	0	0	0	0	0	0	0	0	0	0	0	0	0	0	0	0	0	0	0	0	0	0	0	0	0	0	0	0	0	0	0	0	0	0	0	0	0	
0	0	0	0	0	0	0	0	0	0	0	0	0	0	0	0	0	0	0	0	0	0	0	0	0	0	0	0	0	0	0	0	0	0	0	0	0	
0	0	0	0	0	0	0	0	0	0	0	0	0	0	0	0	0	0	0	0	0	0	0	0	0	0	0	0	0	0	0	0	0	0	0	0	
0	0	0	0	0	0	0	0	0	0	0	0	0	0	0	0	0	0	0	0	0	0	0	0	0	0	0	0	0	0	0	0	0	0	0	
0	0	0	0	1.0	0	0	0	0	0	0	0	0	0	0	0	0	0	0	0	0	0	0	0	0	0	0	0	0	0	0	0	0	0	
0	0	0	0	0	0	0	0	0	0	0	0	0	0	0	0	0	0	0	0	0	0	0	0	0	0	0	0	0	0	0	0	0	
0	0	0	0	0	0	0	0	0	0	0	0	0	0	0	0	0	0	0	0	0	0	0	0	0	0	0	0	0	0	0	0	
0	0	0	0	0	0	0	0	0	0	0	0	0	0	0	0	0	0	0	0	0	0	0	0	0	0	0	0	0	0	0	
0	0	0	0	0	0	0	0	0	0	0	0	0	0	0	0	0	0	0	0	0	0	0	0	0	0	0	0	0	0	
0	0	0	0	0	0	0	0	0	0	1.0	0	0	0	0	0	0	0	0	0	0	0	0	0	0	0	0	0	0	
0	0	0	0	0	0	0	0	0	0	0	0	0	0	0	0	0	0	0	0	0	0	0	0	0	0	0	0	
0	0	0	0	0	0	0	0	0	0	0	0	0	0	0	0	0	0	0	0	0	0	0	0	0	0	0	
0	0	0	0	0	0	0	0	0	0	0	0	0	0	0	0	0	0	0	0	0	0	0	0	0	0	
0	0	0	0	0	0	0	0	0	0	0	0	0	0	0	0	0	0	0	0	0	0	0	0	0	
0	0	0	0	0	0	0	0	0	0	0	0	0	0	0	0	0	0	0	0	0	0	0	0	
0	0	0	0	0	0	0	0	0	0	0	0	0	0	0	0	0	0	0	0	0	0	0	
0	0	0	0	0	0	0	0	0	0	0	0	0	0	0	0	0	0	0	0	0	0	
0	0	0	0	0	0	0	0	0	0	0	0	0	0	0	0	0	0	0	0	0	
0	0	0	0	0	0	0	0	0	0	0	0	0	0	0	0	0	0	0	0	
0	0	0	0	0	0	0	0	0	0	0	0	0	0	0	0	0	0	0	
0	0	0	0	0	0	0	0	0	0	0	0	0	0	0	0	0	0	
0	0	0	0	0	0	0	0	0	0	0	0	0	0	0	0	0	
0	0	0	0	0	0	0	0	0	0	0	0	0	0	0	0	
0	0	0	0	0	0	0	0	0	0	0	0	0	0	0	
0	0	0	0	0	0	0	0	0	0	0	0	0	0	
0	0	0	0	0	0	0	0	0	0	0	0	0	
0	0	0	0	0	0	0	0	0	0	0	0	
0	0	0	0	0	0	0	0	0	0	0	
0	0	0	0	0	0	0	0	0	0	
0	0	0	0	0	0	0	0	0	
0	0	0	0	0	0	0	0	
0	0	0	0	0	0	0	
0	0	0	0	0	0	
0	0	0	0	0	
0	0	0	0	
0	0	0	
0	0	
0	

0	0	0	0	0	0	0	0	0	0	0	0	0	0	0	0	0	0	0	0	0	0	0	0	0	0	0	0	0	0	0	0	0	0	0	0	0	0	0	0	0	1.0	0	0	0	0	0	1.0	2.0	0	0	0	0	
0	0	0	0	0	0	0	0	0	0	0	0	0	0	0	0	0	0	0	0	0	0	0	0	0	0	0	0	0	0	0	0	0	2.0	1.0	0	0	0	0	0	0	0	0	0	0	0	0	0	0	0	0	0	
2.0	0	0	0	0	0	0	0	0	0	0	0	0	2.0	0	0	0	0	2.0	0	0	0	0	0	0	0	1.0	0	0	0	0	0	0	0	0	0	2.0	2.0	0	0	0	0	0	0	2.0	0	0	0	0	0	0	
0	0	0	0	0	0	0	0	0	0	0	0	2.0	0	0	0	0	2.0	0	0	0	0	0	0	0	1.0	0	0	0	0	0	0	0	0	0	3.0	3.0	0	0	0	0	0	0	2.0	0	0	0	0	0	0	
1.0	0	1.0	1.0	1.0	1.0	2.0	0	1.0	1.0	0	0	0	0	1.0	1.0	0	0	1.0	0	1.0	0	2.0	2.0	0	1.0	1.0	1.0	1.0	1.0	0	0	2.0	1.0	0	0	1.0	1.0	1.0	0	0	1.0	0	0	0	2.0	0	0	1.0	
0	1.0	1.0	1.0	1.0	1.0	0	1.0	1.0	0	0	0	0	1.0	1.0	0	0	1.0	0	1.0	0	2.0	2.0	0	1.0	1.0	1.0	1.0	1.0	0	0	1.0	1.0	0	0	1.0	1.0	1.0	0	0	1.0	0	0	0	1.0	0	0	1.0	
0	0	0	0	0	0	0	0	0	0	0	0	0	0	0	0	0	0	0	0	0	0	0	0	0	0	0	0	0	0	0	0	0	0	0	0	0	0	0	0	0	0	0	0	0	0	0	
2.0	2.0	1.0	1.0	0	1.0	2.0	0	0	0	0	2.0	2.0	0	0	1.0	0	1.0	0	1.0	1.0	0	1.0	1.0	1.0	1.0	1.0	0	0	1.0	1.0	0	0	1.0	1.0	1.0	0	0	1.0	0	0	0	1.0	0	0	1.0	
2.0	1.0	1.0	0	1.0	2.0	0	0	0	0	2.0	2.0	0	0	1.0	0	1.0	0	1.0	1.0	0	1.0	1.0	1.0	1.0	1.0	0	0	1.0	1.0	0	0	1.0	1.0	1.0	0	0	1.0	0	0	0	1.0	0	0	1.0	
1.0	1.0	0	1.0	2.0	0	0	0	0	2.0	2.0	0	0	1.0	0	1.0	0	1.0	1.0	0	1.0	1.0	1.0	1.0	1.0	0	0	1.0	1.0	0	0	1.0	1.0	1.0	0	0	1.0	0	0	0	1.0	0	0	1.0	
1.0	0	2.0	1.0	0	0	0	0	1.0	1.0	0	0	1.0	0	1.0	0	1.0	1.0	0	1.0	1.0	1.0	1.0	2.0	0	0	1.0	1.0	0	0	1.0	1.0	1.0	0	0	1.0	0	0	0	1.0	0	0	2.0	
0	1.0	1.0	0	0	0	0	1.0	1.0	0	0	1.0	0	1.0	0	3.0	2.0	0	1.0	1.0	1.0	1.0	1.0	0	0	2.0	1.0	0	0	1.0	1.0	1.0	0	0	1.0	0	0	0	2.0	0	0	1.0	
0	0	0	0	0	0	0	0	0	0	0	0	0	0	0	0	0	0	0	0	0	0	0	0	0	0	0	0	0	0	0	0	0	0	0	0	0	0	0	0	0	
1.0	0	0	0	0	1.0	1.0	0	0	1.0	0	1.0	0	1.0	1.0	0	1.0	1.0	1.0	1.0	2.0	0	0	1.0	1.0	0	0	1.0	1.0	1.0	0	0	1.0	0	0	0	1.0	0	0	2.0	
0	0	0	0	2.0	2.0	0	0	1.0	0	1.0	0	2.0	2.0	0	1.0	1.0	1.0	1.0	1.0	0	0	2.0	1.0	0	0	1.0	1.0	1.0	0	0	1.0	0	0	0	2.0	0	0	1.0	
0	0	0	0	0	0	0	0	0	0	0	0	0	0	0	0	0	0	0	0	0	0	0	0	0	0	0	0	0	0	0	0	0	0	0	0	0	0	
0	0	0	0	2.0	0	0	0	0	0	0	0	1.0	0	0	0	0	0	0	0	0	0	2.0	2.0	0	0	0	0	0	0	2.0	0	0	0	0	0	0	
0	0	0	0	0	0	0	0	0	0	0	0	0	0	0	0	0	0	0	0	0	0	0	0	0	0	0	0	0	0	0	0	0	0	0	0	
0	0	0	0	0	0	0	0	0	0	0	0	0	0	0	0	0	0	0	0	0	0	0	0	0	0	0	0	0	0	0	0	0	0	0	
2.0	0	0	1.0	0	1.0	0	1.0	1.0	0	1.0	1.0	1.0	1.0	1.0	0	0	1.0	1.0	0	0	1.0	1.0	1.0	0	0	1.0	0	0	0	1.0	0	0	1.0	
0	0	2.0	0	2.0	0	1.0	1.0	0	1.0	2.0	1.0	1.0	1.0	0	0	1.0	1.0	0	0	1.0	1.0	1.0	0	0	1.0	0	0	0	1.0	0	0	1.0	
0	0	0	0	0	0	0	1.0	0	0	0	0	0	0	0	0	0	2.0	2.0	0	0	0	0	0	0	2.0	0	0	0	0	0	0	
0	0	0	0	0	0	0	0	0	0	0	0	0	0	0	0	0	0	0	0	0	0	0	0	0	0	0	0	0	0	0	
0	2.0	0	1.0	1.0	0	1.0	2.0	1.0	1.0	1.0	0	0	1.0	1.0	0	0	1.0	1.0	1.0	0	0	1.0	0	0	0	1.0	0	0	1.0	
0	0	0	0	0	0	0	0	0	0	0	0	0	0	0	0	0	0	0	0	0	0	0	0	0	0	0	0	0	
0	1.0	1.0	0	1.0	2.0	1.0	1.0	1.0	0	0	1.0	1.0	0	0	1.0	1.0	1.0	0	0	1.0	0	0	0	1.0	0	0	1.0	
0	0	0	0	0	0	0	0	0	0	0	0	0	0	0	0	0	0	0	0	0	0	0	0	0	0	0	
4.0	0	1.0	1.0	1.0	1.0	1.0	0	0	3.0	1.0	0	0	1.0	1.0	1.0	0	0	1.0	0	0	0	3.0	0	0	1.0	
0	1.0	1.0	1.0	1.0	1.0	0	0	3.0	1.0	0	0	1.0	1.0	1.0	0	0	1.0	0	0	0	3.0	0	0	1.0	
0	0	0	0	0	0	0	0	0	1.0	1.0	0	0	0	0	0	0	1.0	0	0	0	0	0	0	
1.0	1.0	1.0	1.0	0	0	1.0	1.0	0	0	1.0	1.0	1.0	0	0	1.0	0	0	0	1.0	0	0	1.0	
1.0	1.0	1.0	0	0	1.0	1.0	0	0	1.0	1.0	1.0	0	0	1.0	0	0	0	1.0	0	0	1.0	
1.0	1.0	0	0	1.0	1.0	0	0	1.0	1.0	1.0	0	0	1.0	0	0	0	1.0	0	0	1.0	
1.0	0	0	1.0	1.0	0	0	1.0	1.0	1.0	0	0	1.0	0	0	0	1.0	0	0	1.0	
0	0	1.0	1.0	0	0	1.0	1.0	1.0	0	0	1.0	0	0	0	1.0	0	0	2.0	
1.0	0	0	0	0	0	0	0	0	0	0	0	0	0	0	0	0	0	
0	0	0	0	0	0	0	0	0	0	0	0	0	0	0	0	0	
1.0	0	0	1.0	1.0	1.0	0	0	1.0	0	0	0	3.0	0	0	1.0	
0	0	1.0	1.0	1.0	0	0	1.0	0	0	0	1.0	0	0	1.0	
3.0	0	0	0	0	0	0	2.0	0	0	0	0	0	0	
0	0	0	0	0	0	2.0	0	0	0	0	0	0	
1.0	1.0	0	0	1.0	0	0	0	1.0	0	0	1.0	
1.0	0	0	1.0	0	1.0	1.0	1.0	0	0	1.0	
0	0	1.0	0	0	0	1.0	0	0	1.0	
0	0	0	0	0	0	0	0	0	
0	0	0	0	0	0	0	0	
0	0	0	1.0	0	0	1.0	
0	0	0	0	0	0	
1.0	0	0	0	0	
0	0	0	0	
0	0	1.0	
0	0	
0	

0	0	0	0	0	0	0	0	0	0	0	0	0	0	0	0	0	0	0	0	0	0	0	0	0	0	1.0	0	0	0	0	1.0	0	0	0	0	0	0	0	0	0	0	0	0	0	0	0	1.0	0	0	0	0	0	
0	0	0	0	0	0	0	0	0	0	0	0	0	0	0	0	0	0	0	0	0	0	0	0	0	0	0	0	0	0	0	0	0	0	0	0	0	0	0	0	0	0	0	0	0	0	0	0	0	0	0	0	
0	0	0	0	0	0	0	0	0	0	0	0	0	0	0	0	0	0	0	0	0	0	0	0	0	0	0	0	0	0	0	0	0	0	0	0	0	1.0	0	0	0	0	0	0	0	0	0	0	0	0	0	
0	0	0	0	0	0	0	0	0	0	0	0	0	0	0	0	0	0	0	0	0	0	0	0	0	0	0	0	0	0	0	0	0	0	0	0	1.0	0	0	0	0	0	0	0	0	0	0	0	0	0	
0	0	0	0	0	0	0	0	0	1.0	0	0	0	0	0	0	0	0	0	0	0	0	1.0	0	0	0	0	1.0	0	0	0	0	0	0	0	0	0	0	0	0	0	1.0	0	1.0	0	1.0	0	0	0	
0	0	0	0	0	0	0	0	1.0	0	0	0	0	0	0	0	0	0	0	0	0	1.0	0	0	0	0	1.0	0	0	0	0	0	0	0	0	0	0	0	0	0	1.0	0	1.0	0	1.0	0	0	0	
0	0	0	0	0	0	0	0	0	0	0	0	0	0	0	0	0	0	0	0	0	0	0	0	0	0	0	0	0	0	0	0	0	0	0	0	0	0	0	0	0	0	0	0	0	0	0	
0	0	0	0	0	0	1.0	0	0	0	0	0	0	0	0	0	0	0	0	1.0	0	0	0	0	1.0	0	0	0	0	0	0	0	0	0	0	0	0	0	1.0	0	1.0	0	1.0	0	0	0	
0	0	0	0	0	1.0	0	0	0	0	0	0	0	0	0	0	0	0	1.0	0	0	0	0	1.0	0	0	0	0	0	0	0	0	0	0	0	0	0	1.0	0	1.0	0	1.0	0	0	0	
0	0	0	0	1.0	0	0	0	0	0	0	0	0	0	0	0	0	1.0	0	0	0	0	1.0	0	0	0	0	0	0	0	0	0	0	0	0	0	1.0	0	1.0	0	1.0	0	0	0	
0	0	0	1.0	0	0	0	0	0	0	0	0	0	0	0	0	1.0	0	0	0	0	1.0	0	0	0	0	0	0	0	0	0	0	0	0	0	1.0	0	1.0	0	1.0	0	0	0	
0	0	1.0	0	0	0	0	0	0	0	0	0	0	0	0	1.0	0	0	0	0	1.0	0	0	0	0	0	0	0	0	0	0	0	0	0	1.0	0	1.0	0	1.0	0	0	0	
0	0	0	0	0	0	0	0	0	0	0	0	0	0	0	0	0	0	0	0	0	0	0	0	0	0	0	0	0	0	0	0	0	0	0	0	0	0	0	0	0	
1.0	0	0	0	0	0	0	0	0	0	0	0	0	1.0	0	0	0	0	1.0	0	0	0	0	0	0	0	0	0	0	0	0	0	1.0	0	1.0	0	1.0	0	0	0	
0	0	0	0	0	0	0	0	0	0	0	0	1.0	0	0	0	0	1.0	0	0	0	0	0	0	0	0	0	0	0	0	0	1.0	0	1.0	0	1.0	0	0	0	
0	0	0	0	0	0	0	0	0	0	0	0	0	0	0	0	0	0	0	0	0	0	0	0	0	0	0	0	0	0	0	0	0	0	0	0	0	0	
0	0	0	0	0	0	0	0	0	0	0	0	0	0	0	0	0	0	0	0	0	0	0	1.0	0	0	0	0	0	0	0	0	0	0	0	0	0	
0	0	0	0	0	0	0	0	0	0	0	0	0	0	0	0	0	0	0	0	0	0	0	0	0	0	0	0	0	0	0	0	0	0	0	0	
0	0	0	0	0	0	0	0	0	0	0	0	0	0	0	0	0	0	0	0	0	0	0	0	0	0	0	0	0	0	0	0	0	0	0	
0	0	0	0	0	0	0	1.0	0	0	0	0	1.0	0	0	0	0	0	0	0	0	0	0	0	0	0	1.0	0	1.0	0	1.0	0	0	0	
0	0	0	0	0	0	1.0	0	0	0	0	1.0	0	0	0	0	0	0	0	0	0	0	0	0	0	1.0	0	1.0	0	1.0	0	0	0	
0	0	0	0	0	0	0	0	0	0	0	0	0	0	0	0	0	0	1.0	0	0	0	0	0	0	0	0	0	0	0	0	0	
0	0	0	0	0	0	0	0	0	0	0	0	0	0	0	0	0	0	0	0	0	0	0	0	0	0	0	0	0	0	0	
0	0	0	1.0	0	0	0	0	1.0	0	0	0	0	0	0	0	0	0	0	0	0	0	1.0	0	1.0	0	1.0	0	0	0	
0	0	0	0	0	0	0	0	0	0	0	0	0	0	0	0	0	0	0	0	0	0	0	1.0	0	0	0	0	0	
0	1.0	0	0	0	0	1.0	0	0	0	0	0	0	0	0	0	0	0	0	0	1.0	0	1.0	0	1.0	0	0	0	
0	0	0	0	0	0	0	0	0	0	0	0	0	0	0	0	0	0	0	0	0	0	0	0	0	0	0	
0	0	0	0	1.0	0	0	0	0	0	0	0	0	0	0	0	0	0	1.0	0	1.0	0	1.0	0	0	0	
0	0	0	1.0	0	0	0	0	0	0	0	0	0	0	0	0	0	1.0	0	1.0	0	1.0	0	0	0	
0	0	0	0	0	0	0	0	0	0	1.0	0	0	0	0	0	0	0	0	0	0	0	0	0	
0	1.0	0	0	0	0	0	0	0	0	0	0	0	0	0	1.0	0	1.0	0	1.0	0	0	0	
1.0	0	0	0	0	0	0	0	0	0	0	0	0	0	1.0	0	1.0	0	1.0	0	0	0	
0	0	0	0	0	1.0	0	0	0	0	0	0	0	1.0	0	1.0	1.0	1.0	0	0	0	
0	0	0	0	0	0	0	0	0	0	0	0	1.0	0	1.0	0	1.0	0	0	0	
0	0	0	0	0	0	0	0	0	0	0	1.0	0	1.0	0	1.0	0	0	0	
0	0	0	0	0	0	0	0	0	0	0	0	0	0	0	0	0	0	
0	0	0	0	0	0	0	0	0	0	0	0	0	0	0	0	0	
0	0	0	0	0	0	0	0	1.0	0	1.0	0	1.0	0	0	0	
0	0	0	0	0	0	0	1.0	0	1.0	0	1.0	0	0	0	
1.0	0	0	0	0	0	0	0	0	0	0	0	0	0	
0	0	0	0	0	0	0	0	0	0	0	0	0	
0	0	0	0	1.0	0	1.0	0	1.0	0	0	0	
0	0	0	1.0	0	1.0	0	1.0	0	0	0	
0	0	1.0	0	1.0	0	1.0	0	0	0	
0	0	0	0	0	0	0	0	0	
0	0	0	0	0	0	0	0	
0	1.0	0	1.0	0	0	0	
0	0	0	0	0	0	
1.0	0	0	0	0	
0	0	0	0	
0	0	0	
0	0	
0	

0	0	0	0	0	0	0	0	0	0	0	0	0	0	0	0	0	0	0	0	0	0	0	0	0	0	0	0	0	0	0	0	0	0	0	0	0	0	0	0	0	0	0	0	0	0	0	0	0	0	0	0	0	
0	0	0	0	0	0	0	0	0	0	0	0	0	0	0	0	0	0	0	0	0	0	0	0	0	0	0	0	0	0	0	0	0	0	0	0	0	0	0	0	0	0	0	0	0	0	0	0	0	0	0	0	
0	0	0	0	0	0	0	0	0	0	0	0	0	0	0	0	0	0	0	0	0	0	0	0	0	0	0	0	0	0	0	0	0	0	0	0	0	0	0	0	0	0	0	0	0	0	0	0	0	0	0	
0	0	0	0	0	0	0	0	0	0	0	0	0	0	0	0	0	0	0	0	0	0	0	0	0	0	0	0	0	0	0	0	0	0	0	0	0	0	0	0	0	0	0	0	0	0	0	0	0	0	
1.0	0	0	0	0	0	0	0	0	0	0	0	0	0	0	0	0	0	0	0	0	0	0	0	0	0	0	0	0	0	0	0	0	0	0	0	0	0	0	0	0	0	0	0	0	0	0	0	0	
0	0	0	0	0	0	0	0	0	0	0	0	0	0	0	0	0	0	0	0	0	0	0	0	0	0	0	0	0	0	0	0	0	0	0	0	0	0	0	0	0	0	0	0	0	0	0	0	
0	0	0	0	0	0	0	0	0	0	0	0	0	0	0	0	0	0	0	0	0	0	0	0	0	0	0	0	0	0	0	0	0	0	0	0	0	0	0	0	0	0	0	0	0	0	0	
0	0	0	0	0	0	0	0	0	0	0	0	0	0	0	0	0	0	0	0	0	0	0	0	0	0	0	0	0	0	0	0	0	0	0	0	0	0	0	0	0	0	0	0	0	0	
0	0	0	0	0	0	0	0	0	0	0	0	0	0	0	0	0	0	0	0	0	0	0	0	0	0	0	0	0	0	0	0	0	0	0	0	0	0	0	0	0	0	0	0	0	
0	0	0	0	0	0	0	0	0	0	0	0	0	0	0	0	0	0	0	0	0	0	0	0	0	0	0	0	0	0	0	0	0	0	0	0	0	0	0	0	0	0	0	0	
0	0	0	0	0	0	0	0	0	0	0	0	0	0	0	0	0	0	0	0	0	0	0	0	0	0	0	0	0	0	0	0	0	0	0	0	0	0	0	0	0	0	0	
0	0	0	0	0	0	0	0	0	0	0	0	0	0	0	0	0	0	0	0	0	0	0	0	0	0	0	0	0	0	0	0	0	0	0	0	0	0	0	0	0	0	
0	0	0	0	0	0	0	0	0	0	0	0	0	0	0	0	0	0	0	0	0	0	0	0	0	0	0	0	0	0	0	0	0	0	0	0	0	0	0	0	0	
0	0	0	0	0	0	0	0	0	0	0	0	0	0	0	0	0	0	0	0	0	0	0	0	0	0	0	0	0	0	0	0	0	0	0	0	0	0	0	0	
0	0	0	0	0	0	0	0	0	0	0	0	0	0	0	0	0	0	0	0	0	0	0	0	0	0	0	0	0	0	0	0	0	0	0	0	0	0	0	
0	0	0	0	0	0	0	0	0	0	0	0	0	0	0	0	0	0	0	0	0	0	0	0	0	0	0	0	0	0	0	0	0	0	0	0	0	0	
0	0	0	0	0	0	0	0	0	0	0	0	0	0	0	0	0	0	0	0	0	0	0	0	0	0	0	0	0	0	0	0	0	0	0	0	0	
0	0	0	0	0	0	0	0	0	0	0	0	0	0	0	0	0	0	0	0	0	0	0	0	0	0	0	0	0	0	0	0	0	0	0	0	
0	0	0	0	0	0	0	0	0	0	0	0	0	0	0	0	0	0	0	0	0	0	0	0	0	0	0	0	0	0	0	0	0	0	0	
1.0	0	0	0	0	0	0	0	0	0	0	0	0	0	0	0	0	0	0	0	0	0	0	0	0	0	0	0	0	0	0	0	0	0	
0	0	0	0	0	0	0	0	0	0	0	0	0	0	0	0	0	0	0	0	0	0	0	0	0	0	0	0	0	0	0	0	0	
0	0	0	0	0	0	0	0	0	0	0	0	0	0	0	0	0	0	0	0	0	0	0	0	0	0	0	0	0	0	0	0	
0	0	0	0	0	0	0	0	0	0	0	0	0	0	0	0	0	0	0	0	0	0	0	0	0	0	0	0	0	0	0	
0	0	0	0	0	0	0	0	0	0	0	0	0	0	0	0	0	0	0	0	0	0	0	0	0	0	0	0	0	0	
0	0	0	0	0	0	0	0	0	0	0	0	0	0	0	0	0	0	0	0	0	0	0	0	0	0	0	0	0	
0	0	0	0	0	0	0	0	0	0	0	0	0	0	0	0	0	0	0	0	0	0	0	0	0	0	0	0	
0	0	0	0	0	0	0	0	0	0	0	0	0	0	0	0	0	0	0	0	0	0	0	0	0	0	0	
0	0	0	0	0	0	0	0	0	0	0	0	0	0	0	0	0	0	0	0	0	0	0	0	0	0	
0	0	0	0	0	0	0	0	0	0	0	0	0	0	0	0	0	0	0	0	0	0	0	0	0	
0	0	0	0	0	0	0	0	0	0	0	0	0	0	0	0	0	0	0	0	0	0	0	0	
0	0	0	0	0	0	0	0	0	0	0	0	0	0	0	0	0	0	0	0	0	0	0	
0	0	0	0	0	0	0	0	0	0	0	0	0	0	0	0	0	0	0	0	0	0	
0	0	0	0	0	0	0	0	0	0	0	0	0	0	0	0	0	0	0	0	0	
0	0	0	0	0	0	0	0	0	0	0	0	0	0	0	0	0	0	0	0	
0	0	0	0	0	0	0	0	0	0	0	0	0	0	0	0	0	0	0	
0	0	0	0	0	0	0	0	0	0	0	0	0	0	0	0	0	0	
0	0	0	0	0	0	0	0	0	0	0	0	0	0	0	0	0	
0	0	0	0	0	0	0	0	0	0	0	0	0	0	0	0	
0	0	0	0	0	0	0	0	0	0	0	0	0	0	0	
1.0	0	0	0	0	0	0	0	0	0	0	0	0	0	
0	0	0	0	0	0	0	0	0	0	0	0	0	
0	0	0	0	0	0	0	0	0	0	0	0	
0	0	0	0	0	0	0	0	0	0	0	
0	0	0	0	0	0	0	0	0	0	
1.0	0	0	0	0	0	0	0	0	
0	0	0	0	0	0	0	0	
0	0	0	0	0	0	0	
0	0	0	0	0	0	
1.0	0	0	0	0	
0	0	0	0	
0	0	0	
0	0	
0	

0	0	0	0	0	0	0	0	0	0	0	1.0	0	0	0	0	0	0	0	0	0	0	0	0	0	0	0	0	0	0	0	0	0	0	0	0	0	0	0	0	0	0	0	0	0	0	0	0	0	0	0	0	0	
0	0	0	0	0	0	0	0	0	0	0	0	0	0	0	0	0	0	0	0	0	0	0	0	0	0	0	0	0	0	0	0	0	0	0	0	0	0	0	0	0	0	0	0	0	0	0	0	0	0	0	0	
0	0	0	0	0	0	0	0	0	0	0	0	0	0	0	0	0	0	0	0	0	0	0	0	0	0	0	0	0	0	0	0	0	0	0	0	0	0	0	0	0	0	0	0	0	0	0	0	0	0	0	
0	0	0	0	0	0	0	0	0	0	0	0	0	0	0	0	0	0	0	0	0	0	0	0	0	0	0	0	0	0	0	0	0	0	0	0	0	0	0	0	0	0	0	0	0	0	0	0	0	0	
0	0	0	0	0	0	0	0	0	0	0	0	0	0	0	0	0	0	0	0	0	0	0	0	0	0	0	0	0	0	0	0	0	0	0	0	0	0	0	0	0	0	0	0	0	0	0	0	0	
0	0	0	0	0	0	0	0	0	0	0	0	0	0	0	0	0	0	0	0	0	0	0	0	0	0	0	0	0	0	0	0	0	0	0	0	0	0	0	0	0	0	0	0	0	0	0	0	
0	0	0	0	0	0	0	0	0	0	0	0	0	0	0	0	0	0	0	0	0	0	0	0	0	0	0	0	0	0	0	0	0	0	0	0	0	0	0	0	0	0	0	0	0	0	0	
0	0	0	0	0	0	0	0	0	0	0	0	0	0	0	0	0	0	0	0	0	0	0	0	0	0	0	0	0	0	0	0	0	0	0	0	0	0	0	0	0	0	0	0	0	0	
0	0	0	0	0	0	0	0	0	0	0	0	0	0	0	0	0	0	0	0	0	0	0	0	0	0	0	0	0	0	0	0	0	0	0	0	0	0	0	0	0	0	0	0	0	
0	0	0	0	0	0	0	0	0	0	0	0	0	0	0	0	0	0	0	0	0	0	0	0	0	0	0	0	0	0	0	0	0	0	0	0	0	0	0	0	0	0	0	0	
0	0	0	0	0	0	0	0	0	0	0	0	0	0	0	0	0	0	0	0	0	0	0	0	0	0	0	0	0	0	0	0	0	0	0	0	0	0	0	0	0	0	0	
0	0	0	0	0	0	0	0	0	0	0	0	0	0	0	0	0	0	0	0	0	0	0	0	0	0	0	0	0	0	0	0	0	0	0	0	0	0	0	0	0	0	
0	0	0	0	0	0	0	0	0	0	0	1.0	0	0	0	0	0	0	0	1.0	0	0	0	0	0	0	0	0	0	1.0	0	0	0	0	0	0	0	0	0	0	0	
0	0	0	0	0	0	0	0	0	0	0	0	0	0	0	0	0	0	0	0	0	0	0	0	0	0	0	0	0	0	0	0	0	0	0	0	0	0	0	0	
0	0	0	0	0	0	0	0	0	0	0	0	0	0	0	0	0	0	0	0	0	0	0	0	0	0	0	0	0	0	0	0	0	0	0	0	0	0	0	
0	0	0	0	0	0	0	0	0	0	0	0	0	0	0	0	0	0	0	0	0	0	0	0	0	0	0	0	0	0	0	0	0	0	0	0	0	0	
0	0	0	0	0	0	0	0	0	0	0	0	0	0	0	0	0	0	0	0	0	0	0	0	0	0	0	0	0	0	0	0	0	0	0	0	0	
0	0	0	0	0	0	0	0	0	0	0	0	0	0	0	0	0	0	1.0	0	0	0	0	0	0	0	0	0	0	0	0	0	0	0	0	0	
0	0	0	0	0	0	0	0	0	0	0	0	0	0	0	0	0	0	0	0	0	0	0	0	0	0	0	0	0	0	0	0	0	0	0	
0	0	0	0	0	0	0	0	0	0	0	0	0	0	0	0	0	0	0	0	0	0	0	0	0	0	0	0	0	0	0	0	0	0	
0	0	0	0	0	0	0	0	0	0	0	0	0	0	0	0	0	0	0	0	0	0	0	0	0	0	0	0	0	0	0	0	0	
0	0	0	0	0	0	0	0	0	0	0	0	0	0	0	0	0	0	0	0	0	0	0	0	0	0	0	0	0	0	0	0	
0	0	0	0	0	0	0	0	0	0	0	0	0	0	0	0	0	0	0	0	0	0	0	0	0	0	0	0	0	0	0	
0	0	0	0	0	0	0	0	0	0	0	0	0	0	0	0	0	0	0	0	0	0	0	0	0	0	0	0	0	0	
0	0	0	0	0	0	0	0	0	0	0	0	0	0	0	0	0	0	0	0	0	0	0	0	0	0	0	0	0	
0	0	0	0	0	0	0	0	0	0	0	0	0	0	0	0	0	0	0	0	0	0	0	0	0	0	0	0	
0	0	0	0	0	0	0	0	0	0	0	0	0	0	0	0	0	0	0	0	0	0	0	0	0	0	0	
0	0	0	0	0	0	0	0	0	0	0	0	0	0	0	0	0	0	0	0	0	0	0	0	0	0	
0	0	0	0	0	0	0	0	0	0	0	0	0	0	0	0	0	0	0	0	0	0	0	0	0	
0	0	0	0	0	0	0	0	0	0	0	0	0	0	0	0	0	0	0	0	0	0	0	0	
0	0	0	0	0	0	0	0	0	0	0	0	0	0	0	0	0	0	0	0	0	0	0	
0	0	0	0	0	0	0	0	0	0	0	0	0	0	0	0	0	0	0	0	0	0	
0	0	0	0	0	0	0	0	0	0	0	0	0	0	0	0	0	0	0	0	0	
0	0	0	0	0	0	0	0	0	0	0	0	0	0	0	0	0	0	0	0	
0	0	0	0	0	0	0	0	0	0	0	0	0	0	0	0	0	0	0	
0	0	0	0	0	0	0	0	0	0	0	0	0	0	0	0	0	0	
0	0	0	0	0	0	0	0	0	0	0	0	0	0	0	0	0	
0	0	0	0	0	0	0	0	0	0	0	0	0	0	0	0	
0	0	0	0	0	0	0	0	0	0	0	0	0	0	0	
0	0	0	0	0	0	0	0	0	0	0	0	0	0	
0	0	0	0	0	0	0	0	0	0	0	0	0	
0	0	0	0	0	0	0	0	0	0	0	0	
0	0	0	0	0	0	0	0	0	0	0	
0	0	0	0	0	0	0	0	0	0	
0	0	0	0	0	0	0	0	0	
0	0	0	0	0	0	0	0	
0	0	0	0	0	0	0	
0	0	0	0	0	0	
0	0	0	0	0	
0	0	0	0	
0	0	0	
0	0	
0	

0	0	0	0	0	0	0	0	0	0	0	0	0	0	0	0	0	0	0	0	0	0	0	0	0	0	0	0	0	0	0	0	0	0	0	0	0	0	0	0	0	0	0	0	0	0	0	0	0	0	0	0	0	
0	0	0	0	0	0	0	0	0	0	0	0	0	0	0	0	0	0	0	0	0	0	0	0	0	0	0	0	0	0	0	0	0	0	0	0	0	0	0	0	0	0	0	0	0	0	0	0	0	0	0	0	
0	0	0	0	0	0	0	0	0	0	0	0	0	0	0	0	0	0	0	0	0	0	0	0	0	0	0	0	0	0	0	0	0	0	0	0	0	0	0	0	0	0	0	0	0	0	0	0	0	0	0	
0	0	0	0	0	0	0	0	0	0	0	0	0	0	0	0	0	0	0	0	0	0	0	0	0	0	0	0	0	0	0	0	0	0	0	0	0	0	0	0	0	0	0	0	0	0	0	0	0	0	
0	0	0	0	0	0	0	0	0	0	0	0	0	0	0	0	0	0	0	0	0	0	0	0	0	0	0	0	0	0	0	0	0	0	0	0	0	0	0	0	0	0	0	0	0	0	0	0	0	
0	0	0	0	0	0	0	0	0	0	0	0	0	0	0	0	0	0	0	0	0	0	0	0	0	0	0	0	0	0	0	0	0	0	0	0	0	0	0	0	0	0	0	0	0	0	0	0	
0	0	0	0	0	0	0	0	0	0	0	0	0	0	0	0	0	0	0	0	0	0	0	0	0	0	0	0	0	0	0	0	0	0	0	0	0	0	0	0	0	0	0	0	0	0	0	
0	0	0	0	0	0	0	0	0	0	0	0	0	0	0	0	0	0	0	0	0	0	0	0	0	0	0	0	0	0	0	0	0	0	0	0	0	0	0	0	0	0	0	0	0	0	
0	0	0	0	0	0	0	0	0	0	0	0	0	0	0	0	0	0	0	0	0	0	0	0	0	0	0	0	0	0	0	0	0	0	0	0	0	0	0	0	0	0	0	0	0	
0	0	0	0	0	0	0	0	0	0	0	0	0	0	0	0	0	0	0	0	0	0	0	0	0	0	0	0	0	0	0	0	0	0	0	0	0	0	0	0	0	0	0	0	
0	0	0	0	0	0	0	0	0	0	0	0	0	0	0	0	0	0	0	0	0	0	0	0	0	0	0	0	0	0	0	0	0	0	0	0	0	0	0	0	0	0	0	
0	0	0	0	0	0	0	0	0	0	0	0	0	0	0	0	0	0	0	0	0	0	0	0	0	0	0	0	0	0	0	0	0	0	0	0	0	0	0	0	0	0	
0	0	0	0	0	0	0	0	0	0	0	0	0	0	0	0	0	0	0	0	0	0	0	0	0	0	0	0	0	0	0	0	0	0	0	0	0	0	0	0	0	
0	0	0	0	0	0	0	0	0	0	0	0	0	0	0	0	0	0	0	0	0	0	0	0	0	0	0	0	0	0	0	0	0	0	0	0	0	0	0	0	
0	0	0	0	0	0	0	0	0	0	0	0	0	0	0	0	0	0	0	0	0	0	0	0	0	0	0	0	0	0	0	0	0	0	0	0	0	0	0	
0	0	0	0	0	0	0	0	0	0	0	0	0	0	0	0	0	0	0	0	0	0	0	0	0	0	0	0	0	0	0	0	0	0	0	0	0	0	
0	0	0	0	0	0	0	0	0	0	0	0	0	0	0	0	0	0	0	0	0	0	0	0	0	0	0	0	0	0	0	0	0	0	0	0	0	
0	0	0	0	0	0	0	0	0	0	0	0	0	0	0	0	0	0	0	0	0	0	0	0	0	0	0	0	0	0	0	0	0	0	0	0	
0	0	0	0	0	0	0	0	0	0	0	0	0	0	0	0	0	0	0	0	0	0	0	0	0	0	0	0	0	0	0	0	0	0	0	
0	0	0	0	0	0	0	0	0	0	0	0	0	0	0	0	0	0	0	0	0	0	0	0	0	0	0	0	0	0	0	0	0	0	
0	0	0	0	0	0	0	0	0	0	0	0	0	0	0	0	0	0	0	0	0	0	0	0	0	0	0	0	0	0	0	0	0	
0	0	0	0	0	0	0	0	0	0	0	0	0	0	0	0	0	0	0	0	0	0	0	0	0	0	0	0	0	0	0	0	
0	0	0	0	0	0	0	0	0	0	0	0	0	0	0	0	0	0	0	0	0	0	0	0	0	0	0	0	0	0	0	
0	0	0	0	0	0	0	0	0	0	0	0	0	0	0	0	0	0	0	0	0	0	0	0	0	0	0	0	0	0	
0	0	0	0	0	0	0	0	0	0	0	0	0	0	0	0	0	0	0	0	0	0	0	0	0	0	0	0	0	
0	0	0	0	0	0	0	0	0	0	0	0	0	0	0	0	0	0	0	0	0	0	0	0	0	0	0	0	
0	0	0	0	0	0	0	0	0	0	0	0	0	0	0	0	0	0	0	0	0	0	0	0	0	0	0	
0	0	0	0	0	0	0	0	0	0	0	0	0	0	0	0	0	0	0	0	0	0	0	0	0	0	
0	0	0	0	0	0	0	0	0	0	0	0	0	0	0	0	0	0	0	0	0	0	0	0	0	
0	0	0	0	0	0	0	0	0	0	0	0	0	0	0	0	0	0	0	0	0	0	0	0	
0	0	0	0	0	0	0	0	0	0	0	0	0	0	0	0	0	0	0	0	0	0	0	
0	0	0	0	0	0	0	0	0	0	0	0	0	0	0	0	0	0	0	0	0	0	
0	0	0	0	0	0	0	0	0	0	0	0	0	0	0	0	0	0	0	0	0	
0	0	0	0	0	0	0	0	0	0	0	0	0	0	0	0	0	0	0	0	
0	0	0	0	0	0	0	0	0	0	0	0	0	0	0	0	0	0	0	
0	0	0	0	0	0	0	0	0	0	0	0	0	0	0	0	0	0	
0	0	0	0	0	0	0	0	0	0	0	0	0	0	0	0	0	
0	0	0	0	0	0	0	0	0	0	0	0	0	0	0	0	
0	0	0	0	0	0	0	0	0	0	0	0	0	0	0	
0	0	0	0	0	0	0	0	0	0	0	0	0	0	
0	0	0	0	0	0	0	0	0	0	0	0	0	
0	0	0	0	0	0	0	0	0	0	0	0	
0	0	0	0	0	0	0	0	0	0	0	
0	0	0	0	0	0	0	0	0	0	
0	0	0	0	0	0	0	0	0	
0	0	0	0	0	0	0	0	
0	0	0	0	0	0	0	
0	0	0	0	0	0	
0	0	0	0	0	
0	0	0	0	
0	0	0	
0	0	
0	

0	0	0	0	0	0	0	0	0	0	0	0.5681588252009578	0	0	0	0	0	0	0	0	0	0	0	0	0	0	0	0	0	0	0	0	0	0	0	0	0	0	0	0	0	0	0	0	0	0	0	0	0.47062000752332206	0	0	0	0	
0	0	0	0	0	0	0	0	0	0	0	0	0.08731432851384055	0	0	0	0	0	0	0	0	0	0	0	0	0	0	0	0	0	0	0	0	0.23687246537144313	0	0	0	0.06468429075714657	0.11470804372308648	0	0	0	0	0	0	0	0	0	0	0	0	0	
0	0	0	0	0	0	0	0	0	0	0	0	0	0.43027078206622654	0	0	0	0	0.16659525596608557	0	0	0	0	0	0	0	0.2947882978399968	0	0	0	0	0	0	0	0	0	0	0	0	0	0	0	0	0	0	0	0	0	0	0	0	
0	0	0	0	0	0	0	0	0	0	0	0	0	0	0	0	0	0	0	0	0	0	0	0	0	0	0	0	0	0	0	0	0	0	0	0.12297603805414753	0.2180798550140797	0	0	0	0	0	0	0	0	0	0	0	0	0	
0	0	0.027995386022454632	0.01810002302626392	0.017613550377308176	0	0.0311921204025376	0	0	0	0	0	0	0.07713248350445676	0.10035055010181161	0.01754966267202747	0	0	0.01787405594917715	0.19132132457912604	0	0	0.0311921204025376	0	0	0	0	0	0.017722752204088976	0	0	0.07713248350445676	0.05481499039667831	0	0	0	0	0.03347749317527669	0	0	0	0.14121764018862218	0	0.06235104377944396	0	0.11696365730796175	0	0	0	
0	0	0	0	0.09598970616707446	0	0	0.09598970616707446	0	0	0	0	0	0.09833967330976888	0.09720716514606585	0	0	0	0.0503203777599118	0	0	0	0	0	0	0.04947796815821639	0	0	0	0	0	0	0.06059808553849747	0	0	0	0	0	0	0	0	0	0.07518703771353052	0.15994638790187823	0.12116151251771784	0	0	0.09598970616707446	
0	0	0	0	0	0	0	0	0.12203531532840001	0	0	0	0	0	0	0	0	0	0	0	0	0	0	0	0	0	0	0	0	0	0	0	0	0	0	0	0	0	0	0	0	0	0	0	0	0	0	
0.030812840688043987	0.13263167077396293	0	0.05310036541340604	0	0	0	0	0	0	0	0	0.13215059041754534	0	0	0.030428162307419033	0	0	0	0.05310036541340604	0.11687250985881945	0	0	0	0	0.03017058814930103	0	0	0	0.09331510595089794	0	0	0	0	0.056990903400955674	0	0	0	0.04495994826410587	0	0	0	0.03723812389388913	0	0	0	
0.12394792839592543	0	0.10197460101731556	0	0	0.22086569732961486	0	0	0	0	0.43746974812768213	0.019315860106674868	0	0	0.019672900311838267	0.08570489291878382	0.0831455961497903	0	0.10197460101731556	0	0	0	0	0	0.057939972070436566	0	0	0	0.3263014051846688	0	0	0	0.07816383523698715	0.23558373173361472	0	0	0	0.029068222105858247	0	0	0	0.024075785180945494	0	0	0	
0.07763472013659799	0.09923383907402325	0.09231305730706928	0.07763472013659799	0.060719957782780755	0	0	0	0	0.31877227985229317	0.1459438385336214	0	0	0.01914415358519293	0	0.039482883021644315	0	0.09923383907402325	0.07353139686909986	0	0	0.12005062931033993	0.08636928942201945	0.08809246801541616	0	0	0	0.11654854775600006	0	0	0	0.07423444430238359	0.1065044673938503	0	0	0	0.07554054196969988	0	0.18610346177489118	0.07646518860107035	0.023428702523886492	0	0	0.07763472013659799	
0	0	0.9999999999999998	0	0	0	0	0	0.07825432366453515	0.07735312420543199	0	0	0	0.10025885676614706	0.09726495339090174	0	0	0	0	0.1287564377578731	0.1971608618012607	0	0.17025141929583731	0.44660607013356257	0	0	0	0	0	0	0	0	0.11701114264530339	0	0	0.1164078525402309	0	0	0	0.0964149248938399	0	0	0.9999999999999998	
0	0	0	0	0	0	0	0	0.03328739600229888	0	0	0.033902690306170394	0	0	0	0.5101426447316364	0	0	0	0	0	0.09984907656295769	0	0	0	0.20639770270448127	0	0	0	0	0.18861047881845755	0	0	0	0.05009383040551801	0	0	0	0.04149026711512937	0	0	0	
0	0	0	0	0	0	0.0465249044001174	0.04598911012426432	0	0	0	0	0	0	0	0	0	0	0.05860947879424051	0.06324905249477283	0	0	0	0	0	0	0	0	0.05436258994397511	0	0	0	0	0	0.12148851954797446	0.05922560382113583	0.8283247335933993	0	0	0	0	
0	0	0	0	0	0.07825432366453515	0.07735312420543199	0	0	0	0.10025885676614706	0.09726495339090174	0	0	0	0	0.1287564377578731	0.1971608618012607	0	0.17025141929583731	0.44660607013356257	0	0	0	0	0	0	0	0	0.11701114264530339	0	0	0.1164078525402309	0	0	0	0.0964149248938399	0	0	0.9999999999999998	
0	0	0	0	0.2166448650701123	0.09989118225317295	0	0	0	0.1294708628332128	0	0	0	0	0	0	0	0	0	0	0	0	0	0	0.042293106428728126	0.07500058274776242	0	0	0	0	0	0	0	0	0	0	0	0	0	
0	0	0	0	0	0	0	0	0	0	0	0	0	0	0	0	0	0	0	0	0	0	0	0	0	0	0	0	0	0	0	0	0	0	0	0	0	0	
0	0	0	0	0.1370761557977219	0	0	0	0	0	0	0	0.24255460581834787	0	0	0	0	0	0	0	0	0	0	0	0	0	0	0	0	0	0	0	0	0	0	0	0	
0	0	0	0	0	0.07893260724986353	0	0.09744972827137548	0	0	0	0	0	0	0	0	0	0	0	0.12103268896238502	0	0	0	0	0	0	0	0	0	0	0	0	0	0	0	0	
0	0	0	0	0	0.10668838181613592	0	0	0	0	0	0	0	0	0	0	0	0.6064376562432583	0	0	0	0	0	0	0	0	0	0	0.1316680827969846	0.10600509265737819	0	0	0	0	0	
0.11089749447151004	0	0	0	0.12509005267394838	0.08155665038452341	0	0	0	0	0	0.08067250310731178	0.04352930182020746	0	0	0	0	0.20258693120858048	0.049401778467026376	0	0	0.1140835480216745	0.1237271512382949	0	0	0	0	0	0.2081237005216844	0.03853772904268561	0.09877530200731408	0	0	0.07825432366453515	
0	0	0.019074714090264348	0.040550581790007235	0	0	0.03328739600229888	0.0732646844737327	0	0	0.07974345519327611	0.15499736983587198	0.018913246783316812	0	0	0	0.0584970905680397	0.048832853276080085	0	0	0.03698259090996918	0.03572628465485899	0	0	0.07080983540357118	0.028184355991876502	0	0.10088020724173197	0.03809391739187874	0.12098149917044095	0	0	0.07735312420543199	
0	0	0	0	0	0	0	0.5651352417540977	0	0	0	0	0	0	0	0	0	0	0	0	0	0	0	0	0	0.12243674828804824	0	0	0	0	0	0	
0	0	0	0	0	0	0	0	0	0	0	0	0	0	0	0	0	0	0	0	0	0	0	0	0	0	0	0	0	0	0	
0	0.0821075771755966	0	0.033902690306170394	0	0	0	0.13740147387086846	0	0.019262844961939356	0	0	0	0.16155608589096976	0	0	0	0	0.03638666011484117	0	0	0	0.028705324159494384	0	0	0	0.023775214579570398	0	0	0	
0.13268554325215018	0	0	0	0	0	0.0516785051307527	0	0	0	0	0.10668838181613592	0	0	0	0	0	0.15851830484486634	0	0	0	0	0	0.22213671603486176	0	0.05054328881793902	0	0	0.10025885676614706	
0	0	0.11698307367525287	0	0	0.05013529532436645	0	0.1431087627435399	0	0	0	0.25180216886263274	0	0	0	0	0	0	0	0	0.059201831558868344	0	0.13183575444024076	0	0	0	0	0.09726495339090174	
0	0	0	0	0	0	0	0	0	0	0	0	0	0	0	0	0	0	0	0	0	0	0	0	0	0	0	
0	0	0	0	0	0.09984907656295769	0	0	0	0.20639770270448127	0	0	0	0	0.18861047881845755	0	0	0	0.05009383040551801	0	0	0	0.04149026711512937	0	0	0	
0	0	0	0	0.09395218749139259	0	0	0	0	0	0	0	0	0	0	0	0	0	0	0	0	0	0	0	0	
0	0	0	0	0	0	0	0	0	0	0	0	0	0	0	0	0	0.21665035064531168	0	0	0	0	0	0	
0	0	0.052590304610679275	0.09312320123210298	0	0	0	0	0	0	0	0	0.06678924064616583	0	0	0	0	0	0	0	0	0	0.1287564377578731	
0.240375152201666	0.04026497610523681	0	0	0	0	0	0	0	0.04713138331742366	0	0	0	0	0.060002517471269314	0	0.05134752848928949	0.04854768090828725	0.04969714747924231	0	0	0.1971608618012607	
0	0	0	0	0	0	0	0	0.05086234170517707	0	0	0	0.09738511974867968	0	0	0.05541224033568885	0.05239075455776763	0	0	0	0	
0.06663698591709663	0	0	0.11727113429028568	0	0	0	0	0.10716478187619954	0.04779296275757575	0	0	0.07600888395654488	0	0	0	0.023573957572409158	0	0	0.17025141929583731	
0	0	0	0	0	0	0	0	0.3274023166836991	0	0	0	0.19216356246707306	0	0	0	0	0	0.44660607013356257	
0	0	0	0	0	0	0	0	0	0	0	0	0	0	0	0	0	0	
0	0	0	0	0	0	0	0	0	0	0.1316680827969846	0.10600509265737819	0	0	0	0	0	
0.17159127144317796	0	0	0.11835758086235383	0.22151997345842286	0	0	0	0.08803161815148394	0	0	0	0.07291227925904044	0	0	0	
0	0	0	0	0	0	0	0	0	0.06288782743936687	0	0.060866525164015785	0	0	0	
0.42952051326010304	0	0	0	0	0	0	0	0	0	0	0	0	0	
0	0	0	0	0	0	0	0	0	0	0	0	0	
0	0	0	0	0	0	0.047626846259791855	0.04502987783279038	0	0	0	0	
0	0	0	0.053764086695041256	0	0	0	0.04453016070283412	0	0	0	
0	0	0	0	0	0	0	0	0	0.11701114264530339	
0	0	0	0	0	0	0	0	0	
0	0	0	0	0	0	0	0	
0	0	0	0.18784095268872766	0	0	0.1164078525402309	
0	0.10063194558923241	0	0	0	0	
0.04905803250705054	0.07552010401535007	0	0	0	
0	0	0.10518928861256195	0	
0	0	0.0964149248938399	
0	0	
0	

0	0	0	0	0	0	0	0	0	0	0	0	0	0	0	0	0	0	0	0	0	0	0	0	0	0	0	0	0	0	0	0	0	0	0	0	0	0	0	0	0	0	0	0	0	0	0	0	0	0	0	0	0	
0	0	0	0	0	0	0	0	0	0	0	0	0	0	0	0	0	0	0	0	0	0	0	0	0	0	0	0	0	0	0	0	0	0	0	0	0	0	0	0	0	0	0	0	0	0	0	0	0	0	0	0	
0	0	0	0	0	0	0	0	0	0	0	0	0	0	0	0	0	0	0	0	0	0	0	0	0	0	0	0	0	0	0	0	0	0	0	0	0	0	0	0	0	0	0	0	0	0	0	0	0	0	0	
0	0	0	0	0	0	0	0	0	0	0	0	0	0	0	0	0	0	0	0	0	0	0	0	0	0	0	0	0	0	0	0	0	0	0	0	0	0	0	0	0	0	0	0	0	0	0	0	0	0	
0	0	0	0	0	0	0	0	0	0	0	0	0	0	0	0	0	0	0	0	0	0	0	0	0	0	0	0	0	0	0	0	0	0	0	0	0	0	0	0	0	0	0	0	0	0	0	0	0	
0	0	0	0	0	0	0	0	0	0	0	0	0	0	0	0	0	0	0	0	0	0	0	0	0	0	0	0	0	0	0	0	0	0	0	0	0	0	0	0	0	0	0	0	0	0	0	0	
0	0	0	0	0	0	0	0	0	0	0	0	0	0	0	0	0	0	0	0	0	0	0	0	0	0	0	0	0	0	0	0	0	0	0	0	0	0	0	0	0	0	0	0	0	0	0	
0	0	0	0	0	0	0	0	0	0	0	0	0	0	0	0	0	0	0	0	0	0	0	0	0	0	0	0	0	0	0	0	0	0	0	0	0	0	0	0	0	0	0	0	0	0	
0	0	0	0	0	0	0	0	0	0	0	0	0	0	0	0	0	0	0	0	0	0	0	0	0	0	0	0	0	0	0	0	0	0	0	0	0	0	0	0	0	0	0	0	0	
0	0	0	0	0	0	0	0	0	0	0	0	0	0	0	0	0	0	0	0	0	0	0	0	0	0	0	0	0	0	0	0	0	0	0	0	0	0	0	0	0	0	0	0	
0	0	0	0	0	0	0	0	0	0	0	0	0	0	0	0	0	0	0	0	0	0	0	0	0	0	0	0	0	0	0	0	0	0	0	0	0	0	0	0	0	0	0	
0	0	0	0	0	0	0	0	0	0	0	0	0	0	0	0	0	0	0	0	0	0	0	0	0	0	0	0	0	0	0	0	0	0	0	0	0	0	0	0	0	0	
0	0	0	0	0	0	0	0	0	0	0	0	0	0	0	0	0	0	0	0	0	0	0	0	0	0	0	0	0	0	0	0	0	0	0	0	0	0	0	0	0	
0	0	0	0	0	0	0	0	0	0	0	0	0	0	0	0	0	0	0	0	0	0	0	0	0	0	0	0	0	0	0	0	0	0	0	0	0	0	0	0	
0	0	0	0	0	0	0	0	0	0	0	0	0	0	0	0	0	0	0	0	0	0	0	0	0	0	0	0	0	0	0	0	0	0	0	0	0	0	0	
0	0	0	0	0	0	0	0	0	0	0	0	0	0	0	0	0	0	0	0	0	0	0	0	0	0	0	0	0	0	0	0	0	0	0	0	0	0	
0	0	0	0	0	0	0	0	0	0	0	0	0	0	0	0	0	0	0	0	0	0	0	0	0	0	0	0	0	0	0	0	0	0	0	0	0	
0	0	0	0	0	0	0	0	0	0	0	0	0	0	0	0	0	0	0	0	0	0	0	0	0	0	0	0	0	0	0	0	0	0	0	0	
0	0	0	0	0	0	0	0	0	0	0	0	0	0	0	0	0	0	0	0	0	0	0	0	0	0	0	0	0	0	0	0	0	0	0	
0	0	0	0	0	0	0	0	0	0	0	0	0	0	0	0	0	0	0	0	0	0	0	0	0	0	0	0	0	0	0	0	0	0	
0	0	0	0	0	0	0	0	0	0	0	0	0	0	0	0	0	0	0	0	0	0	0	0	0	0	0	0	0	0	0	0	0	
0	0	0	0	0	0	0	0	0	0	0	0	0	0	0	0	0	0	0	0	0	0	0	0	0	0	0	0	0	0	0	0	
0	0	0	0	0	0	0	0	0	0	0	0	0	0	0	0	0	0	0	0	0	0	0	0	0	0	0	0	0	0	0	
0	0	0	0	0	0	0	0	0	0	0	0	0	0	0	0	0	0	0	0	0	0	0	0	0	0	0	0	0	0	
0	0	0	0	0	0	0	0	0	0	0	0	0	0	0	0	0	0	0	0	0	0	0	0	0	0	0	0	0	
0	0	0	0	0	0	0	0	0	0	0	0	0	0	0	0	0	0	0	0	0	0	0	0	0	0	0	0	
0	0	0	0	0	0	0	0	0	0	0	0	0	0	0	0	0	0	0	0	0	0	0	0	0	0	0	
0	0	0	0	0	0	0	0	0	0	0	0	0	0	0	0	0	0	0	0	0	0	0	0	0	0	
0	0	0	0	0	0	0	0	0	0	0	0	0	0	0	0	0	0	0	0	0	0	0	0	0	
0	0	0	0	0	0	0	0	0	0	0	0	0	0	0	0	0	0	0	0	0	0	0	0	
0	0	0	0	0	0	0	0	0	0	0	0	0	0	0	0	0	0	0	0	0	0	0	
0	0	0	0	0	0	0	0	0	0	0	0	0	0	0	0	0	0	0	0	0	0	
0	0	0	0	0	0	0	0	0	0	0	0	0	0	0	0	0	0	0	0	0	
0	0	0	0	0	0	0	0	0	0	0	0	0	0	0	0	0	0	0	0	
0	0	0	0	0	0	0	0	0	0	0	0	0	0	0	0	0	0	0	
0	0	0	0	0	0	0	0	0	0	0	0	0	0	0	0	0	0	
0	0	0	0	0	0	0	0	0	0	0	0	0	0	0	0	0	
0	0	0	0	0	0	0	0	0	0	0	0	0	0	0	0	
0	0	0	0	0	0	0	0	0	0	0	0	0	0	0	
0	0	0	0	0	0	0	0	0	0	0	0	0	0	
0	0	0	0	0	0	0	0	0	0	0	0	0	
0	0	0	0	0	0	0	0	0	0	0	0	
0	0	0	0	0	0	0	0	0	0	0	
0	0	0	0	0	0	0	0	0	0	
0	0	0	0	0	0	0	0	0	
0	0	0	0	0	0	0	0	
0	0	0	0	0	0	0	
0	0	0	0	0	0	
0	0	0	0	0	
0	0	0	0	
0	0	0	
0	0	
0	

