0 1 0.0
0 2 0.0
0 3 0.0
0 4 0.0
0 5 0.0
0 6 0.0
0 7 0.0
0 8 0.0
0 9 0.0
0 10 0.0
0 11 0.0
0 12 0.5600318084291437
0 13 0.0
0 14 0.0
0 15 0.0
0 16 0.0
0 17 0.0
0 18 0.0
0 19 0.0
0 20 0.0
0 21 0.0
0 22 0.0
0 23 0.0
0 24 0.0
0 25 0.0
0 26 0.0
0 27 0.0
0 28 0.0
0 29 0.0
0 30 0.0
0 31 0.0
0 32 0.0
0 33 0.0
0 34 0.0
0 35 0.0
0 36 0.0
0 37 0.0
0 38 0.0
0 39 0.0
0 40 0.0
0 41 0.0
0 42 0.0
0 43 0.0
0 44 0.0
0 45 0.0
0 46 0.0
0 47 0.0
0 48 0.0
0 49 0.5113453067432904
0 50 0.0
0 51 0.0
0 52 0.0
0 53 0.0
1 2 0.0
1 3 0.0
1 4 0.0
1 5 0.0
1 6 0.0
1 7 0.0
1 8 0.0
1 9 0.0
1 10 0.0
1 11 0.0
1 12 0.0
1 13 0.0
1 14 0.04082340292828397
1 15 0.0
1 16 0.0
1 17 0.0
1 18 0.0
1 19 0.0
1 20 0.0
1 21 0.0
1 22 0.0
1 23 0.0
1 24 0.0
1 25 0.0
1 26 0.0
1 27 0.0
1 28 0.0
1 29 0.0
1 30 0.0
1 31 0.0
1 32 0.0
1 33 0.0
1 34 0.0
1 35 0.39702077346844744
1 36 0.0
1 37 0.0
1 38 0.0
1 39 0.031997938738712095
1 40 0.05855857397583023
1 41 0.0
1 42 0.0
1 43 0.0
1 44 0.0
1 45 0.0
1 46 0.0
1 47 0.0
1 48 0.0
1 49 0.0
1 50 0.0
1 51 0.0
1 52 0.0
1 53 0.0
2 3 0.0
2 4 0.0
2 5 0.0
2 6 0.0
2 7 0.0
2 8 0.0
2 9 0.0
2 10 0.0
2 11 0.0
2 12 0.0
2 13 0.0
2 14 0.0
2 15 0.0
2 16 0.6670955671019315
2 17 0.0
2 18 0.0
2 19 0.0
2 20 0.0
2 21 0.621082604655763
2 22 0.0
2 23 0.0
2 24 0.0
2 25 0.0
2 26 0.0
2 27 0.0
2 28 0.0
2 29 0.8502936067200181
2 30 0.0
2 31 0.0
2 32 0.0
2 33 0.0
2 34 0.0
2 35 0.0
2 36 0.0
2 37 0.0
2 38 0.0
2 39 0.0
2 40 0.0
2 41 0.0
2 42 0.0
2 43 0.0
2 44 0.0
2 45 0.0
2 46 0.0
2 47 0.2167868495341139
2 48 0.0
2 49 0.0
2 50 0.0
2 51 0.0
2 52 0.0
2 53 0.0
3 4 0.0
3 5 0.0
3 6 0.0
3 7 0.0
3 8 0.0
3 9 0.0
3 10 0.0
3 11 0.0
3 12 0.0
3 13 0.0
3 14 0.0
3 15 0.0
3 16 0.0
3 17 0.0
3 18 0.0
3 19 0.0
3 20 0.0
3 21 0.0
3 22 0.0
3 23 0.0
3 24 0.0
3 25 0.0
3 26 0.0
3 27 0.0
3 28 0.0
3 29 0.0
3 30 0.0
3 31 0.0
3 32 0.0
3 33 0.0
3 34 0.0
3 35 0.0
3 36 0.0
3 37 0.0
3 38 0.0
3 39 0.1441877289890348
3 40 0.2638741158722276
3 41 0.0
3 42 0.0
3 43 0.0
3 44 0.0
3 45 0.0
3 46 0.0
3 47 0.0
3 48 0.0
3 49 0.0
3 50 0.0
3 51 0.0
3 52 0.0
3 53 0.0
4 5 0.0
4 6 0.0
4 7 0.10743502883755957
4 8 0.1865583216472353
4 9 0.17399679870409912
4 10 0.0
4 11 0.3541264381588974
4 12 0.0
4 13 0.0
4 14 0.0
4 15 0.0
4 16 0.0
4 17 0.0
4 18 0.04010864372155978
4 19 0.04323939831748877
4 20 0.08406420164103146
4 21 0.0
4 22 0.0
4 23 0.09933263753598082
4 24 0.10437129472206859
4 25 0.0
4 26 0.0
4 27 0.285409429252842
4 28 0.0
4 29 0.0
4 30 0.0
4 31 0.0
4 32 0.0
4 33 0.20785033720865836
4 34 0.0
4 35 0.0
4 36 0.03564412544547492
4 37 0.35706000725534226
4 38 0.0
4 39 0.0
4 40 0.0
4 41 0.0
4 42 0.31596875751766496
4 43 0.0
4 44 0.0
4 45 0.0
4 46 0.31052986123741144
4 47 0.0
4 48 0.028818251276343604
4 49 0.0
4 50 0.2556668360283988
4 51 0.0
4 52 0.0
4 53 0.0
5 6 0.0
5 7 0.0
5 8 0.0
5 9 0.0
5 10 0.1728819176667975
5 11 0.0
5 12 0.0
5 13 0.1728819176667975
5 14 0.0
5 15 0.0
5 16 0.0
5 17 0.0
5 18 0.0
5 19 0.11203104942284402
5 20 0.12182678282145923
5 21 0.0
5 22 0.0
5 23 0.0
5 24 0.10597860453040518
5 25 0.0
5 26 0.0
5 27 0.0
5 28 0.0
5 29 0.0
5 30 0.0
5 31 0.09866859263204199
5 32 0.0
5 33 0.0
5 34 0.0
5 35 0.0
5 36 0.0
5 37 0.0
5 38 0.05047499738144564
5 39 0.0
5 40 0.0
5 41 0.0
5 42 0.0
5 43 0.0
5 44 0.0
5 45 0.0
5 46 0.0
5 47 0.0
5 48 0.055351274120563954
5 49 0.08527427076450751
5 50 0.14707958282222075
5 51 0.0
5 52 0.0
5 53 0.1728819176667975
6 7 0.0
6 8 0.0
6 9 0.0
6 10 0.0
6 11 0.0
6 12 0.0
6 13 0.0
6 14 0.0
6 15 0.10898213822572374
6 16 0.0
6 17 0.0
6 18 0.0
6 19 0.0
6 20 0.0
6 21 0.0
6 22 0.0
6 23 0.0
6 24 0.0
6 25 0.0
6 26 0.0
6 27 0.0
6 28 0.0
6 29 0.0
6 30 0.0
6 31 0.0
6 32 0.0
6 33 0.0
6 34 0.0
6 35 0.0
6 36 0.0
6 37 0.0
6 38 0.0
6 39 0.0
6 40 0.0
6 41 0.0
6 42 0.0
6 43 0.0
6 44 0.0
6 45 0.0
6 46 0.0
6 47 0.0
6 48 0.0
6 49 0.0
6 50 0.0
6 51 0.0
6 52 0.0
6 53 0.0
7 8 0.25452804010079383
7 9 0.23738991521219557
7 10 0.0
7 11 0.17463933086642217
7 12 0.0
7 13 0.0
7 14 0.0
7 15 0.0
7 16 0.0
7 17 0.0
7 18 0.0
7 19 0.0
7 20 0.28892544479316895
7 21 0.0
7 22 0.0
7 23 0.12340403634968217
7 24 0.0
7 25 0.0
7 26 0.0
7 27 0.14075117352666786
7 28 0.19811476735380307
7 29 0.0
7 30 0.0
7 31 0.0
7 32 0.0
7 33 0.10250249599888084
7 34 0.0
7 35 0.0
7 36 0.0
7 37 0.25209896689937455
7 38 0.0
7 39 0.0
7 40 0.0
7 41 0.0
7 42 0.15582166831277405
7 43 0.0
7 44 0.0
7 45 0.0
7 46 0.15313944777037797
7 47 0.0
7 48 0.0
7 49 0.0
7 50 0.12608345595676904
7 51 0.0
7 52 0.0
7 53 0.0
8 9 0.3534445282384104
8 10 0.0
8 11 0.30325696202210844
8 12 0.0
8 13 0.0
8 14 0.3709088114135151
8 15 0.0
8 16 0.0
8 17 0.0
8 18 0.0
8 19 0.5087606573373571
8 20 0.19915940562254805
8 21 0.0
8 22 0.0
8 23 0.08506372482499708
8 24 0.06223212382705925
8 25 0.08034074584967203
8 26 0.0
8 27 0.24441099878807826
8 28 0.13656263241016448
8 29 0.0
8 30 0.0
8 31 0.0
8 32 0.0
8 33 0.17799309801570337
8 34 0.0
8 35 0.0
8 36 0.0
8 37 0.4411076244608691
8 38 0.0
8 39 0.0
8 40 0.0
8 41 0.05921393918892034
8 42 0.3366356355787094
8 43 0.0
8 44 0.0
8 45 0.0
8 46 0.2659229365240158
8 47 0.0
8 48 0.0
8 49 0.0
8 50 0.21894086300607588
8 51 0.0
8 52 0.0
8 53 0.0
9 10 0.04240191021394322
9 11 0.28283777486137884
9 12 0.12931267393775278
9 13 0.04240191021394322
9 14 0.1060479710331093
9 15 0.0
9 16 0.0
9 17 0.0
9 18 0.0
9 19 0.37742904851990516
9 20 0.2754277902963093
9 21 0.0
9 22 0.0
9 23 0.07933613292996324
9 24 0.0
9 25 0.023192410402655173
9 26 0.0
9 27 0.22795408417969812
9 28 0.12736746692492235
9 29 0.0
9 30 0.0
9 31 0.14156431184658214
9 32 0.12596466481514665
9 33 0.18415727981937913
9 34 0.0
9 35 0.0
9 36 0.0
9 37 0.285180791553254
9 38 0.0
9 39 0.0
9 40 0.0
9 41 0.2360808111924977
9 42 0.25236155980512054
9 43 0.0
9 44 0.0
9 45 0.0
9 46 0.27513226736198315
9 47 0.0
9 48 0.22848649304727037
9 49 0.11807084512925724
9 50 0.2041989278859621
9 51 0.0
9 52 0.0
9 53 0.04240191021394322
10 11 0.0
10 12 0.0
10 13 0.9999999999999998
10 14 0.0
10 15 0.0
10 16 0.0
10 17 0.0
10 18 0.0
10 19 0.13640118928890135
10 20 0.14832779081956304
10 21 0.0
10 22 0.0
10 23 0.0
10 24 0.20850200418171594
10 25 0.06472744923203581
10 26 0.0
10 27 0.0
10 28 0.0
10 29 0.0
10 30 0.12328836391792079
10 31 0.2616597374205992
10 32 0.0
10 33 0.14270222995954424
10 34 0.43947067372247844
10 35 0.0
10 36 0.0
10 37 0.0
10 38 0.0
10 39 0.0
10 40 0.0
10 41 0.0
10 42 0.0
10 43 0.11816851615476619
10 44 0.0
10 45 0.0
10 46 0.0756741468406497
10 47 0.0
10 48 0.0
10 49 0.0
10 50 0.17907383819414271
10 51 0.0
10 52 0.0
10 53 0.9999999999999998
11 12 0.0
11 13 0.0
11 14 0.0
11 15 0.0
11 16 0.0
11 17 0.0
11 18 0.0
11 19 0.0
11 20 0.13664924823175767
11 21 0.0
11 22 0.0
11 23 0.16146861540577764
11 24 0.0
11 25 0.0
11 26 0.0
11 27 0.7281474057408479
11 28 0.0
11 29 0.0
11 30 0.0
11 31 0.0
11 32 0.0
11 33 0.3378678649154896
11 34 0.0
11 35 0.0
11 36 0.0
11 37 0.5804133104531056
11 38 0.0
11 39 0.0
11 40 0.0
11 41 0.0
11 42 0.5136180721002285
11 43 0.0
11 44 0.0
11 45 0.0
11 46 0.5047769593150168
11 47 0.0
11 48 0.0
11 49 0.0
11 50 0.4155952267322821
11 51 0.0
11 52 0.0
11 53 0.0
12 13 0.0
12 14 0.0
12 15 0.0
12 16 0.0
12 17 0.0
12 18 0.0
12 19 0.07236528056870806
12 20 0.07869273174781405
12 21 0.0
12 22 0.0
12 23 0.0
12 24 0.0
12 25 0.0
12 26 0.0
12 27 0.0
12 28 0.0
12 29 0.0
12 30 0.0
12 31 0.10298715574926348
12 32 0.11053393291818461
12 33 0.0
12 34 0.0
12 35 0.0
12 36 0.0
12 37 0.0
12 38 0.0
12 39 0.0
12 40 0.0
12 41 0.09692313846076842
12 42 0.0
12 43 0.0
12 44 0.0
12 45 0.0
12 46 0.0
12 47 0.09839013278299331
12 48 0.09380528595345548
12 49 0.9130647564065761
12 50 0.0
12 51 0.0
12 52 0.0
12 53 0.0
13 14 0.0
13 15 0.0
13 16 0.0
13 17 0.0
13 18 0.0
13 19 0.13640118928890135
13 20 0.14832779081956304
13 21 0.0
13 22 0.0
13 23 0.0
13 24 0.20850200418171594
13 25 0.06472744923203581
13 26 0.0
13 27 0.0
13 28 0.0
13 29 0.0
13 30 0.12328836391792079
13 31 0.2616597374205992
13 32 0.0
13 33 0.14270222995954424
13 34 0.43947067372247844
13 35 0.0
13 36 0.0
13 37 0.0
13 38 0.0
13 39 0.0
13 40 0.0
13 41 0.0
13 42 0.0
13 43 0.11816851615476619
13 44 0.0
13 45 0.0
13 46 0.0756741468406497
13 47 0.0
13 48 0.0
13 49 0.0
13 50 0.17907383819414271
13 51 0.0
13 52 0.0
13 53 0.9999999999999998
14 15 0.0
14 16 0.0
14 17 0.0
14 18 0.0
14 19 0.38718001860128454
14 20 0.024556956947016
14 21 0.0
14 22 0.0
14 23 0.0
14 24 0.11132795642385557
14 25 0.0
14 26 0.0
14 27 0.0
14 28 0.0
14 29 0.0
14 30 0.0
14 31 0.0
14 32 0.0
14 33 0.0
14 34 0.0
14 35 0.0
14 36 0.0
14 37 0.0
14 38 0.0
14 39 0.019708017965467436
14 40 0.036067117865676214
14 41 0.0
14 42 0.0
14 43 0.0
14 44 0.0
14 45 0.0
14 46 0.0
14 47 0.0
14 48 0.0
14 49 0.0
14 50 0.0
14 51 0.0
14 52 0.0
14 53 0.0
15 16 0.0
15 17 0.0
15 18 0.0
15 19 0.0
15 20 0.0
15 21 0.0
15 22 0.0
15 23 0.0
15 24 0.0
15 25 0.0
15 26 0.0
15 27 0.0
15 28 0.0
15 29 0.0
15 30 0.0
15 31 0.0
15 32 0.0
15 33 0.0
15 34 0.0
15 35 0.0
15 36 0.0
15 37 0.0
15 38 0.0
15 39 0.0
15 40 0.0
15 41 0.0
15 42 0.0
15 43 0.0
15 44 0.0
15 45 0.0
15 46 0.0
15 47 0.0
15 48 0.0
15 49 0.0
15 50 0.0
15 51 0.0
15 52 0.0
15 53 0.0
16 17 0.0
16 18 0.0
16 19 0.0
16 20 0.0
16 21 0.5730593370885531
16 22 0.0
16 23 0.0
16 24 0.0
16 25 0.0
16 26 0.0
16 27 0.0
16 28 0.0
16 29 0.7845473161620402
16 30 0.0
16 31 0.0
16 32 0.0
16 33 0.0
16 34 0.0
16 35 0.0
16 36 0.0
16 37 0.0
16 38 0.0
16 39 0.0
16 40 0.0
16 41 0.0
16 42 0.0
16 43 0.0
16 44 0.0
16 45 0.0
16 46 0.0
16 47 0.20002448523315353
16 48 0.0
16 49 0.0
16 50 0.0
16 51 0.0
16 52 0.0
16 53 0.0
17 18 0.0
17 19 0.0
17 20 0.0
17 21 0.0
17 22 0.0
17 23 0.11652878386675665
17 24 0.0
17 25 0.12368922975947319
17 26 0.0
17 27 0.0
17 28 0.0
17 29 0.0
17 30 0.0
17 31 0.0
17 32 0.0
17 33 0.0
17 34 0.0
17 35 0.0
17 36 0.0
17 37 0.11902684424197733
17 38 0.0
17 39 0.0
17 40 0.0
17 41 0.0
17 42 0.0
17 43 0.0
17 44 0.0
17 45 0.0
17 46 0.0
17 47 0.0
17 48 0.0
17 49 0.0
17 50 0.0
17 51 0.0
17 52 0.0
17 53 0.0
18 19 0.0
18 20 0.0
18 21 0.0
18 22 0.0
18 23 0.0
18 24 0.05480602037407829
18 25 0.0
18 26 0.0
18 27 0.0
18 28 0.0
18 29 0.0
18 30 0.0
18 31 0.0
18 32 0.0
18 33 0.0
18 34 0.0
18 35 0.0
18 36 0.6989371759443533
18 37 0.0
18 38 0.0
18 39 0.0
18 40 0.0
18 41 0.0
18 42 0.0
18 43 0.0
18 44 0.0
18 45 0.0
18 46 0.0
18 47 0.12343970745057295
18 48 0.04647648256379502
18 49 0.0
18 50 0.0
18 51 0.0
18 52 0.0
18 53 0.0
19 20 0.14630481111649996
19 21 0.0
19 22 0.0
19 23 0.0
19 24 0.14857765106870896
19 25 0.08386517255810774
19 26 0.0
19 27 0.0
19 28 0.0
19 29 0.0
19 30 0.0
19 31 0.143526829680381
19 32 0.07049168525800702
19 33 0.0
19 34 0.0
19 35 0.0
19 36 0.0
19 37 0.1412755885597796
19 38 0.03982400105864641
19 39 0.0
19 40 0.0
19 41 0.2642286114516051
19 42 0.06895282470700913
19 43 0.0
19 44 0.0
19 45 0.0
19 46 0.0
19 47 0.0
19 48 0.23957694327194617
19 49 0.06607418727476096
19 50 0.11604354167179226
19 51 0.0
19 52 0.0
19 53 0.13640118928890135
20 21 0.0
20 22 0.0
20 23 0.0965593988037366
20 24 0.09092664227864548
20 25 0.0
20 26 0.0
20 27 0.11013293485914781
20 28 0.15501796696194237
20 29 0.0
20 30 0.0
20 31 0.15607648057038492
20 32 0.12132484315834431
20 33 0.080204664955109
20 34 0.0
20 35 0.0
20 36 0.0
20 37 0.19725873968878002
20 38 0.04330611873268764
20 39 0.0
20 40 0.0
20 41 0.06721622384449072
20 42 0.12192507682845714
20 43 0.0
20 44 0.0
20 45 0.02980855077486285
20 46 0.11982633183847234
20 47 0.0
20 48 0.11254381837213265
20 49 0.07185155994428588
20 50 0.22484607018306976
20 51 0.0
20 52 0.0
20 53 0.14832779081956304
21 22 0.0
21 23 0.0
21 24 0.0
21 25 0.0
21 26 0.0
21 27 0.0
21 28 0.0
21 29 0.7304331112773745
21 30 0.0
21 31 0.0
21 32 0.0
21 33 0.0
21 34 0.0
21 35 0.0
21 36 0.0
21 37 0.0
21 38 0.0
21 39 0.0
21 40 0.0
21 41 0.0
21 42 0.0
21 43 0.0
21 44 0.0
21 45 0.0
21 46 0.0
21 47 0.18622778265974105
21 48 0.0
21 49 0.0
21 50 0.0
21 51 0.0
21 52 0.0
21 53 0.0
22 23 0.0
22 24 0.0
22 25 0.0
22 26 0.0
22 27 0.0
22 28 0.0
22 29 0.0
22 30 0.0
22 31 0.0
22 32 0.0
22 33 0.0
22 34 0.0
22 35 0.0
22 36 0.0
22 37 0.0
22 38 0.0
22 39 0.0
22 40 0.0
22 41 0.0
22 42 0.0
22 43 0.0
22 44 0.0
22 45 0.0
22 46 0.0
22 47 0.0
22 48 0.0
22 49 0.0
22 50 0.0
22 51 0.0
22 52 0.0
22 53 0.0
23 24 0.0
23 25 0.12405584125458441
23 26 0.0
23 27 0.13013618978804214
23 28 0.0
23 29 0.0
23 30 0.0
23 31 0.13431395876998853
23 32 0.0
23 33 0.09477209986125637
23 34 0.0
23 35 0.0
23 36 0.0
23 37 0.3524661407709996
23 38 0.0
23 39 0.0
23 40 0.0
23 41 0.0
23 42 0.1440701181564108
23 43 0.0
23 44 0.0
23 45 0.0
23 46 0.14159018173518795
23 47 0.0
23 48 0.0
23 49 0.0
23 50 0.11657466252253701
23 51 0.0
23 52 0.0
23 53 0.0
24 25 0.1281957778416065
24 26 0.0
24 27 0.0
24 28 0.0
24 29 0.0
24 30 0.0
24 31 0.118997981924405
24 32 0.0
24 33 0.0
24 34 0.0
24 35 0.0
24 36 0.04870552788926194
24 37 0.0
24 38 0.0
24 39 0.0
24 40 0.0
24 41 0.0
24 42 0.10540085625611
24 43 0.0
24 44 0.0
24 45 0.0
24 46 0.0
24 47 0.0
24 48 0.16121753793082083
24 49 0.0
24 50 0.10977432305150558
24 51 0.0
24 52 0.0
24 53 0.20850200418171594
25 26 0.0
25 27 0.0
25 28 0.15029550993151428
25 29 0.0
25 30 0.0
25 31 0.036941783192710846
25 32 0.0
25 33 0.16507346743735343
25 34 0.0
25 35 0.0
25 36 0.0
25 37 0.23678770188156842
25 38 0.0
25 39 0.0
25 40 0.0
25 41 0.0
25 42 0.0
25 43 0.0
25 44 0.0
25 45 0.0
25 46 0.04139119821592408
25 47 0.0
25 48 0.10871230556315986
25 49 0.0
25 50 0.0
25 51 0.0
25 52 0.0
25 53 0.06472744923203581
26 27 0.0
26 28 0.0
26 29 0.0
26 30 0.0
26 31 0.0
26 32 0.0
26 33 0.0
26 34 0.0
26 35 0.0
26 36 0.0
26 37 0.0
26 38 0.0
26 39 0.0
26 40 0.0
26 41 0.0
26 42 0.0
26 43 0.0
26 44 0.0
26 45 0.0
26 46 0.0
26 47 0.0
26 48 0.0
26 49 0.0
26 50 0.0
26 51 0.0
26 52 0.0
26 53 0.0
27 28 0.0
27 29 0.0
27 30 0.0
27 31 0.0
27 32 0.0
27 33 0.2723057758402594
27 34 0.0
27 35 0.0
27 36 0.0
27 37 0.4677861176601659
27 38 0.0
27 39 0.0
27 40 0.0
27 41 0.0
27 42 0.4139522639828866
27 43 0.0
27 44 0.0
27 45 0.0
27 46 0.40682673851490364
27 47 0.0
27 48 0.0
27 49 0.0
27 50 0.33495041228365824
27 51 0.0
27 52 0.0
27 53 0.0
28 29 0.0
28 30 0.0
28 31 0.0
28 32 0.0
28 33 0.11761221010168181
28 34 0.0
28 35 0.0
28 36 0.0
28 37 0.0
28 38 0.0
28 39 0.0
28 40 0.0
28 41 0.0
28 42 0.0
28 43 0.0
28 44 0.0
28 45 0.0
28 46 0.0
28 47 0.0
28 48 0.0
28 49 0.0
28 50 0.0
28 51 0.0
28 52 0.0
28 53 0.0
29 30 0.0
29 31 0.0
29 32 0.0
29 33 0.0
29 34 0.0
29 35 0.0
29 36 0.0
29 37 0.0
29 38 0.0
29 39 0.0
29 40 0.0
29 41 0.0
29 42 0.0
29 43 0.0
29 44 0.0
29 45 0.0
29 46 0.0
29 47 0.2549552858222263
29 48 0.0
29 49 0.0
29 50 0.0
29 51 0.0
29 52 0.0
29 53 0.0
30 31 0.0
30 32 0.0
30 33 0.05277022666224763
30 34 0.10005219088111805
30 35 0.0
30 36 0.0
30 37 0.0
30 38 0.0
30 39 0.0
30 40 0.0
30 41 0.0
30 42 0.0
30 43 0.06774307840348903
30 44 0.0
30 45 0.0
30 46 0.0
30 47 0.0
30 48 0.0
30 49 0.0
30 50 0.0
30 51 0.0
30 52 0.0
30 53 0.12328836391792079
31 32 0.37969308362127596
31 33 0.028908413620418204
31 34 0.0
31 35 0.0
31 36 0.0
31 37 0.0
31 38 0.0
31 39 0.0
31 40 0.0
31 41 0.08796756142783436
31 42 0.0
31 43 0.0
31 44 0.0
31 45 0.0
31 46 0.04318937265485567
31 47 0.0
31 48 0.08513779460109265
31 49 0.09403394227720738
31 50 0.10220249653806014
31 51 0.0
31 52 0.0
31 53 0.2616597374205992
32 33 0.0
32 34 0.0
32 35 0.0
32 36 0.0
32 37 0.0
32 38 0.0
32 39 0.0
32 40 0.0
32 41 0.0944137204596027
32 42 0.0
32 43 0.0
32 44 0.0
32 45 0.04186989418916081
32 46 0.0
32 47 0.0
32 48 0.09137659166110775
32 49 0.10092463853460304
32 50 0.0
32 51 0.0
32 52 0.0
32 53 0.0
33 34 0.07470167281741312
33 35 0.0
33 36 0.0
33 37 0.34066674864851704
33 38 0.10569659852245322
33 39 0.0
33 40 0.0
33 41 0.0
33 42 0.30146207111086115
33 43 0.05057881525607682
33 44 0.0
33 45 0.0
33 46 0.32866314193183904
33 47 0.0
33 48 0.0
33 49 0.0
33 50 0.24392871785487538
33 51 0.0
33 52 0.0
33 53 0.14270222995954424
34 35 0.0
34 36 0.0
34 37 0.0
34 38 0.0
34 39 0.0
34 40 0.0
34 41 0.0
34 42 0.0
34 43 0.3638711692056718
34 44 0.0
34 45 0.0
34 46 0.0
34 47 0.14315913237604388
34 48 0.0
34 49 0.0
34 50 0.0
34 51 0.0
34 52 0.0
34 53 0.43947067372247844
35 36 0.0
35 37 0.0
35 38 0.0
35 39 0.0
35 40 0.0
35 41 0.0
35 42 0.0
35 43 0.0
35 44 0.0
35 45 0.0
35 46 0.0
35 47 0.0
35 48 0.0
35 49 0.0
35 50 0.0
35 51 0.0
35 52 0.0
35 53 0.0
36 37 0.0
36 38 0.0
36 39 0.0
36 40 0.0
36 41 0.0
36 42 0.0
36 43 0.0
36 44 0.0
36 45 0.0
36 46 0.0
36 47 0.10969955623196126
36 48 0.04130315615428926
36 49 0.0
36 50 0.0
36 51 0.0
36 52 0.0
36 53 0.0
37 38 0.03208930602964932
37 39 0.0
37 40 0.0
37 41 0.08112723793170813
37 42 0.5178728634440274
37 43 0.0
37 44 0.0
37 45 0.0
37 46 0.5089585112379474
37 47 0.0
37 48 0.0
37 49 0.0
37 50 0.4190380007880976
37 51 0.0
37 52 0.0
37 53 0.0
38 39 0.0
38 40 0.0
38 41 0.0
38 42 0.0
38 43 0.0
38 44 0.0
38 45 0.0
38 46 0.0
38 47 0.0
38 48 0.05162284700285429
38 49 0.0
38 50 0.05228280456349134
38 51 0.0
38 52 0.0
38 53 0.0
39 40 0.5464261945982342
39 41 0.0
39 42 0.0
39 43 0.0
39 44 0.0
39 45 0.0
39 46 0.0
39 47 0.0
39 48 0.0
39 49 0.0
39 50 0.0
39 51 0.0
39 52 0.0
39 53 0.0
40 41 0.0
40 42 0.0
40 43 0.0
40 44 0.0
40 45 0.0
40 46 0.0
40 47 0.0
40 48 0.0
40 49 0.0
40 50 0.0
40 51 0.0
40 52 0.0
40 53 0.0
41 42 0.0
41 43 0.0
41 44 0.0
41 45 0.0
41 46 0.0
41 47 0.0
41 48 0.2623881063183006
41 49 0.08849710180884236
41 50 0.0
41 51 0.0
41 52 0.0
41 53 0.0
42 43 0.0
42 44 0.0
42 45 0.0
42 46 0.45038644809328093
42 47 0.0
42 48 0.0
42 49 0.0
42 50 0.3708141874511781
42 51 0.0
42 52 0.0
42 53 0.0
43 44 0.0
43 45 0.0
43 46 0.0
43 47 0.0
43 48 0.0
43 49 0.0
43 50 0.0
43 51 0.0
43 52 0.0
43 53 0.11816851615476619
44 45 0.0
44 46 0.0
44 47 0.0
44 48 0.0
44 49 0.0
44 50 0.0
44 51 0.0
44 52 0.0
44 53 0.0
45 46 0.0
45 47 0.0
45 48 0.0
45 49 0.0
45 50 0.0
45 51 0.0
45 52 0.07113157495067887
45 53 0.0
46 47 0.0
46 48 0.0
46 49 0.0
46 50 0.36443121490465763
46 51 0.0
46 52 0.0
46 53 0.0756741468406497
47 48 0.0
47 49 0.08983656262231447
47 50 0.0
47 51 0.0
47 52 0.0
47 53 0.0
48 49 0.08565030056874105
48 50 0.05733372951594193
48 51 0.0
48 52 0.0
48 53 0.0
49 50 0.0
49 51 0.0
49 52 0.04210863758666584
49 53 0.0
50 51 0.0
50 52 0.0
50 53 0.17907383819414271
51 52 0.0
51 53 0.0
52 53 0.0
