0 1 0.0
0 2 0.0
0 3 0.0
0 4 0.0
0 5 0.09973889260181264
0 6 0.029103351182536354
0 7 0.0
0 8 0.0
0 9 0.0
0 10 0.0
0 11 0.0
0 12 0.0
0 13 0.0
0 14 0.08748645652859753
0 15 0.03783679615619781
0 16 0.03041112874392641
1 2 0.0
1 3 0.0
1 4 0.6974506843092911
1 5 0.0
1 6 0.0
1 7 0.0
1 8 0.5712086185624908
1 9 0.0
1 10 0.1921218022178306
1 11 0.0
1 12 0.0
1 13 0.0
1 14 0.0
1 15 0.0
1 16 0.05477641071977578
2 3 0.12444405653353946
2 4 0.0
2 5 0.0
2 6 0.0
2 7 0.10745437904339446
2 8 0.0
2 9 0.1398711333773087
2 10 0.08751142210376399
2 11 0.08096690353589643
2 12 0.41875974627563806
2 13 0.08745408211680261
2 14 0.05752489836094421
2 15 0.0
2 16 0.0
3 4 0.0
3 5 0.0
3 6 0.0
3 7 0.4953440147827014
3 8 0.0
3 9 0.2740878353788261
3 10 0.0
3 11 0.02655200822892062
3 12 0.3183703195288004
3 13 0.10445034277128594
3 14 0.05889440482033364
3 15 0.0
3 16 0.0
4 5 0.0
4 6 0.042219779273255154
4 7 0.0
4 8 0.42761786732540474
4 9 0.0
4 10 0.14382611301953616
4 11 0.0
4 12 0.0
4 13 0.0
4 14 0.0
4 15 0.0
4 16 0.04100668507187171
5 6 0.10088728997503599
5 7 0.0
5 8 0.0
5 9 0.0
5 10 0.0
5 11 0.0
5 12 0.0
5 13 0.0
5 14 0.13701676130783494
5 15 0.05925803230917609
5 16 0.047628336242494296
6 7 0.0
6 8 0.0
6 9 0.07843491378754099
6 10 0.0
6 11 0.0
6 12 0.0
6 13 0.0
6 14 0.13068826740580314
6 15 0.05652103799887795
6 16 0.0
7 8 0.0
7 9 0.2731953274747511
7 10 0.0
7 11 0.0
7 12 0.3211966678265382
7 13 0.08657213307021909
7 14 0.0
7 15 0.0
7 16 0.0
8 9 0.0
8 10 0.16273107412409982
8 11 0.0
8 12 0.0
8 13 0.0
8 14 0.0
8 15 0.0
8 16 0.0
9 10 0.0
9 11 0.22283936465379878
9 12 0.442138244914021
9 13 0.03223471715722135
9 14 0.0661954245246091
9 15 0.0
9 16 0.0
10 11 0.0
10 12 0.0
10 13 0.0
10 14 0.0
10 15 0.0
10 16 0.0
11 12 0.23730151262353935
11 13 0.1095070013639951
11 14 0.11824928770260412
11 15 0.0
11 16 0.0
12 13 0.03432673195907078
12 14 0.07049146991085395
12 15 0.0
12 16 0.0
13 14 0.12772358167818704
13 15 0.0
13 16 0.0
14 15 0.16990570270846397
14 16 0.0
15 16 0.0
