17
0	0	0	0	0	0	0	0	0	0	0	0	0	0	0	0	
0	0	0	0	0	0	0	0	0	0	0	0	0	0	0	
0	0	0	0	0	0	0	0	0	0	0	0	0	0	
0	0	0	0	0	0	0	0	0	0	0	0	0	
0	0	0	0	0	0	0	0	0	0	0	0	
0	0	0	0	0	0	0	0	0	0	0	
0	0	0	0	0	0	0	0	0	0	
0	0	0	0	1.0	0	0	0	0	
0	0	0	0	0	0	0	0	
0	0	0	0	0	0	0	
0	0	0	0	0	0	
0	0	0	0	0	
0	0	0	0	
0	0	0	
1.0	0	
0	

0	0	0	0	1.0	1.0	0	0	0	0	0	0	0	1.0	0	0	
0	0	3.0	0	0	0	3.0	0	0	0	0	0	0	0	0	
0	0	0	0	0	0	0	0	0	0	0	0	0	0	
0	0	0	1.0	0	1.0	0	0	0	0	0	0	0	
0	0	0	3.0	0	0	0	0	0	0	0	0	
4.0	0	0	0	0	0	0	0	4.0	1.0	0	
0	0	0	0	0	0	0	3.0	1.0	0	
0	1.0	0	0	0	0	0	0	0	
0	0	0	0	0	0	0	0	
0	0	0	0	0	0	0	
0	0	0	0	0	0	
1.0	1.0	0	0	0	
1.0	0	0	0	
0	0	0	
0	0	
0	

0	0	0	0	0	0	0	0	0	0	0	0	0	0	1.0	0	
0	0	0	0	0	0	0	0	0	0	0	0	0	0	0	
0	0	0	0	0	0	0	0	0	0	0	0	0	0	
0	0	0	0	0	0	0	0	0	0	0	0	0	
0	0	0	0	0	0	0	0	0	0	0	0	
0	0	0	0	0	0	0	0	0	1.0	0	
0	0	0	0	0	0	0	0	1.0	0	
0	0	0	0	0	0	0	0	0	
0	0	0	0	0	0	0	0	
0	0	0	0	0	0	0	
0	0	0	0	0	0	
0	0	0	0	0	
0	0	0	0	
0	0	0	
1.0	0	
0	

0	0	0	0	0	0	0	0	0	0	0	0	0	0	0	0	
0	0	0	0	0	0	0	0	0	0	0	0	0	0	0	
0	0	0	0	0	0	0	0	0	0	0	0	0	0	
0	0	0	0	0	0	0	0	0	0	0	0	0	
0	0	0	0	0	0	0	0	0	0	0	0	
1.0	0	0	0	0	0	0	0	0	0	0	
0	0	0	0	0	0	0	0	0	0	
0	0	0	0	0	0	0	0	0	
0	0	0	0	0	0	0	0	
0	0	0	0	0	0	0	
1.0	0	0	0	0	0	
0	0	0	0	0	
0	0	0	0	
0	0	0	
0	0	
0	

0	0	0	0	0	0	0	0	0	0	0	0	0	0	0	0	
0	0	0	0	0	0	0	0	0	0	0	0	0	0	0	
0	0	0	0	0	0	0	0	0	0	0	0	0	0	
0	0	0	0	0	0	0	0	0	0	0	0	0	
0	0	0	0	0	0	0	0	0	0	0	0	
0	0	0	0	0	0	0	0	0	0	0	
0	0	0	0	0	0	0	0	0	0	
0	0	1.0	0	0	0	0	0	0	
0	0	0	0	0	0	0	0	
0	0	0	0	0	0	0	
0	0	0	0	0	0	
0	0	0	0	0	
0	0	0	0	
0	0	0	
0	0	
0	

0	0	0	0	0	0	0	0	0	0	0	0	0	0	0	0	
0	0	0	0	0	0	0	0	0	0	0	0	0	0	0	
0	0	0	0	0	0	0	0	0	0	0	0	0	0	
0	0	0	0	0	0	0	0	0	0	0	0	0	
0	0	0	0	0	0	0	0	0	0	0	0	
0	0	0	0	0	0	0	0	0	0	0	
0	0	0	0	0	0	0	0	0	0	
0	0	0	0	0	0	0	0	0	
0	0	0	0	0	0	0	0	
0	0	0	0	0	0	0	
0	0	0	0	0	0	
0	0	0	0	0	
0	0	0	0	
0	0	0	
0	0	
0	

0	0	0	0	0.09971301170014445	0.017316294094397836	0	0	0	0	0	0	0	0.038214596043205935	0.020120200766858262	0.06182570635541377	
0	0	0.45937410143500235	0	0	0	0.19131386725119934	0	0.0671878247455667	0	0	0	0	0	0.10856697887014775	
0.013086307570460932	0	0	0	0.05722160868513032	0	0.07628167192184758	0	0.06663587872532842	0.2794782081990868	0.08189855648162868	0.020387305822382237	0	0	
0	0	0	0.21047695915336093	0	0.08870099802433463	0	0.009484211370618835	0.11606418389311196	0.07450097362753856	0.018545798591096938	0	0	
0	0.08520043913290737	0	0.1496236133175622	0	0.05254655741279406	0	0	0	0	0	0.08490855314839231	
0.12500063245604634	0	0	0	0	0	0	0	0.06019629041666396	0.03169368707270985	0.0973889183802465	
0	0	0.08817527116457376	0	0	0	0	0.10347393959564907	0.05447961392679335	0	
0	0.1424776943259911	0	0	0.18643034106991346	0.06869890637676355	0	0	0	
0	0.055418828739507354	0	0	0	0	0	0	
0	0.11056923373007956	0.10585434659009335	0.013589466826271967	0.02162114127361734	0	0	
0	0	0	0	0	0	
0.014467850601915138	0.059355415302452114	0.014775559618771106	0	0	
0.01778165310272004	0.028291002047932143	0	0	
0.18159841621862446	0	0	
0.1202287526102808	0	
0	

0	0	0	0	0	0	0	0	0	0	0	0	0	0	0	0	
0	0	0	0	0	0	0	0	0	0	0	0	0	0	0	
0	0	0	0	0	0	0	0	0	0	0	0	0	0	
0	0	0	1.0	0	0	1.0	0	0	1.0	0	0	0	
0	0	0	0	0	0	0	0	0	0	0	0	
0	0	0	0	0	0	0	0	0	0	0	
0	0	0	0	0	0	0	0	0	0	
0	0	1.0	0	0	1.0	0	0	0	
0	0	0	0	0	0	0	0	
0	0	0	0	0	0	0	
0	0	1.0	0	0	0	
0	0	0	0	0	
0	0	0	0	
0	0	0	
0	0	
0	

