0 1 0.0
0 2 0.0
0 3 0.0
0 4 0.12873251813414074
0 5 0.0
0 6 0.0
0 7 0.0
0 8 0.0
0 9 0.0
0 10 0.0
0 11 0.0
0 12 0.0
0 13 0.0
0 14 0.0
0 15 0.0
0 16 0.0
0 17 0.0
0 18 0.0
0 19 0.0
0 20 0.0
0 21 0.0
0 22 0.0
0 23 0.0
0 24 0.0
0 25 0.0
0 26 0.0
0 27 0.0
0 28 0.0
0 29 0.0
0 30 0.0
0 31 0.0
0 32 0.0
0 33 0.0
0 34 0.0
0 35 0.0
0 36 0.0
0 37 0.0
0 38 0.0
0 39 0.14339233332557177
0 40 0.0
0 41 0.0
0 42 0.0
0 43 0.0
0 44 0.0
0 45 0.0
0 46 0.0
0 47 0.0
0 48 0.0
0 49 0.0
0 50 0.0
0 51 0.0
0 52 0.0
0 53 0.0
0 54 0.0
0 55 0.0
0 56 0.0
0 57 0.0
0 58 0.0
0 59 0.0
0 60 0.0
0 61 0.0
0 62 0.0
0 63 0.0
0 64 0.0
0 65 0.0
0 66 0.0
0 67 0.0
0 68 0.0
0 69 0.0
0 70 0.0
0 71 0.10661312109290517
0 72 0.0
0 73 0.0
0 74 0.0
0 75 0.0
0 76 0.0
0 77 0.0
0 78 0.0
0 79 0.0
0 80 0.0
0 81 0.0
0 82 0.0
0 83 0.0
0 84 0.0
0 85 0.0
0 86 0.0
0 87 0.0
0 88 0.0
0 89 0.0
0 90 0.0
0 91 0.0
0 92 0.0
0 93 0.0
0 94 0.0
0 95 0.0
0 96 0.0
0 97 0.0
0 98 0.0
0 99 0.0
0 100 0.0
0 101 0.0
0 102 0.0
0 103 0.0
0 104 0.0
0 105 0.0
0 106 0.0
0 107 0.0
0 108 0.0
0 109 0.0
0 110 0.0
0 111 0.0
0 112 0.0
0 113 0.0
0 114 0.0
0 115 0.0
0 116 0.0
0 117 0.0
0 118 0.0
0 119 0.0
0 120 0.0
0 121 0.0
0 122 0.0
0 123 0.0
0 124 0.0
0 125 0.0
0 126 0.0
1 2 0.0
1 3 0.0
1 4 0.0
1 5 0.0
1 6 0.0
1 7 0.0
1 8 0.0
1 9 0.0
1 10 0.06847986102025144
1 11 0.0
1 12 0.0
1 13 0.0
1 14 0.0
1 15 0.0
1 16 0.0
1 17 0.0
1 18 0.0
1 19 0.0
1 20 0.0
1 21 0.05578448872612488
1 22 0.0
1 23 0.0
1 24 0.0
1 25 0.0
1 26 0.0
1 27 0.0
1 28 0.0
1 29 0.0
1 30 0.0
1 31 0.0
1 32 0.0
1 33 0.0
1 34 0.0
1 35 0.0
1 36 0.0
1 37 0.0
1 38 0.0
1 39 0.0
1 40 0.0
1 41 0.0
1 42 0.04774345232985221
1 43 0.0
1 44 0.0
1 45 0.05683256864800336
1 46 0.08349501664822873
1 47 0.0
1 48 0.0
1 49 0.0
1 50 0.0
1 51 0.0
1 52 0.0
1 53 0.0
1 54 0.0
1 55 0.0
1 56 0.0
1 57 0.03236954097031528
1 58 0.0
1 59 0.0
1 60 0.10785139149284745
1 61 0.0
1 62 0.0
1 63 0.0
1 64 0.0
1 65 0.0
1 66 0.0
1 67 0.0
1 68 0.0
1 69 0.0
1 70 0.0
1 71 0.0
1 72 0.0
1 73 0.0
1 74 0.0
1 75 0.0
1 76 0.0
1 77 0.0
1 78 0.0
1 79 0.0
1 80 0.0
1 81 0.0
1 82 0.0
1 83 0.0
1 84 0.0
1 85 0.0
1 86 0.0
1 87 0.0
1 88 0.0
1 89 0.0
1 90 0.0
1 91 0.0
1 92 0.0
1 93 0.0
1 94 0.0
1 95 0.0
1 96 0.0
1 97 0.0
1 98 0.0
1 99 0.0
1 100 0.0
1 101 0.0
1 102 0.04626333515305134
1 103 0.0
1 104 0.0
1 105 0.0
1 106 0.0
1 107 0.0
1 108 0.0
1 109 0.0
1 110 0.0
1 111 0.0
1 112 0.0
1 113 0.0
1 114 0.0
1 115 0.0
1 116 0.0
1 117 0.0
1 118 0.0
1 119 0.0
1 120 0.0
1 121 0.0
1 122 0.0
1 123 0.0
1 124 0.0
1 125 0.0
1 126 0.0
2 3 0.0
2 4 0.0
2 5 0.0
2 6 0.0
2 7 0.0
2 8 0.0
2 9 0.0
2 10 0.0
2 11 0.0
2 12 0.0
2 13 0.0
2 14 0.0
2 15 0.0
2 16 0.0
2 17 0.0
2 18 0.0
2 19 0.0
2 20 0.0
2 21 0.0
2 22 0.0
2 23 0.0
2 24 0.0
2 25 0.0
2 26 0.0
2 27 0.0
2 28 0.0
2 29 0.0
2 30 0.0
2 31 0.0
2 32 0.0
2 33 0.0
2 34 0.0
2 35 0.0
2 36 0.09436160543114344
2 37 0.0
2 38 0.0
2 39 0.0
2 40 0.0
2 41 0.0
2 42 0.0
2 43 0.0
2 44 0.0
2 45 0.0
2 46 0.0
2 47 0.0
2 48 0.0
2 49 0.0
2 50 0.0
2 51 0.0
2 52 0.0
2 53 0.0
2 54 0.0
2 55 0.0
2 56 0.0
2 57 0.0
2 58 0.0
2 59 0.0
2 60 0.0
2 61 0.0
2 62 0.0
2 63 0.0
2 64 0.0
2 65 0.0
2 66 0.0
2 67 0.0
2 68 0.0
2 69 0.0
2 70 0.0
2 71 0.0
2 72 0.0
2 73 0.0
2 74 0.0
2 75 0.0
2 76 0.0
2 77 0.0
2 78 0.0
2 79 0.14464307898601175
2 80 0.0
2 81 0.0
2 82 0.0
2 83 0.0
2 84 0.0
2 85 0.0
2 86 0.0
2 87 0.0
2 88 0.0
2 89 0.0
2 90 0.0
2 91 0.0
2 92 0.13965813968992102
2 93 0.10625906644440512
2 94 0.0
2 95 0.13965813968992102
2 96 0.0
2 97 0.0
2 98 0.0
2 99 0.0
2 100 0.0
2 101 0.0
2 102 0.0
2 103 0.0
2 104 0.0
2 105 0.0
2 106 0.0
2 107 0.0
2 108 0.0
2 109 0.0
2 110 0.0
2 111 0.0
2 112 0.0
2 113 0.0
2 114 0.0
2 115 0.0
2 116 0.0
2 117 0.0
2 118 0.0
2 119 0.0
2 120 0.0
2 121 0.0
2 122 0.0
2 123 0.0
2 124 0.0
2 125 0.0
2 126 0.0
3 4 0.0535307460728574
3 5 0.0
3 6 0.0
3 7 0.0
3 8 0.0
3 9 0.0
3 10 0.0
3 11 0.0
3 12 0.09209329477959846
3 13 0.15303462289991793
3 14 0.0
3 15 0.06389272659915576
3 16 0.5865741237525813
3 17 0.0
3 18 0.0
3 19 0.3230481248140113
3 20 0.0
3 21 0.121769448122249
3 22 0.0
3 23 0.23628081343343943
3 24 0.0
3 25 0.0
3 26 0.0
3 27 0.0
3 28 0.0
3 29 0.0
3 30 0.0
3 31 0.0
3 32 0.0
3 33 0.18060206505857762
3 34 0.0
3 35 0.19153514775827377
3 36 0.0
3 37 0.17320345304102308
3 38 0.0
3 39 0.0
3 40 0.0
3 41 0.04259238436262707
3 42 0.0
3 43 0.0
3 44 0.0
3 45 0.0
3 46 0.0
3 47 0.21743672404124473
3 48 0.0
3 49 0.0
3 50 0.0
3 51 0.0
3 52 0.0
3 53 0.11247250730012373
3 54 0.06628368107503704
3 55 0.0
3 56 0.0
3 57 0.0
3 58 0.0
3 59 0.0
3 60 0.0
3 61 0.0
3 62 0.0
3 63 0.0
3 64 0.0
3 65 0.0
3 66 0.17928296434380947
3 67 0.0
3 68 0.0
3 69 0.0
3 70 0.30174322893488514
3 71 0.0
3 72 0.0
3 73 0.0
3 74 0.0
3 75 0.0
3 76 0.0
3 77 0.3230481248140113
3 78 0.08536047124991143
3 79 0.0
3 80 0.0
3 81 0.05672977480100525
3 82 0.3574616644523094
3 83 0.0881023994307999
3 84 0.0
3 85 0.0
3 86 0.0
3 87 0.0
3 88 0.0
3 89 0.0
3 90 0.0
3 91 0.0
3 92 0.0
3 93 0.0
3 94 0.0
3 95 0.0
3 96 0.0
3 97 0.0
3 98 0.0
3 99 0.0
3 100 0.0
3 101 0.0
3 102 0.0
3 103 0.0
3 104 0.0
3 105 0.0
3 106 0.0
3 107 0.0
3 108 0.1920497071497962
3 109 0.0
3 110 0.10553231351847958
3 111 0.0
3 112 0.0
3 113 0.0
3 114 0.0
3 115 0.0
3 116 0.0
3 117 0.0
3 118 0.15303462289991793
3 119 0.05672977480100525
3 120 0.0
3 121 0.0
3 122 0.0
3 123 0.0
3 124 0.07725286345001317
3 125 0.0
3 126 0.0
4 5 0.0
4 6 0.0
4 7 0.0
4 8 0.0
4 9 0.0
4 10 0.0
4 11 0.0
4 12 0.0
4 13 0.0
4 14 0.0
4 15 0.04166670468243259
4 16 0.0
4 17 0.0
4 18 0.060710746261265075
4 19 0.0
4 20 0.0
4 21 0.0
4 22 0.0
4 23 0.0
4 24 0.0
4 25 0.0
4 26 0.0
4 27 0.0
4 28 0.0
4 29 0.0
4 30 0.0
4 31 0.0
4 32 0.0
4 33 0.0
4 34 0.0
4 35 0.0
4 36 0.0
4 37 0.0
4 38 0.0
4 39 0.11829401496837125
4 40 0.04557311218710391
4 41 0.027775998856522287
4 42 0.0
4 43 0.0
4 44 0.0
4 45 0.0
4 46 0.0
4 47 0.0
4 48 0.0
4 49 0.0
4 50 0.0
4 51 0.0
4 52 0.0
4 53 0.0
4 54 0.0
4 55 0.0
4 56 0.0
4 57 0.0
4 58 0.0
4 59 0.0
4 60 0.0
4 61 0.0
4 62 0.0
4 63 0.0
4 64 0.0
4 65 0.0
4 66 0.0
4 67 0.09363078062640383
4 68 0.0
4 69 0.0
4 70 0.0
4 71 0.08795236014295196
4 72 0.0
4 73 0.0
4 74 0.0
4 75 0.0
4 76 0.0
4 77 0.0
4 78 0.0
4 79 0.0
4 80 0.0
4 81 0.03699549070998051
4 82 0.051100288621830414
4 83 0.0
4 84 0.0
4 85 0.0
4 86 0.0
4 87 0.0
4 88 0.0
4 89 0.0
4 90 0.0
4 91 0.0
4 92 0.0
4 93 0.0
4 94 0.0
4 95 0.0
4 96 0.0
4 97 0.0
4 98 0.0
4 99 0.0
4 100 0.0
4 101 0.0
4 102 0.0
4 103 0.0
4 104 0.0
4 105 0.0
4 106 0.0
4 107 0.0
4 108 0.0
4 109 0.0
4 110 0.0
4 111 0.0
4 112 0.0
4 113 0.0
4 114 0.0
4 115 0.0
4 116 0.0
4 117 0.0
4 118 0.0
4 119 0.03699549070998051
4 120 0.0
4 121 0.0
4 122 0.0
4 123 0.0
4 124 0.0
4 125 0.0
4 126 0.0
5 6 0.0
5 7 0.0
5 8 0.1433566110494924
5 9 0.0
5 10 0.0
5 11 0.0
5 12 0.0
5 13 0.0
5 14 0.0
5 15 0.0
5 16 0.0
5 17 0.0
5 18 0.07048920425400522
5 19 0.11502081331904551
5 20 0.0
5 21 0.0
5 22 0.0
5 23 0.0
5 24 0.0
5 25 0.0
5 26 0.0
5 27 0.0
5 28 0.0
5 29 0.0
5 30 0.0
5 31 0.0
5 32 0.17682028511881673
5 33 0.0
5 34 0.0
5 35 0.0
5 36 0.0
5 37 0.0
5 38 0.0
5 39 0.0
5 40 0.0
5 41 0.0
5 42 0.0
5 43 0.0
5 44 0.0
5 45 0.0
5 46 0.0
5 47 0.0
5 48 0.0
5 49 0.0
5 50 0.273037716718286
5 51 0.08129566268729378
5 52 0.0
5 53 0.0
5 54 0.0
5 55 0.0
5 56 0.0
5 57 0.0
5 58 0.0681679083656811
5 59 0.0
5 60 0.0
5 61 0.0
5 62 0.16019624707280578
5 63 0.0
5 64 0.1765739757592811
5 65 0.15827246034035683
5 66 0.0
5 67 0.0
5 68 0.0
5 69 0.0
5 70 0.0
5 71 0.0
5 72 0.0
5 73 0.0
5 74 0.116986546877287
5 75 0.0
5 76 0.0
5 77 0.11502081331904551
5 78 0.0
5 79 0.0
5 80 0.0
5 81 0.0
5 82 0.0
5 83 0.0
5 84 0.0
5 85 0.0
5 86 0.07556253162360925
5 87 0.0
5 88 0.0
5 89 0.0
5 90 0.0
5 91 0.0
5 92 0.0
5 93 0.0
5 94 0.0
5 95 0.0
5 96 0.0
5 97 0.0
5 98 0.0
5 99 0.0
5 100 0.0
5 101 0.0
5 102 0.0
5 103 0.16145604432848823
5 104 0.0
5 105 0.0
5 106 0.0
5 107 0.0
5 108 0.0
5 109 0.0
5 110 0.0
5 111 0.0
5 112 0.07578989486820079
5 113 0.0
5 114 0.0
5 115 0.0
5 116 0.0
5 117 0.0
5 118 0.0
5 119 0.0
5 120 0.0
5 121 0.0
5 122 0.0
5 123 0.0
5 124 0.0
5 125 0.0
5 126 0.0
6 7 0.0
6 8 0.0
6 9 0.0
6 10 0.0
6 11 0.0
6 12 0.0
6 13 0.0
6 14 0.0
6 15 0.0
6 16 0.0
6 17 0.0
6 18 0.0
6 19 0.0
6 20 0.0
6 21 0.0
6 22 0.0
6 23 0.0
6 24 0.0
6 25 0.0
6 26 0.0
6 27 0.0
6 28 0.0
6 29 0.0
6 30 0.0
6 31 0.0
6 32 0.0
6 33 0.0
6 34 0.0
6 35 0.0
6 36 0.0
6 37 0.0
6 38 0.0
6 39 0.0
6 40 0.0
6 41 0.0
6 42 0.0
6 43 0.0
6 44 0.0
6 45 0.0
6 46 0.0
6 47 0.0
6 48 0.0
6 49 0.0
6 50 0.0
6 51 0.0
6 52 0.0
6 53 0.0
6 54 0.0
6 55 0.15377912958675358
6 56 0.0
6 57 0.0
6 58 0.0
6 59 0.0
6 60 0.0
6 61 0.0
6 62 0.0
6 63 0.0
6 64 0.0
6 65 0.0
6 66 0.0
6 67 0.0
6 68 0.0
6 69 0.0
6 70 0.0
6 71 0.0
6 72 0.0
6 73 0.0
6 74 0.0
6 75 0.0
6 76 0.0
6 77 0.0
6 78 0.0
6 79 0.0
6 80 0.0
6 81 0.0
6 82 0.0
6 83 0.0
6 84 0.0
6 85 0.0
6 86 0.0
6 87 0.0
6 88 0.0
6 89 0.0
6 90 0.0
6 91 0.0
6 92 0.0
6 93 0.0
6 94 0.0
6 95 0.0
6 96 0.0
6 97 0.0
6 98 0.0
6 99 0.0
6 100 0.0
6 101 0.0
6 102 0.0
6 103 0.0
6 104 0.0
6 105 0.0
6 106 0.0
6 107 0.0
6 108 0.0
6 109 0.13451779055778507
6 110 0.07264929813988379
6 111 0.0
6 112 0.0
6 113 0.0
6 114 0.0
6 115 0.0
6 116 0.0
6 117 0.0
6 118 0.0
6 119 0.0
6 120 0.0
6 121 0.0
6 122 0.0
6 123 0.0
6 124 0.0
6 125 0.0
6 126 0.0
7 8 0.0
7 9 0.0
7 10 0.0
7 11 0.0
7 12 0.0
7 13 0.0
7 14 0.0
7 15 0.0
7 16 0.0
7 17 0.0
7 18 0.0
7 19 0.0
7 20 0.0
7 21 0.0
7 22 0.166735938694757
7 23 0.0
7 24 0.0
7 25 0.0
7 26 0.0
7 27 0.0
7 28 0.0
7 29 0.0
7 30 0.0
7 31 0.0
7 32 0.0
7 33 0.0
7 34 0.0
7 35 0.0
7 36 0.0
7 37 0.0
7 38 0.0
7 39 0.0
7 40 0.0
7 41 0.0
7 42 0.0
7 43 0.0
7 44 0.0
7 45 0.0
7 46 0.0
7 47 0.0
7 48 0.0
7 49 0.0
7 50 0.0
7 51 0.0
7 52 0.0
7 53 0.0
7 54 0.0
7 55 0.0
7 56 0.0
7 57 0.0
7 58 0.0
7 59 0.0
7 60 0.061292734542141056
7 61 0.0
7 62 0.0
7 63 0.0
7 64 0.0
7 65 0.0
7 66 0.0
7 67 0.0
7 68 0.0
7 69 0.0
7 70 0.0
7 71 0.0
7 72 0.0
7 73 0.0
7 74 0.0
7 75 0.0
7 76 0.0
7 77 0.0
7 78 0.0
7 79 0.0
7 80 0.0
7 81 0.0
7 82 0.0
7 83 0.0
7 84 0.0
7 85 0.0
7 86 0.0
7 87 0.0
7 88 0.0
7 89 0.0
7 90 0.0
7 91 0.0
7 92 0.0
7 93 0.0
7 94 0.0
7 95 0.0
7 96 0.0
7 97 0.0
7 98 0.0
7 99 0.0
7 100 0.0
7 101 0.0
7 102 0.0
7 103 0.0
7 104 0.0
7 105 0.0
7 106 0.0
7 107 0.0
7 108 0.0
7 109 0.0
7 110 0.0
7 111 0.0
7 112 0.0
7 113 0.0
7 114 0.0
7 115 0.0
7 116 0.0
7 117 0.0
7 118 0.0
7 119 0.0
7 120 0.0
7 121 0.0
7 122 0.0
7 123 0.0
7 124 0.0
7 125 0.12925799001820745
7 126 0.0
8 9 0.0
8 10 0.0
8 11 0.0
8 12 0.0
8 13 0.0
8 14 0.0
8 15 0.0
8 16 0.0
8 17 0.0
8 18 0.0
8 19 0.0
8 20 0.0
8 21 0.0
8 22 0.0
8 23 0.0
8 24 0.0
8 25 0.0
8 26 0.0
8 27 0.0
8 28 0.0
8 29 0.0
8 30 0.0
8 31 0.0
8 32 0.145587363336183
8 33 0.0
8 34 0.0
8 35 0.0
8 36 0.0
8 37 0.0
8 38 0.0
8 39 0.0
8 40 0.0
8 41 0.0
8 42 0.0
8 43 0.0
8 44 0.0
8 45 0.0
8 46 0.0
8 47 0.0
8 48 0.0
8 49 0.0
8 50 0.12778138535799802
8 51 0.0
8 52 0.0
8 53 0.0
8 54 0.0
8 55 0.0
8 56 0.0
8 57 0.0
8 58 0.0
8 59 0.0
8 60 0.0
8 61 0.0
8 62 0.40982445811263785
8 63 0.0
8 64 0.14538456120748086
8 65 0.0
8 66 0.0
8 67 0.0
8 68 0.0
8 69 0.0
8 70 0.0
8 71 0.0
8 72 0.0
8 73 0.0
8 74 0.0
8 75 0.0
8 76 0.0
8 77 0.0
8 78 0.0
8 79 0.0
8 80 0.0
8 81 0.0
8 82 0.0
8 83 0.0
8 84 0.0
8 85 0.0
8 86 0.0
8 87 0.0
8 88 0.0
8 89 0.0
8 90 0.0
8 91 0.0
8 92 0.0
8 93 0.0
8 94 0.0
8 95 0.0
8 96 0.0
8 97 0.0
8 98 0.0
8 99 0.0
8 100 0.0
8 101 0.0
8 102 0.0
8 103 0.13293700874127276
8 104 0.0
8 105 0.0
8 106 0.0
8 107 0.0
8 108 0.0
8 109 0.0
8 110 0.0
8 111 0.0
8 112 0.0
8 113 0.0
8 114 0.0
8 115 0.0
8 116 0.0
8 117 0.0
8 118 0.0
8 119 0.0
8 120 0.0
8 121 0.0
8 122 0.0
8 123 0.0
8 124 0.0
8 125 0.0
8 126 0.0
9 10 0.0
9 11 0.0
9 12 0.0
9 13 0.0
9 14 0.0
9 15 0.0
9 16 0.0
9 17 0.0
9 18 0.0
9 19 0.34484497442356166
9 20 0.0
9 21 0.16518390357587043
9 22 0.0
9 23 0.0
9 24 0.0
9 25 0.0
9 26 0.0
9 27 0.0
9 28 0.0
9 29 0.0
9 30 0.0
9 31 0.0
9 32 0.0
9 33 0.0
9 34 0.0
9 35 0.0
9 36 0.0
9 37 0.0
9 38 0.0
9 39 0.0
9 40 0.0
9 41 0.0
9 42 0.0
9 43 0.0
9 44 0.0
9 45 0.0
9 46 0.0
9 47 0.0
9 48 0.0
9 49 0.0
9 50 0.0
9 51 0.0
9 52 0.0
9 53 0.0
9 54 0.0
9 55 0.0
9 56 0.18960071564731232
9 57 0.2035135329393687
9 58 0.0
9 59 0.13105433061568444
9 60 0.14278365055711925
9 61 0.0
9 62 0.0
9 63 0.0
9 64 0.0
9 65 0.0
9 66 0.0
9 67 0.0
9 68 0.0
9 69 0.0
9 70 0.0
9 71 0.0
9 72 0.0
9 73 0.0
9 74 0.0
9 75 0.0
9 76 0.0
9 77 0.34484497442356166
9 78 0.0
9 79 0.0
9 80 0.0
9 81 0.0
9 82 0.0
9 83 0.0
9 84 0.0
9 85 0.0
9 86 0.0
9 87 0.0
9 88 0.0
9 89 0.0
9 90 0.0
9 91 0.0
9 92 0.0
9 93 0.0
9 94 0.0
9 95 0.0
9 96 0.0
9 97 0.0
9 98 0.0
9 99 0.0
9 100 0.0
9 101 0.0
9 102 0.0
9 103 0.0
9 104 0.0
9 105 0.0
9 106 0.0
9 107 0.45046592449020917
9 108 0.0
9 109 0.0
9 110 0.0
9 111 0.0
9 112 0.0
9 113 0.0
9 114 0.18960071564731232
9 115 0.0
9 116 0.0
9 117 0.0
9 118 0.0
9 119 0.0
9 120 0.0
9 121 0.0
9 122 0.0
9 123 0.0
9 124 0.0
9 125 0.0
9 126 0.0
10 11 0.0
10 12 0.0
10 13 0.0
10 14 0.0
10 15 0.0
10 16 0.0
10 17 0.0
10 18 0.0
10 19 0.0
10 20 0.0
10 21 0.07690295356392313
10 22 0.0
10 23 0.10633958756637595
10 24 0.0
10 25 0.0
10 26 0.0
10 27 0.0
10 28 0.0
10 29 0.3912940646669648
10 30 0.0
10 31 0.0
10 32 0.09166468537292247
10 33 0.24230638605697724
10 34 0.0
10 35 0.0
10 36 0.0
10 37 0.0
10 38 0.08782739263404639
10 39 0.0
10 40 0.0
10 41 0.0
10 42 0.06581780314470317
10 43 0.0
10 44 0.0
10 45 0.0
10 46 0.11510392108533649
10 47 0.09785869288469921
10 48 0.0
10 49 0.20522465589811448
10 50 0.08650537607430742
10 51 0.0
10 52 0.0
10 53 0.0
10 54 0.13778663447526412
10 55 0.0
10 56 0.0
10 57 0.0
10 58 0.0
10 59 0.0
10 60 0.0
10 61 0.0
10 62 0.0
10 63 0.0
10 64 0.0
10 65 0.0
10 66 0.0
10 67 0.0
10 68 0.0
10 69 0.0
10 70 0.0
10 71 0.21376513357577923
10 72 0.0
10 73 0.09917463910229923
10 74 0.0
10 75 0.0
10 76 0.0
10 77 0.0
10 78 0.3770854675369088
10 79 0.0
10 80 0.0
10 81 0.0
10 82 0.0
10 83 0.0
10 84 0.0
10 85 0.0
10 86 0.0
10 87 0.0
10 88 0.0
10 89 0.0
10 90 0.0
10 91 0.0
10 92 0.0
10 93 0.0
10 94 0.0
10 95 0.0
10 96 0.0
10 97 0.0
10 98 0.0
10 99 0.0
10 100 0.0
10 101 0.0
10 102 0.0
10 103 0.0
10 104 0.0
10 105 0.0
10 106 0.0
10 107 0.0
10 108 0.156160616813186
10 109 0.10046673459906269
10 110 0.0
10 111 0.0
10 112 0.0
10 113 0.0
10 114 0.0
10 115 0.0
10 116 0.0
10 117 0.0
10 118 0.0
10 119 0.0
10 120 0.0
10 121 0.0
10 122 0.0
10 123 0.06218490511930176
10 124 0.0
10 125 0.0
10 126 0.0
11 12 0.0
11 13 0.0
11 14 0.0
11 15 0.0
11 16 0.0
11 17 0.0
11 18 0.0
11 19 0.0
11 20 0.0
11 21 0.0
11 22 0.0
11 23 0.0
11 24 0.0
11 25 0.0
11 26 0.0
11 27 0.0
11 28 0.0
11 29 0.0
11 30 0.22739847266296345
11 31 0.0
11 32 0.0
11 33 0.0
11 34 0.0
11 35 0.2124420382996839
11 36 0.0
11 37 0.0
11 38 0.0
11 39 0.4898253687632058
11 40 0.0
11 41 0.0
11 42 0.0
11 43 0.0
11 44 0.0
11 45 0.0
11 46 0.0
11 47 0.0
11 48 0.2982851245973523
11 49 0.0
11 50 0.0
11 51 0.0
11 52 0.0
11 53 0.0
11 54 0.0
11 55 0.0
11 56 0.0
11 57 0.0
11 58 0.0
11 59 0.0
11 60 0.0
11 61 0.0
11 62 0.0
11 63 0.0
11 64 0.0
11 65 0.0
11 66 0.0
11 67 0.0
11 68 0.0
11 69 0.0
11 70 0.0
11 71 0.0
11 72 0.0
11 73 0.0
11 74 0.0
11 75 0.0
11 76 0.0
11 77 0.0
11 78 0.0
11 79 0.0
11 80 0.7180154261890866
11 81 0.0
11 82 0.0
11 83 0.0
11 84 0.0
11 85 0.7191576996742596
11 86 0.0
11 87 0.0
11 88 0.0
11 89 0.0
11 90 0.0
11 91 0.0
11 92 0.0
11 93 0.0
11 94 0.0
11 95 0.0
11 96 0.0
11 97 0.0
11 98 0.0
11 99 0.0
11 100 0.0
11 101 0.0
11 102 0.0
11 103 0.0
11 104 0.0
11 105 0.04204966666373418
11 106 0.0
11 107 0.0
11 108 0.0
11 109 0.0
11 110 0.0
11 111 0.0
11 112 0.0
11 113 0.0
11 114 0.0
11 115 0.0
11 116 0.0
11 117 0.0
11 118 0.0
11 119 0.0
11 120 0.0
11 121 0.0
11 122 0.0
11 123 0.0
11 124 0.0
11 125 0.0
11 126 0.0
12 13 0.19580004053428396
12 14 0.0
12 15 0.0
12 16 0.0
12 17 0.0
12 18 0.0
12 19 0.0590923370418338
12 20 0.0
12 21 0.05312727125076561
12 22 0.0
12 23 0.022263321114996567
12 24 0.0
12 25 0.0
12 26 0.0
12 27 0.0
12 28 0.01489854868673013
12 29 0.0
12 30 0.0
12 31 0.0
12 32 0.0
12 33 0.0
12 34 0.0
12 35 0.0
12 36 0.0
12 37 0.0
12 38 0.0
12 39 0.0
12 40 0.020107922214930293
12 41 0.04368107261323203
12 42 0.0
12 43 0.018930596675911897
12 44 0.0
12 45 0.0
12 46 0.0
12 47 0.04575704243675999
12 48 0.0
12 49 0.0
12 50 0.0
12 51 0.030893623391414465
12 52 0.020952175287363768
12 53 0.04907107238909796
12 54 0.0
12 55 0.0
12 56 0.0
12 57 0.0
12 58 0.01782360714123079
12 59 0.0
12 60 0.0
12 61 0.0
12 62 0.0
12 63 0.0
12 64 0.0
12 65 0.0
12 66 0.016892756325130487
12 67 0.0
12 68 0.01866287366033776
12 69 0.0
12 70 0.0
12 71 0.0
12 72 0.0
12 73 0.02076326312080345
12 74 0.0
12 75 0.0
12 76 0.0
12 77 0.0590923370418338
12 78 0.0
12 79 0.07021178071191561
12 80 0.0
12 81 0.058179823682032734
12 82 0.0
12 83 0.0
12 84 0.0
12 85 0.0
12 86 0.0
12 87 0.0
12 88 0.0
12 89 0.0
12 90 0.0
12 91 0.0
12 92 0.0
12 93 0.0
12 94 0.0
12 95 0.0
12 96 0.0
12 97 0.0
12 98 0.0
12 99 0.0
12 100 0.0
12 101 0.0
12 102 0.0
12 103 0.0
12 104 0.0
12 105 0.0
12 106 0.20093050455157055
12 107 0.0
12 108 0.0
12 109 0.025502999259935294
12 110 0.08813161544368135
12 111 0.0345595574700038
12 112 0.0
12 113 0.022125880759701868
12 114 0.0
12 115 0.0
12 116 0.0
12 117 0.0
12 118 0.19580004053428396
12 119 0.058179823682032734
12 120 0.03878857394019578
12 121 0.01800465889202443
12 122 0.05494398792847136
12 123 0.0
12 124 0.019159426280270554
12 125 0.012018095437772637
12 126 0.0
13 14 0.0
13 15 0.06805046059490658
13 16 0.0
13 17 0.0
13 18 0.0
13 19 0.09819578653488716
13 20 0.0
13 21 0.08828342976565634
13 22 0.0
13 23 0.0
13 24 0.0
13 25 0.0
13 26 0.0
13 27 0.0
13 28 0.0
13 29 0.0
13 30 0.0
13 31 0.0
13 32 0.0
13 33 0.0
13 34 0.0
13 35 0.0
13 36 0.0
13 37 0.0
13 38 0.0
13 39 0.0
13 40 0.0
13 41 0.07258635377557117
13 42 0.0
13 43 0.0
13 44 0.076675204319819
13 45 0.0
13 46 0.0
13 47 0.0
13 48 0.0
13 49 0.0
13 50 0.0
13 51 0.0
13 52 0.0
13 53 0.08154310339675008
13 54 0.0
13 55 0.0
13 56 0.0
13 57 0.0
13 58 0.0
13 59 0.0
13 60 0.0
13 61 0.0
13 62 0.0
13 63 0.055141541953823515
13 64 0.0
13 65 0.0
13 66 0.0
13 67 0.0
13 68 0.0
13 69 0.0
13 70 0.0
13 71 0.0
13 72 0.0
13 73 0.0
13 74 0.0
13 75 0.0
13 76 0.0
13 77 0.09819578653488716
13 78 0.0
13 79 0.08176660123549989
13 80 0.0
13 81 0.09667943142735733
13 82 0.0
13 83 0.0
13 84 0.0
13 85 0.0
13 86 0.0
13 87 0.0
13 88 0.0
13 89 0.0
13 90 0.0
13 91 0.0
13 92 0.0
13 93 0.0
13 94 0.0
13 95 0.0
13 96 0.0
13 97 0.0
13 98 0.05360170251819233
13 99 0.047427945421245774
13 100 0.0
13 101 0.0
13 102 0.0
13 103 0.0
13 104 0.15944402069924854
13 105 0.0
13 106 0.0
13 107 0.0
13 108 0.0
13 109 0.0
13 110 0.2989938895974103
13 111 0.04470316600352424
13 112 0.0
13 113 0.0
13 114 0.0
13 115 0.0
13 116 0.076675204319819
13 117 0.0
13 118 1.0
13 119 0.09667943142735733
13 120 0.0846948198912152
13 121 0.0
13 122 0.0
13 123 0.0
13 124 0.06080249150125299
13 125 0.0
13 126 0.0
14 15 0.0
14 16 0.0
14 17 0.0
14 18 0.0
14 19 0.0
14 20 0.0
14 21 0.0
14 22 0.0
14 23 0.0
14 24 0.0
14 25 0.0
14 26 0.0
14 27 0.0
14 28 0.0
14 29 0.0
14 30 0.0
14 31 0.0
14 32 0.0
14 33 0.0
14 34 0.0
14 35 0.0
14 36 0.0
14 37 0.0
14 38 0.0
14 39 0.0
14 40 0.0
14 41 0.0
14 42 0.0
14 43 0.0
14 44 0.0
14 45 0.0
14 46 0.0
14 47 0.0
14 48 0.0
14 49 0.0
14 50 0.0
14 51 0.0
14 52 0.0
14 53 0.0
14 54 0.0
14 55 0.0
14 56 0.0
14 57 0.0
14 58 0.0
14 59 0.0
14 60 0.0
14 61 0.0
14 62 0.0
14 63 0.0
14 64 0.0
14 65 0.0
14 66 0.0
14 67 0.0
14 68 0.0
14 69 0.0
14 70 0.0
14 71 0.0
14 72 0.0
14 73 0.0
14 74 0.0
14 75 0.0
14 76 0.0
14 77 0.0
14 78 0.0
14 79 0.0
14 80 0.0
14 81 0.0
14 82 0.0
14 83 0.0
14 84 0.0
14 85 0.0
14 86 0.0
14 87 0.0
14 88 0.0
14 89 0.0
14 90 0.0
14 91 0.0
14 92 0.0
14 93 0.16538458520919339
14 94 0.0
14 95 0.0
14 96 0.0
14 97 0.0
14 98 0.0
14 99 0.0
14 100 0.0
14 101 0.0
14 102 0.0
14 103 0.0
14 104 0.0
14 105 0.0
14 106 0.0
14 107 0.0
14 108 0.0
14 109 0.0
14 110 0.0
14 111 0.0
14 112 0.0
14 113 0.0
14 114 0.0
14 115 0.0
14 116 0.0
14 117 0.0
14 118 0.0
14 119 0.0
14 120 0.0
14 121 0.0
14 122 0.0
14 123 0.0
14 124 0.0
14 125 0.0
14 126 0.0
15 16 0.0
15 17 0.0
15 18 0.0
15 19 0.0
15 20 0.0
15 21 0.0
15 22 0.0
15 23 0.0
15 24 0.0
15 25 0.0
15 26 0.0
15 27 0.0
15 28 0.0
15 29 0.0
15 30 0.0
15 31 0.0
15 32 0.0
15 33 0.0
15 34 0.0
15 35 0.0
15 36 0.0
15 37 0.0
15 38 0.0
15 39 0.0
15 40 0.0
15 41 0.03315261660173442
15 42 0.0
15 43 0.0
15 44 0.08231897250499318
15 45 0.0
15 46 0.0
15 47 0.0
15 48 0.0
15 49 0.0
15 50 0.0
15 51 0.0
15 52 0.0
15 53 0.0
15 54 0.0
15 55 0.0
15 56 0.0
15 57 0.0
15 58 0.0
15 59 0.0
15 60 0.0
15 61 0.0
15 62 0.0
15 63 0.05920029970896908
15 64 0.0
15 65 0.0
15 66 0.0
15 67 0.0
15 68 0.0
15 69 0.0
15 70 0.0
15 71 0.0
15 72 0.0
15 73 0.0
15 74 0.0
15 75 0.0
15 76 0.0
15 77 0.0
15 78 0.0
15 79 0.0
15 80 0.0
15 81 0.044156731350563416
15 82 0.060991803955223356
15 83 0.0
15 84 0.0
15 85 0.0
15 86 0.0
15 87 0.0
15 88 0.0
15 89 0.0
15 90 0.0
15 91 0.0
15 92 0.0
15 93 0.0
15 94 0.0
15 95 0.0
15 96 0.0
15 97 0.0
15 98 0.057547118588836564
15 99 0.05091893487254374
15 100 0.0
15 101 0.0
15 102 0.0
15 103 0.0
15 104 0.0
15 105 0.0
15 106 0.0
15 107 0.0
15 108 0.0
15 109 0.0
15 110 0.0
15 111 0.047993594875613166
15 112 0.0
15 113 0.0
15 114 0.0
15 115 0.0
15 116 0.08231897250499318
15 117 0.0
15 118 0.06805046059490658
15 119 0.044156731350563416
15 120 0.09092888126987583
15 121 0.0
15 122 0.0
15 123 0.0
15 124 0.06527793007566833
15 125 0.0
15 126 0.0
16 17 0.0
16 18 0.0
16 19 0.15568744092023884
16 20 0.0
16 21 0.0
16 22 0.0
16 23 0.19608033477811446
16 24 0.0
16 25 0.0
16 26 0.0
16 27 0.0
16 28 0.0
16 29 0.0
16 30 0.0
16 31 0.0
16 32 0.0
16 33 0.14987468878119659
16 34 0.0
16 35 0.15894763247375387
16 36 0.0
16 37 0.1437348659990808
16 38 0.0
16 39 0.0
16 40 0.0
16 41 0.0
16 42 0.0
16 43 0.0
16 44 0.0
16 45 0.0
16 46 0.0
16 47 0.18044235172346781
16 48 0.0
16 49 0.0
16 50 0.0
16 51 0.0
16 52 0.0
16 53 0.0
16 54 0.05500627066014516
16 55 0.0
16 56 0.0
16 57 0.0
16 58 0.0
16 59 0.0
16 60 0.0
16 61 0.0
16 62 0.0
16 63 0.0
16 64 0.0
16 65 0.0
16 66 0.14878001796980356
16 67 0.0
16 68 0.0
16 69 0.0
16 70 0.25040506881126257
16 71 0.0
16 72 0.0
16 73 0.0
16 74 0.0
16 75 0.0
16 76 0.0
16 77 0.15568744092023884
16 78 0.0708373631201131
16 79 0.0
16 80 0.0
16 81 0.0
16 82 0.5057412226117842
16 83 0.07311278357357118
16 84 0.0
16 85 0.0
16 86 0.0
16 87 0.0
16 88 0.0
16 89 0.0
16 90 0.0
16 91 0.0
16 92 0.0
16 93 0.0
16 94 0.0
16 95 0.0
16 96 0.0
16 97 0.0
16 98 0.0
16 99 0.0
16 100 0.0
16 101 0.0
16 102 0.0
16 103 0.0
16 104 0.0
16 105 0.0
16 106 0.0
16 107 0.0
16 108 0.15937464546853247
16 109 0.0
16 110 0.0
16 111 0.0
16 112 0.0
16 113 0.0
16 114 0.0
16 115 0.0
16 116 0.0
16 117 0.0
16 118 0.0
16 119 0.0
16 120 0.0
16 121 0.0
16 122 0.0
16 123 0.0
16 124 0.06410917208101491
16 125 0.0
16 126 0.0
17 18 0.0
17 19 0.0
17 20 0.0
17 21 0.0
17 22 0.0
17 23 0.0
17 24 0.0
17 25 0.0
17 26 0.0
17 27 0.0
17 28 0.0
17 29 0.0
17 30 0.0
17 31 0.0
17 32 0.0
17 33 0.0
17 34 0.0
17 35 0.0
17 36 0.0
17 37 0.0
17 38 0.0
17 39 0.0
17 40 0.0
17 41 0.0
17 42 0.0
17 43 0.0
17 44 0.0
17 45 0.0
17 46 0.0
17 47 0.0
17 48 0.0
17 49 0.0
17 50 0.0
17 51 0.0
17 52 0.0
17 53 0.0
17 54 0.0
17 55 0.0
17 56 0.0
17 57 0.0
17 58 0.0
17 59 0.0
17 60 0.0
17 61 0.0
17 62 0.0
17 63 0.0
17 64 0.0
17 65 0.0
17 66 0.0
17 67 0.0
17 68 0.0
17 69 0.0
17 70 0.0
17 71 0.0
17 72 0.0
17 73 0.0
17 74 0.0
17 75 0.0
17 76 0.0
17 77 0.0
17 78 0.0
17 79 0.0
17 80 0.0
17 81 0.0
17 82 0.0
17 83 0.0
17 84 0.0
17 85 0.0
17 86 0.0
17 87 0.0
17 88 0.0
17 89 0.0
17 90 0.0
17 91 0.0
17 92 0.0
17 93 0.0
17 94 0.0
17 95 0.0
17 96 0.0
17 97 0.0
17 98 0.0
17 99 0.0
17 100 0.0
17 101 0.0
17 102 0.0
17 103 0.0
17 104 0.0
17 105 0.0
17 106 0.0
17 107 0.0
17 108 0.0
17 109 0.0
17 110 0.0
17 111 0.0
17 112 0.0
17 113 0.0
17 114 0.0
17 115 0.0
17 116 0.0
17 117 0.0
17 118 0.0
17 119 0.0
17 120 0.0
17 121 0.0
17 122 0.0
17 123 0.0
17 124 0.0
17 125 0.0
17 126 0.0
18 19 0.0
18 20 0.0
18 21 0.0
18 22 0.0
18 23 0.04618808292011321
18 24 0.0
18 25 0.0
18 26 0.0
18 27 0.0
18 28 0.0
18 29 0.0
18 30 0.0
18 31 0.0
18 32 0.0
18 33 0.0
18 34 0.0
18 35 0.0
18 36 0.0
18 37 0.0
18 38 0.0
18 39 0.0
18 40 0.04675228697946011
18 41 0.0
18 42 0.0
18 43 0.0
18 44 0.0
18 45 0.0
18 46 0.0
18 47 0.0
18 48 0.0
18 49 0.0
18 50 0.0
18 51 0.07374242332611079
18 52 0.029907717199542105
18 53 0.0
18 54 0.0
18 55 0.0
18 56 0.0
18 57 0.0
18 58 0.06183437824098413
18 59 0.0
18 60 0.0
18 61 0.0
18 62 0.0
18 63 0.0
18 64 0.0
18 65 0.0
18 66 0.0
18 67 0.09605341649665129
18 68 0.0
18 69 0.0
18 70 0.0
18 71 0.0
18 72 0.0
18 73 0.0
18 74 0.0
18 75 0.0
18 76 0.0
18 77 0.0
18 78 0.0
18 79 0.0
18 80 0.0
18 81 0.0
18 82 0.0
18 83 0.045331035217648794
18 84 0.0
18 85 0.0
18 86 0.0685419616543914
18 87 0.0
18 88 0.0
18 89 0.0
18 90 0.0
18 91 0.0
18 92 0.0
18 93 0.0
18 94 0.0
18 95 0.0
18 96 0.0
18 97 0.0
18 98 0.03504125847404236
18 99 0.0
18 100 0.0
18 101 0.044143472264187654
18 102 0.0
18 103 0.0
18 104 0.0
18 105 0.030717515004109346
18 106 0.0
18 107 0.0
18 108 0.0
18 109 0.0
18 110 0.0
18 111 0.0
18 112 0.0
18 113 0.0
18 114 0.0
18 115 0.0
18 116 0.0
18 117 0.0
18 118 0.0
18 119 0.0
18 120 0.0
18 121 0.10918427821436738
18 122 0.0
18 123 0.0
18 124 0.0
18 125 0.0
18 126 0.0
19 20 0.0
19 21 0.22923709062539424
19 22 0.0
19 23 0.15161131434533667
19 24 0.0
19 25 0.0
19 26 0.0
19 27 0.0
19 28 0.0
19 29 0.0
19 30 0.0
19 31 0.0
19 32 0.0
19 33 0.115884637686531
19 34 0.0
19 35 0.1228999302693718
19 36 0.0
19 37 0.0
19 38 0.0
19 39 0.0
19 40 0.0
19 41 0.0
19 42 0.0
19 43 0.0
19 44 0.0
19 45 0.0
19 46 0.0
19 47 0.13951986638188843
19 48 0.0
19 49 0.0
19 50 0.10252417913141888
19 51 0.0
19 52 0.0
19 53 0.0721688080030706
19 54 0.0
19 55 0.0
19 56 0.1151234210972288
19 57 0.12357112720579441
19 58 0.0
19 59 0.0
19 60 0.0
19 61 0.0
19 62 0.0
19 63 0.0
19 64 0.0
19 65 0.21965639405286225
19 66 0.11503822705244789
19 67 0.0
19 68 0.0
19 69 0.0
19 70 0.14030927742000665
19 71 0.0
19 72 0.06387479195540108
19 73 0.0
19 74 0.1623582712020856
19 75 0.0
19 76 0.0
19 77 1.0000000000000002
19 78 0.0
19 79 0.04620327181630576
19 80 0.0
19 81 0.06415175463073718
19 82 0.17908864660139429
19 83 0.0
19 84 0.0
19 85 0.0
19 86 0.0
19 87 0.0
19 88 0.0
19 89 0.0
19 90 0.0
19 91 0.0
19 92 0.0
19 93 0.0
19 94 0.0
19 95 0.0
19 96 0.0
19 97 0.0688208268553846
19 98 0.0
19 99 0.0
19 100 0.0
19 101 0.0
19 102 0.0
19 103 0.0
19 104 0.0
19 105 0.047332225695407786
19 106 0.0
19 107 0.19174869139395923
19 108 0.12323010107132489
19 109 0.0
19 110 0.0677155818364745
19 111 0.0
19 112 0.0
19 113 0.0
19 114 0.1151234210972288
19 115 0.0
19 116 0.0
19 117 0.0
19 118 0.09819578653488716
19 119 0.06415175463073718
19 120 0.0
19 121 0.0
19 122 0.0
19 123 0.0
19 124 0.0
19 125 0.0
19 126 0.0
20 21 0.0
20 22 0.0
20 23 0.0
20 24 0.0
20 25 0.0
20 26 0.0
20 27 0.0
20 28 0.0
20 29 0.0
20 30 0.0
20 31 0.0
20 32 0.0
20 33 0.0
20 34 0.0
20 35 0.0
20 36 0.0
20 37 0.0
20 38 0.0
20 39 0.0
20 40 0.0
20 41 0.0
20 42 0.0
20 43 0.0
20 44 0.0
20 45 0.0
20 46 0.0
20 47 0.0
20 48 0.0
20 49 0.0
20 50 0.0
20 51 0.0
20 52 0.0
20 53 0.0
20 54 0.0
20 55 0.0
20 56 0.0
20 57 0.0
20 58 0.0
20 59 0.0
20 60 0.0
20 61 0.0
20 62 0.0
20 63 0.0
20 64 0.0
20 65 0.0
20 66 0.0
20 67 0.0
20 68 0.0
20 69 0.0
20 70 0.0
20 71 0.0
20 72 0.0
20 73 0.0
20 74 0.0
20 75 0.0
20 76 0.0
20 77 0.0
20 78 0.0
20 79 0.0
20 80 0.0
20 81 0.0
20 82 0.0
20 83 0.0
20 84 0.0
20 85 0.0
20 86 0.0
20 87 0.0
20 88 0.0
20 89 0.0
20 90 0.0
20 91 0.0
20 92 0.0
20 93 0.0
20 94 0.0
20 95 0.0
20 96 0.0
20 97 0.0
20 98 0.0
20 99 0.0
20 100 0.0
20 101 0.0
20 102 0.0
20 103 0.0
20 104 0.0
20 105 0.0
20 106 0.0
20 107 0.0
20 108 0.0
20 109 0.0
20 110 0.0
20 111 0.0
20 112 0.0
20 113 0.0
20 114 0.0
20 115 0.0
20 116 0.0
20 117 0.0
20 118 0.0
20 119 0.0
20 120 0.0
20 121 0.0
20 122 0.0
20 123 0.0
20 124 0.0
20 125 0.0
20 126 0.0
21 22 0.0797491358033038
21 23 0.0
21 24 0.0
21 25 0.0
21 26 0.0
21 27 0.0
21 28 0.0
21 29 0.0
21 30 0.0
21 31 0.0
21 32 0.0
21 33 0.0
21 34 0.0
21 35 0.0
21 36 0.0
21 37 0.0
21 38 0.0
21 39 0.0
21 40 0.0
21 41 0.0
21 42 0.05361594551744491
21 43 0.0
21 44 0.0
21 45 0.0
21 46 0.09376498860327485
21 47 0.0
21 48 0.0
21 49 0.0
21 50 0.0
21 51 0.0
21 52 0.0
21 53 0.06488374010168564
21 54 0.0
21 55 0.0
21 56 0.10350230717087212
21 57 0.21075154439648924
21 58 0.0
21 59 0.0
21 60 0.0
21 61 0.0
21 62 0.0
21 63 0.0
21 64 0.0
21 65 0.0
21 66 0.0
21 67 0.0
21 68 0.0
21 69 0.0
21 70 0.0
21 71 0.0
21 72 0.05742696207629132
21 73 0.0
21 74 0.0
21 75 0.0
21 76 0.0
21 77 0.22923709062539424
21 78 0.0
21 79 0.04153929049582155
21 80 0.0
21 81 0.0
21 82 0.0
21 83 0.0
21 84 0.0
21 85 0.0
21 86 0.0
21 87 0.0
21 88 0.0
21 89 0.0
21 90 0.0
21 91 0.0
21 92 0.0
21 93 0.0
21 94 0.0
21 95 0.0
21 96 0.0
21 97 0.06187372033466165
21 98 0.0
21 99 0.0
21 100 0.0
21 101 0.0
21 102 0.0
21 103 0.0
21 104 0.0
21 105 0.042554282319925515
21 106 0.0
21 107 0.207190269615532
21 108 0.0
21 109 0.0
21 110 0.06088004408393857
21 111 0.0
21 112 0.0
21 113 0.0
21 114 0.10350230717087212
21 115 0.0
21 116 0.0
21 117 0.0
21 118 0.08828342976565634
21 119 0.0
21 120 0.0
21 121 0.0
21 122 0.0
21 123 0.0
21 124 0.0
21 125 0.0
21 126 0.0
22 23 0.0
22 24 0.0
22 25 0.0
22 26 0.0
22 27 0.0
22 28 0.0
22 29 0.0
22 30 0.0
22 31 0.0
22 32 0.0
22 33 0.0
22 34 0.0
22 35 0.0
22 36 0.0
22 37 0.0
22 38 0.0
22 39 0.0
22 40 0.0
22 41 0.0
22 42 0.0
22 43 0.0
22 44 0.0
22 45 0.0
22 46 0.0
22 47 0.0
22 48 0.0
22 49 0.0
22 50 0.0
22 51 0.0
22 52 0.0
22 53 0.1709869158253855
22 54 0.0
22 55 0.0
22 56 0.0
22 57 0.09825429733071575
22 58 0.0
22 59 0.0
22 60 0.0
22 61 0.0
22 62 0.0
22 63 0.0
22 64 0.0
22 65 0.0
22 66 0.0
22 67 0.0
22 68 0.0
22 69 0.0
22 70 0.0
22 71 0.0
22 72 0.0
22 73 0.0
22 74 0.0
22 75 0.0
22 76 0.0
22 77 0.0
22 78 0.0
22 79 0.0
22 80 0.0
22 81 0.0
22 82 0.0
22 83 0.0
22 84 0.0
22 85 0.0
22 86 0.0
22 87 0.0
22 88 0.0
22 89 0.0
22 90 0.0
22 91 0.0
22 92 0.0
22 93 0.0
22 94 0.0
22 95 0.0
22 96 0.0
22 97 0.0
22 98 0.0
22 99 0.0
22 100 0.0
22 101 0.0
22 102 0.0
22 103 0.0
22 104 0.0
22 105 0.0
22 106 0.0
22 107 0.0
22 108 0.0
22 109 0.0
22 110 0.0
22 111 0.0
22 112 0.0
22 113 0.0
22 114 0.0
22 115 0.0
22 116 0.0
22 117 0.0
22 118 0.0
22 119 0.0
22 120 0.0
22 121 0.0
22 122 0.0
22 123 0.0
22 124 0.0
22 125 0.09035141674970945
22 126 0.0
23 24 0.0
23 25 0.0
23 26 0.0
23 27 0.0
23 28 0.0275961443074095
23 29 0.0
23 30 0.0
23 31 0.0
23 32 0.341500782516406
23 33 0.42758258191867493
23 34 0.0
23 35 0.15478614928079693
23 36 0.0
23 37 0.0
23 38 0.0
23 39 0.0
23 40 0.0
23 41 0.0
23 42 0.0
23 43 0.03506458841585917
23 44 0.0
23 45 0.0
23 46 0.0
23 47 0.2873900585477934
23 48 0.0
23 49 0.07785900517814942
23 50 0.09871605724626348
23 51 0.0
23 52 0.03612725589881803
23 53 0.0
23 54 0.0
23 55 0.0
23 56 0.0
23 57 0.0
23 58 0.033014144202251905
23 59 0.0
23 60 0.0
23 61 0.0
23 62 0.0
23 63 0.0
23 64 0.0
23 65 0.0
23 66 0.4557495150058386
23 67 0.0
23 68 0.0
23 69 0.0
23 70 0.17671232776627768
23 71 0.08109912802215746
23 72 0.0
23 73 0.3588752925692919
23 74 0.0
23 75 0.0
23 76 0.0
23 77 0.15161131434533667
23 78 0.0
23 79 0.0
23 80 0.0
23 81 0.0
23 82 0.22555295130421718
23 83 0.05475797094575323
23 84 0.0
23 85 0.0
23 86 0.0
23 87 0.0
23 88 0.0
23 89 0.0
23 90 0.0
23 91 0.0
23 92 0.0
23 93 0.0
23 94 0.0
23 95 0.0
23 96 0.0
23 97 0.0
23 98 0.042328356372439424
23 99 0.0
23 100 0.0
23 101 0.05332344518675268
23 102 0.0
23 103 0.0
23 104 0.0
23 105 0.037105457354873986
23 106 0.0
23 107 0.0
23 108 0.2538355782595268
23 109 0.04723845675490393
23 110 0.0
23 111 0.02609178849979414
23 112 0.0
23 113 0.2618261476617342
23 114 0.0
23 115 0.0
23 116 0.0
23 117 0.0
23 118 0.0
23 119 0.0
23 120 0.0
23 121 0.03334950104452344
23 122 0.0
23 123 0.0
23 124 0.03548844277351976
23 125 0.022260765325174986
23 126 0.0
24 25 0.0
24 26 0.0
24 27 0.0
24 28 0.2541863679654043
24 29 0.0
24 30 0.0
24 31 0.0
24 32 0.0
24 33 0.0
24 34 0.0
24 35 0.16082435027146294
24 36 0.0
24 37 0.0
24 38 0.0
24 39 0.0
24 40 0.0
24 41 0.0
24 42 0.0
24 43 0.0
24 44 0.0
24 45 0.0
24 46 0.0
24 47 0.0
24 48 0.0
24 49 0.0
24 50 0.0
24 51 0.0
24 52 0.0
24 53 0.0
24 54 0.0
24 55 0.0
24 56 0.0
24 57 0.0
24 58 0.03544346539605488
24 59 0.0
24 60 0.0
24 61 0.10871991815818498
24 62 0.0
24 63 0.0
24 64 0.0
24 65 0.0
24 66 0.0
24 67 0.0
24 68 0.0
24 69 0.33647650284037894
24 70 0.18360586803159915
24 71 0.0
24 72 0.17805759206440863
24 73 0.18502799338007977
24 74 0.0
24 75 0.0
24 76 0.031667548449587725
24 77 0.0
24 78 0.0
24 79 0.0
24 80 0.0
24 81 0.0
24 82 0.0
24 83 0.1947141360727999
24 84 0.0
24 85 0.0
24 86 0.0
24 87 0.0
24 88 0.0
24 89 0.0
24 90 0.0
24 91 0.0
24 92 0.0
24 93 0.0
24 94 0.0
24 95 0.0
24 96 0.0
24 97 0.19184517614252988
24 98 0.0
24 99 0.0
24 100 0.0
24 101 0.0
24 102 0.0
24 103 0.0
24 104 0.0
24 105 0.0
24 106 0.0
24 107 0.0
24 108 0.0
24 109 0.05071446338570448
24 110 0.0
24 111 0.0
24 112 0.02900362378601312
24 113 0.0
24 114 0.0
24 115 0.0
24 116 0.0
24 117 0.0
24 118 0.0
24 119 0.0
24 120 0.0
24 121 0.0
24 122 0.0
24 123 0.0
24 124 0.0
24 125 0.0
24 126 0.0
25 26 0.0
25 27 0.0
25 28 0.0
25 29 0.0
25 30 0.0
25 31 0.0
25 32 0.0
25 33 0.0
25 34 0.0
25 35 0.0
25 36 0.0
25 37 0.0
25 38 0.0
25 39 0.0
25 40 0.0
25 41 0.0
25 42 0.0
25 43 0.0
25 44 0.0
25 45 0.0
25 46 0.0
25 47 0.0
25 48 0.0
25 49 0.0
25 50 0.0
25 51 0.0
25 52 0.0
25 53 0.0
25 54 0.06423780888775664
25 55 0.0
25 56 0.0
25 57 0.0
25 58 0.0
25 59 0.0
25 60 0.0
25 61 0.0
25 62 0.0
25 63 0.0
25 64 0.0
25 65 0.0
25 66 0.0
25 67 0.0
25 68 0.0
25 69 0.0
25 70 0.0
25 71 0.0
25 72 0.0
25 73 0.0
25 74 0.0
25 75 0.0
25 76 0.0
25 77 0.0
25 78 0.0
25 79 0.0
25 80 0.0
25 81 0.0
25 82 0.0
25 83 0.0
25 84 0.0
25 85 0.0
25 86 0.0
25 87 0.0
25 88 0.0
25 89 0.0
25 90 0.0
25 91 0.0
25 92 0.0
25 93 0.0
25 94 0.0
25 95 0.0
25 96 0.0
25 97 0.0
25 98 0.0
25 99 0.0
25 100 0.0
25 101 0.0
25 102 0.0
25 103 0.0
25 104 0.0
25 105 0.0
25 106 0.0
25 107 0.0
25 108 0.0
25 109 0.0
25 110 0.0
25 111 0.0
25 112 0.0
25 113 0.0
25 114 0.0
25 115 0.0
25 116 0.0
25 117 0.0
25 118 0.0
25 119 0.0
25 120 0.0
25 121 0.0
25 122 0.0
25 123 0.053084449554466916
25 124 0.0
25 125 0.0
25 126 0.0
26 27 0.12870570200881856
26 28 0.0
26 29 0.0
26 30 0.0
26 31 0.0
26 32 0.0
26 33 0.0
26 34 0.0
26 35 0.0
26 36 0.0
26 37 0.0
26 38 0.0
26 39 0.0
26 40 0.0
26 41 0.0
26 42 0.0
26 43 0.0
26 44 0.0
26 45 0.0
26 46 0.0
26 47 0.0
26 48 0.0
26 49 0.0
26 50 0.0
26 51 0.0
26 52 0.0
26 53 0.0
26 54 0.0
26 55 0.0
26 56 0.0
26 57 0.0
26 58 0.0
26 59 0.0
26 60 0.0
26 61 0.0
26 62 0.0
26 63 0.0
26 64 0.0
26 65 0.0
26 66 0.0
26 67 0.0
26 68 0.0
26 69 0.0
26 70 0.0
26 71 0.0
26 72 0.0
26 73 0.0
26 74 0.0
26 75 0.0
26 76 0.0
26 77 0.0
26 78 0.0
26 79 0.0
26 80 0.0
26 81 0.0
26 82 0.0
26 83 0.0
26 84 0.0
26 85 0.0
26 86 0.0
26 87 0.0
26 88 0.0
26 89 0.5874631100743908
26 90 0.0
26 91 0.12870570200881856
26 92 0.0
26 93 0.0
26 94 0.0
26 95 0.0
26 96 0.0
26 97 0.0
26 98 0.0
26 99 0.0
26 100 0.0
26 101 0.0
26 102 0.0
26 103 0.0
26 104 0.0
26 105 0.0
26 106 0.0
26 107 0.0
26 108 0.0
26 109 0.0
26 110 0.0
26 111 0.0
26 112 0.0
26 113 0.0
26 114 0.0
26 115 0.0
26 116 0.0
26 117 0.0
26 118 0.0
26 119 0.0
26 120 0.0
26 121 0.0
26 122 0.0
26 123 0.0
26 124 0.0
26 125 0.0
26 126 0.0
27 28 0.0
27 29 0.0
27 30 0.0
27 31 0.12466562463268603
27 32 0.0
27 33 0.0
27 34 0.0
27 35 0.0
27 36 0.0
27 37 0.0
27 38 0.0
27 39 0.0
27 40 0.0
27 41 0.0
27 42 0.0
27 43 0.0
27 44 0.0
27 45 0.0
27 46 0.0
27 47 0.0
27 48 0.0
27 49 0.0
27 50 0.0
27 51 0.0
27 52 0.0
27 53 0.0
27 54 0.0
27 55 0.10646301237364035
27 56 0.0
27 57 0.0
27 58 0.0
27 59 0.0
27 60 0.0
27 61 0.0
27 62 0.0
27 63 0.0
27 64 0.0
27 65 0.0
27 66 0.0
27 67 0.0
27 68 0.0
27 69 0.0
27 70 0.0
27 71 0.0
27 72 0.0
27 73 0.0
27 74 0.0
27 75 0.0
27 76 0.0
27 77 0.0
27 78 0.0
27 79 0.0
27 80 0.0
27 81 0.0
27 82 0.0
27 83 0.0
27 84 0.0
27 85 0.0
27 86 0.0
27 87 0.0
27 88 0.0
27 89 0.10366935798512789
27 90 0.0
27 91 1.0
27 92 0.0
27 93 0.0
27 94 0.0
27 95 0.0
27 96 0.0
27 97 0.0
27 98 0.0
27 99 0.0
27 100 0.0
27 101 0.0
27 102 0.0
27 103 0.0
27 104 0.0
27 105 0.0
27 106 0.0
27 107 0.0
27 108 0.0
27 109 0.0
27 110 0.0
27 111 0.0
27 112 0.0
27 113 0.0
27 114 0.0
27 115 0.0
27 116 0.0
27 117 0.0
27 118 0.0
27 119 0.0
27 120 0.0
27 121 0.0
27 122 0.0
27 123 0.0
27 124 0.0
27 125 0.0
27 126 0.0
28 29 0.0
28 30 0.0
28 31 0.0
28 32 0.0
28 33 0.0
28 34 0.0
28 35 0.0
28 36 0.0
28 37 0.0
28 38 0.0
28 39 0.0
28 40 0.05112428635889457
28 41 0.0
28 42 0.0
28 43 0.0234651189279184
28 44 0.0
28 45 0.0
28 46 0.0
28 47 0.0
28 48 0.0
28 49 0.0
28 50 0.0
28 51 0.0
28 52 0.0
28 53 0.0
28 54 0.05620954299085427
28 55 0.0
28 56 0.0
28 57 0.0
28 58 0.022092967720645267
28 59 0.0
28 60 0.0
28 61 0.0
28 62 0.0
28 63 0.0
28 64 0.0
28 65 0.0
28 66 0.02093914645035552
28 67 0.0
28 68 0.0
28 69 0.0
28 70 0.0
28 71 0.0
28 72 0.0
28 73 0.02573677136554629
28 74 0.0
28 75 0.0
28 76 0.0
28 77 0.0
28 78 0.0
28 79 0.0
28 80 0.0
28 81 0.0
28 82 0.0
28 83 0.0
28 84 0.0
28 85 0.0
28 86 0.07300759370983641
28 87 0.0
28 88 0.0
28 89 0.0
28 90 0.0
28 91 0.0
28 92 0.0
28 93 0.0
28 94 0.0
28 95 0.0
28 96 0.0
28 97 0.0
28 98 0.05775309054689721
28 99 0.0
28 100 0.0
28 101 0.0
28 102 0.0
28 103 0.0
28 104 0.049226139549413864
28 105 0.0
28 106 0.0
28 107 0.0
28 108 0.0
28 109 0.03161183563825359
28 110 0.0
28 111 0.017460547744882506
28 112 0.0
28 113 0.027425782308910577
28 114 0.0
28 115 0.0
28 116 0.0
28 117 0.0
28 118 0.0
28 119 0.0
28 120 0.0
28 121 0.022317387528283262
28 122 0.0
28 123 0.0
28 124 0.023748761011283728
28 125 0.014896838359735648
28 126 0.0
29 30 0.0
29 31 0.0
29 32 0.0
29 33 0.23505729223172378
29 34 0.0
29 35 0.12084660099252052
29 36 0.0
29 37 0.0
29 38 0.0638028240203368
29 39 0.0
29 40 0.0
29 41 0.0
29 42 0.0
29 43 0.0
29 44 0.0
29 45 0.0
29 46 0.15928225616956104
29 47 0.34028370578599165
29 48 0.0
29 49 0.0
29 50 0.0
29 51 0.0
29 52 0.0
29 53 0.0
29 54 0.047045216751665765
29 55 0.0
29 56 0.0
29 57 0.0
29 58 0.0
29 59 0.0
29 60 0.0
29 61 0.0
29 62 0.0
29 63 0.0
29 64 0.0
29 65 0.0
29 66 0.11311624581904826
29 67 0.0
29 68 0.0
29 69 0.0
29 70 0.0
29 71 0.0
29 72 0.0
29 73 0.0
29 74 0.0
29 75 0.0
29 76 0.0
29 77 0.0
29 78 0.6255546872466885
29 79 0.0
29 80 0.0
29 81 0.0
29 82 0.0
29 83 0.0
29 84 0.0
29 85 0.09179171190794788
29 86 0.0
29 87 0.0
29 88 0.0
29 89 0.0
29 90 0.0
29 91 0.0
29 92 0.0
29 93 0.0
29 94 0.0
29 95 0.0
29 96 0.0
29 97 0.0
29 98 0.0
29 99 0.0
29 100 0.0
29 101 0.0
29 102 0.0
29 103 0.0
29 104 0.0
29 105 0.0
29 106 0.0
29 107 0.0
29 108 0.050654031878146696
29 109 0.0729847624445703
29 110 0.0
29 111 0.0
29 112 0.0
29 113 0.0
29 114 0.0
29 115 0.0
29 116 0.0
29 117 0.0
29 118 0.0
29 119 0.0
29 120 0.0
29 121 0.0
29 122 0.0
29 123 0.04517465951175371
29 124 0.0
29 125 0.0
29 126 0.0
30 31 0.0
30 32 0.0
30 33 0.0
30 34 0.0
30 35 0.0
30 36 0.0
30 37 0.0
30 38 0.0
30 39 0.34353559965346603
30 40 0.0
30 41 0.0
30 42 0.0
30 43 0.0
30 44 0.0
30 45 0.0
30 46 0.0
30 47 0.0
30 48 0.5716282808282878
30 49 0.0
30 50 0.0
30 51 0.0
30 52 0.0
30 53 0.0
30 54 0.0
30 55 0.0
30 56 0.0
30 57 0.0
30 58 0.0
30 59 0.0
30 60 0.0
30 61 0.0
30 62 0.0
30 63 0.0
30 64 0.0
30 65 0.0
30 66 0.0
30 67 0.0
30 68 0.0
30 69 0.0
30 70 0.0
30 71 0.0
30 72 0.0
30 73 0.0
30 74 0.0
30 75 0.0
30 76 0.0
30 77 0.0
30 78 0.0
30 79 0.0
30 80 0.35898076680487345
30 81 0.0
30 82 0.0
30 83 0.0
30 84 0.0
30 85 0.23532551470535565
30 86 0.0
30 87 0.0
30 88 0.0
30 89 0.0
30 90 0.0
30 91 0.0
30 92 0.0
30 93 0.0
30 94 0.0
30 95 0.0
30 96 0.0
30 97 0.0
30 98 0.0
30 99 0.0
30 100 0.0
30 101 0.0
30 102 0.0
30 103 0.0
30 104 0.0
30 105 0.0
30 106 0.0
30 107 0.0
30 108 0.0
30 109 0.0
30 110 0.0
30 111 0.0
30 112 0.0
30 113 0.0
30 114 0.0
30 115 0.0
30 116 0.0
30 117 0.0
30 118 0.0
30 119 0.0
30 120 0.0
30 121 0.0
30 122 0.0
30 123 0.0
30 124 0.0
30 125 0.0
30 126 0.0
31 32 0.0
31 33 0.0
31 34 0.0
31 35 0.0
31 36 0.0
31 37 0.0
31 38 0.0
31 39 0.0
31 40 0.0
31 41 0.0
31 42 0.0
31 43 0.0
31 44 0.0
31 45 0.0
31 46 0.0
31 47 0.0
31 48 0.0
31 49 0.0
31 50 0.0
31 51 0.0
31 52 0.0
31 53 0.0
31 54 0.0
31 55 0.09090567384550619
31 56 0.0
31 57 0.0
31 58 0.0
31 59 0.0
31 60 0.0
31 61 0.0
31 62 0.0
31 63 0.0
31 64 0.0
31 65 0.0
31 66 0.0
31 67 0.0
31 68 0.0
31 69 0.0
31 70 0.0
31 71 0.0
31 72 0.0
31 73 0.0
31 74 0.0
31 75 0.0
31 76 0.0
31 77 0.0
31 78 0.0
31 79 0.0
31 80 0.0
31 81 0.0
31 82 0.0
31 83 0.0
31 84 0.0
31 85 0.0
31 86 0.0
31 87 0.0
31 88 0.0
31 89 0.0
31 90 0.0
31 91 0.12466562463268603
31 92 0.0
31 93 0.0
31 94 0.0
31 95 0.0
31 96 0.0
31 97 0.0
31 98 0.0
31 99 0.0
31 100 0.0
31 101 0.0
31 102 0.0
31 103 0.0
31 104 0.0
31 105 0.0
31 106 0.0
31 107 0.0
31 108 0.0
31 109 0.0
31 110 0.0
31 111 0.0
31 112 0.0
31 113 0.0
31 114 0.0
31 115 0.0
31 116 0.0
31 117 0.0
31 118 0.0
31 119 0.0
31 120 0.0
31 121 0.0
31 122 0.0
31 123 0.0
31 124 0.0
31 125 0.0
31 126 0.0
32 33 0.4534308556105108
32 34 0.0
32 35 0.11925672335357036
32 36 0.0
32 37 0.0
32 38 0.0
32 39 0.13223750109081972
32 40 0.0
32 41 0.0
32 42 0.0
32 43 0.12509420784524264
32 44 0.0
32 45 0.0
32 46 0.0
32 47 0.0
32 48 0.0
32 49 0.0
32 50 0.2772864186544096
32 51 0.0
32 52 0.0
32 53 0.0
32 54 0.07723805655927368
32 55 0.0
32 56 0.0
32 57 0.0
32 58 0.0
32 59 0.0
32 60 0.0
32 61 0.0
32 62 0.16268903859362052
32 63 0.0
32 64 0.17932161883839293
32 65 0.0
32 66 0.3707488666689217
32 67 0.0
32 68 0.0
32 69 0.0
32 70 0.0
32 71 0.0
32 72 0.13203575803033094
32 73 0.0
32 74 0.0
32 75 0.0
32 76 0.0
32 77 0.0
32 78 0.0
32 79 0.0
32 80 0.0
32 81 0.0
32 82 0.0
32 83 0.0
32 84 0.0
32 85 0.0
32 86 0.0
32 87 0.0
32 88 0.0
32 89 0.0
32 90 0.0
32 91 0.0
32 92 0.0
32 93 0.0
32 94 0.0
32 95 0.0
32 96 0.0
32 97 0.0
32 98 0.0
32 99 0.0
32 100 0.0
32 101 0.0
32 102 0.0
32 103 0.16396843937918767
32 104 0.0
32 105 0.0
32 106 0.0
32 107 0.0
32 108 0.11957710667601525
32 109 0.0
32 110 0.0
32 111 0.0
32 112 0.0
32 113 0.0
32 114 0.0
32 115 0.0
32 116 0.0
32 117 0.0
32 118 0.0
32 119 0.0
32 120 0.0
32 121 0.0
32 122 0.0
32 123 0.0
32 124 0.0
32 125 0.0
32 126 0.0
33 34 0.0
33 35 0.3617596927528159
33 36 0.0
33 37 0.0
33 38 0.0
33 39 0.10905477167129364
33 40 0.0
33 41 0.0
33 42 0.0
33 43 0.10316377851540753
33 44 0.0
33 45 0.0
33 46 0.19124779823172483
33 47 0.2990313415808
33 48 0.0
33 49 0.0
33 50 0.09869633253038815
33 51 0.0
33 52 0.0
33 53 0.0
33 54 0.06369735175667816
33 55 0.0
33 56 0.0
33 57 0.0
33 58 0.0
33 59 0.0
33 60 0.0
33 61 0.0
33 62 0.0
33 63 0.0
33 64 0.0
33 65 0.0
33 66 0.5523125201901804
33 67 0.0
33 68 0.0
33 69 0.0
33 70 0.13507068497073865
33 71 0.0
33 72 0.10888839645082754
33 73 0.0
33 74 0.0
33 75 0.0
33 76 0.0
33 77 0.115884637686531
33 78 0.17020731826108979
33 79 0.0
33 80 0.0
33 81 0.0
33 82 0.1724021861685084
33 83 0.0
33 84 0.0
33 85 0.11021292151730958
33 86 0.0
33 87 0.0
33 88 0.0
33 89 0.0
33 90 0.0
33 91 0.0
33 92 0.0
33 93 0.0
33 94 0.0
33 95 0.0
33 96 0.0
33 97 0.0
33 98 0.0
33 99 0.0
33 100 0.0
33 101 0.0
33 102 0.0
33 103 0.0
33 104 0.0
33 105 0.0
33 106 0.0
33 107 0.0
33 108 0.2172430649656272
33 109 0.0
33 110 0.0
33 111 0.0
33 112 0.0
33 113 0.0
33 114 0.0
33 115 0.0
33 116 0.0
33 117 0.0
33 118 0.0
33 119 0.0
33 120 0.0
33 121 0.0
33 122 0.0
33 123 0.0
33 124 0.0
33 125 0.0
33 126 0.0
34 35 0.0
34 36 0.0
34 37 0.0
34 38 0.0
34 39 0.0
34 40 0.0
34 41 0.0
34 42 0.0
34 43 0.0
34 44 0.0
34 45 0.0
34 46 0.0
34 47 0.0
34 48 0.0
34 49 0.14498318076493807
34 50 0.0
34 51 0.0
34 52 0.0
34 53 0.0
34 54 0.0
34 55 0.0
34 56 0.0
34 57 0.0
34 58 0.0
34 59 0.0
34 60 0.0
34 61 0.0
34 62 0.0
34 63 0.0
34 64 0.0
34 65 0.0
34 66 0.0
34 67 0.0
34 68 0.0
34 69 0.0
34 70 0.0
34 71 0.43377920586676716
34 72 0.16090274802403864
34 73 0.0
34 74 0.0
34 75 0.0
34 76 0.0
34 77 0.0
34 78 0.0
34 79 0.0
34 80 0.0
34 81 0.0
34 82 0.0
34 83 0.0
34 84 0.20543012170632718
34 85 0.0
34 86 0.0
34 87 0.0
34 88 0.0
34 89 0.0
34 90 0.0
34 91 0.0
34 92 0.0
34 93 0.0
34 94 0.0
34 95 0.0
34 96 0.0
34 97 0.0
34 98 0.0
34 99 0.0
34 100 0.0
34 101 0.0
34 102 0.0
34 103 0.0
34 104 0.0
34 105 0.0
34 106 0.0
34 107 0.0
34 108 0.0
34 109 0.0
34 110 0.0
34 111 0.0
34 112 0.0
34 113 0.0
34 114 0.0
34 115 0.0
34 116 0.0
34 117 0.0
34 118 0.0
34 119 0.0
34 120 0.0
34 121 0.0
34 122 0.0
34 123 0.0
34 124 0.0
34 125 0.0
34 126 0.0
35 36 0.0
35 37 0.0
35 38 0.0
35 39 0.11565660558217399
35 40 0.0
35 41 0.0
35 42 0.0
35 43 0.10940899017318265
35 44 0.0
35 45 0.0
35 46 0.20282534023559987
35 47 0.3171337613191545
35 48 0.20967394205007295
35 49 0.0
35 50 0.1046710990169256
35 51 0.0
35 52 0.0
35 53 0.0
35 54 0.0
35 55 0.0
35 56 0.0
35 57 0.0
35 58 0.0
35 59 0.0
35 60 0.0
35 61 0.0
35 62 0.0
35 63 0.0
35 64 0.0
35 65 0.0
35 66 0.35911743354537123
35 67 0.0
35 68 0.0
35 69 0.0
35 70 0.5164592249600939
35 71 0.0
35 72 0.47741407898950106
35 73 0.3761025085357358
35 74 0.0
35 75 0.0
35 76 0.0
35 77 0.1228999302693718
35 78 0.1805111355847645
35 79 0.0
35 80 0.0
35 81 0.0
35 82 0.18283887391278947
35 83 0.39579132695838276
35 84 0.0
35 85 0.11688486618822484
35 86 0.0
35 87 0.0
35 88 0.0
35 89 0.0
35 90 0.0
35 91 0.0
35 92 0.0
35 93 0.0
35 94 0.0
35 95 0.0
35 96 0.0
35 97 0.3899596524806373
35 98 0.0
35 99 0.0
35 100 0.0
35 101 0.0
35 102 0.0
35 103 0.0
35 104 0.0
35 105 0.0
35 106 0.0
35 107 0.0
35 108 0.23039427890348724
35 109 0.0
35 110 0.0
35 111 0.0
35 112 0.0
35 113 0.0
35 114 0.0
35 115 0.0
35 116 0.0
35 117 0.0
35 118 0.0
35 119 0.0
35 120 0.0
35 121 0.0
35 122 0.0
35 123 0.0
35 124 0.0
35 125 0.0
35 126 0.0
36 37 0.0
36 38 0.0
36 39 0.0
36 40 0.0
36 41 0.0
36 42 0.0
36 43 0.0
36 44 0.0
36 45 0.0
36 46 0.0
36 47 0.0
36 48 0.0
36 49 0.0
36 50 0.0
36 51 0.0
36 52 0.0
36 53 0.0
36 54 0.0
36 55 0.0
36 56 0.0
36 57 0.0
36 58 0.0
36 59 0.0
36 60 0.0
36 61 0.0
36 62 0.0
36 63 0.0
36 64 0.0
36 65 0.0
36 66 0.0
36 67 0.0
36 68 0.0
36 69 0.0
36 70 0.0
36 71 0.0
36 72 0.0
36 73 0.0
36 74 0.0
36 75 0.07111120324133645
36 76 0.0
36 77 0.0
36 78 0.0
36 79 0.0
36 80 0.0
36 81 0.0
36 82 0.0
36 83 0.0
36 84 0.0
36 85 0.0
36 86 0.0
36 87 0.0
36 88 0.0
36 89 0.0
36 90 0.0
36 91 0.0
36 92 0.1131694852672038
36 93 0.08610514131998555
36 94 0.0
36 95 0.1131694852672038
36 96 0.0
36 97 0.036778609418403156
36 98 0.0
36 99 0.0
36 100 0.0
36 101 0.0
36 102 0.0
36 103 0.0
36 104 0.0
36 105 0.0
36 106 0.0
36 107 0.0
36 108 0.03091444078795094
36 109 0.0
36 110 0.0
36 111 0.0
36 112 0.0
36 113 0.0
36 114 0.0
36 115 0.0
36 116 0.0
36 117 0.0
36 118 0.0
36 119 0.0
36 120 0.0
36 121 0.0
36 122 0.0
36 123 0.0
36 124 0.0583520386664839
36 125 0.020531557755403888
36 126 0.0
37 38 0.0
37 39 0.0
37 40 0.0
37 41 0.11289949080557822
37 42 0.0
37 43 0.0
37 44 0.0
37 45 0.0
37 46 0.0
37 47 0.0
37 48 0.0
37 49 0.0
37 50 0.0
37 51 0.0
37 52 0.0
37 53 0.0
37 54 0.0
37 55 0.0
37 56 0.0
37 57 0.0
37 58 0.0
37 59 0.0
37 60 0.0
37 61 0.0
37 62 0.0
37 63 0.0
37 64 0.0
37 65 0.0
37 66 0.0
37 67 0.0
37 68 0.0
37 69 0.0
37 70 0.0
37 71 0.0
37 72 0.0
37 73 0.0
37 74 0.0
37 75 0.0
37 76 0.0
37 77 0.0
37 78 0.0
37 79 0.0
37 80 0.0
37 81 0.0
37 82 0.0
37 83 0.0
37 84 0.0
37 85 0.0
37 86 0.0
37 87 0.0
37 88 0.0
37 89 0.0
37 90 0.0
37 91 0.0
37 92 0.0
37 93 0.0
37 94 0.0
37 95 0.0
37 96 0.0
37 97 0.0
37 98 0.0
37 99 0.0
37 100 0.0
37 101 0.0
37 102 0.0
37 103 0.0
37 104 0.0
37 105 0.0
37 106 0.0
37 107 0.0
37 108 0.0
37 109 0.0
37 110 0.0
37 111 0.0
37 112 0.0
37 113 0.0
37 114 0.0
37 115 0.0
37 116 0.0
37 117 0.0
37 118 0.0
37 119 0.0
37 120 0.0
37 121 0.0
37 122 0.0
37 123 0.0
37 124 0.0
37 125 0.0
37 126 0.0
38 39 0.0
38 40 0.0
38 41 0.0
38 42 0.0
38 43 0.0
38 44 0.0
38 45 0.0
38 46 0.0
38 47 0.0
38 48 0.0
38 49 0.0
38 50 0.11537793004175882
38 51 0.0
38 52 0.0
38 53 0.0
38 54 0.07400469539740412
38 55 0.0
38 56 0.0
38 57 0.0
38 58 0.0
38 59 0.0
38 60 0.0
38 61 0.0
38 62 0.0
38 63 0.0
38 64 0.0
38 65 0.0
38 66 0.0
38 67 0.0
38 68 0.0
38 69 0.279445476593173
38 70 0.0
38 71 0.0
38 72 0.0
38 73 0.0
38 74 0.2547531789697436
38 75 0.0
38 76 0.0
38 77 0.0
38 78 0.09530363388655595
38 79 0.0
38 80 0.0
38 81 0.0
38 82 0.0
38 83 0.0
38 84 0.0
38 85 0.0
38 86 0.0
38 87 0.0
38 88 0.0
38 89 0.0
38 90 0.0
38 91 0.0
38 92 0.0
38 93 0.0
38 94 0.0
38 95 0.0
38 96 0.0
38 97 0.0
38 98 0.0
38 99 0.0
38 100 0.0
38 101 0.0
38 102 0.0
38 103 0.0
38 104 0.0
38 105 0.0
38 106 0.0
38 107 0.0
38 108 0.0
38 109 0.11480901750061723
38 110 0.0
38 111 0.0
38 112 0.0
38 113 0.0
38 114 0.0
38 115 0.0
38 116 0.0
38 117 0.0
38 118 0.0
38 119 0.0
38 120 0.0
38 121 0.0
38 122 0.0
38 123 0.0710622066956553
38 124 0.0
38 125 0.0
38 126 0.0
39 40 0.0
39 41 0.0
39 42 0.0
39 43 0.12131786829726421
39 44 0.0
39 45 0.0
39 46 0.0
39 47 0.0
39 48 0.4506255382732387
39 49 0.0
39 50 0.11606427026668434
39 51 0.0
39 52 0.0
39 53 0.0
39 54 0.0
39 55 0.0
39 56 0.0
39 57 0.0
39 58 0.0
39 59 0.0
39 60 0.0
39 61 0.0
39 62 0.0
39 63 0.0
39 64 0.0
39 65 0.0
39 66 0.108258245744451
39 67 0.0
39 68 0.0
39 69 0.0
39 70 0.0
39 71 0.09796820822884372
39 72 0.1280498672094378
39 73 0.0
39 74 0.0
39 75 0.0
39 76 0.0
39 77 0.0
39 78 0.0
39 79 0.0
39 80 0.2829914241415553
39 81 0.0
39 82 0.0
39 83 0.0
39 84 0.0
39 85 0.5069005331042221
39 86 0.0
39 87 0.0
39 88 0.0
39 89 0.0
39 90 0.0
39 91 0.0
39 92 0.0
39 93 0.0
39 94 0.0
39 95 0.0
39 96 0.0
39 97 0.0
39 98 0.0
39 99 0.0
39 100 0.0
39 101 0.0
39 102 0.0
39 103 0.0
39 104 0.0
39 105 0.0
39 106 0.0
39 107 0.0
39 108 0.11596731718414595
39 109 0.0
39 110 0.0
39 111 0.0
39 112 0.0
39 113 0.0
39 114 0.0
39 115 0.0
39 116 0.0
39 117 0.0
39 118 0.0
39 119 0.0
39 120 0.0
39 121 0.0
39 122 0.0
39 123 0.0
39 124 0.0
39 125 0.0
39 126 0.0
40 41 0.0
40 42 0.0
40 43 0.0
40 44 0.0
40 45 0.0
40 46 0.0
40 47 0.0
40 48 0.0
40 49 0.0
40 50 0.0
40 51 0.0355602411242841
40 52 0.02411709354571792
40 53 0.0
40 54 0.0
40 55 0.0
40 56 0.0
40 57 0.0
40 58 0.0
40 59 0.0
40 60 0.0
40 61 0.0
40 62 0.05745620646688482
40 63 0.0
40 64 0.0
40 65 0.0
40 66 0.0
40 67 0.0721034313615319
40 68 0.021481982835917384
40 69 0.0
40 70 0.0
40 71 0.0
40 72 0.0
40 73 0.0
40 74 0.0
40 75 0.0
40 76 0.0
40 77 0.0
40 78 0.0
40 79 0.024179292303011846
40 80 0.0
40 81 0.0
40 82 0.0
40 83 0.0
40 84 0.0
40 85 0.0
40 86 0.0677962116480529
40 87 0.0
40 88 0.0
40 89 0.0
40 90 0.0
40 91 0.0
40 92 0.0
40 93 0.0
40 94 0.0
40 95 0.0
40 96 0.0
40 97 0.0
40 98 0.0
40 99 0.0
40 100 0.036688428765091326
40 101 0.0
40 102 0.0
40 103 0.0
40 104 0.0
40 105 0.0903152701266025
40 106 0.0
40 107 0.0
40 108 0.0
40 109 0.0
40 110 0.08401523535910839
40 111 0.02356574074875415
40 112 0.04482643676423966
40 113 0.0
40 114 0.0
40 115 0.0
40 116 0.0
40 117 0.0
40 118 0.0
40 119 0.0
40 120 0.04464775868808608
40 121 0.0
40 122 0.0
40 123 0.0
40 124 0.0
40 125 0.0
40 126 0.0
41 42 0.0
41 43 0.0
41 44 0.0
41 45 0.10045200149527551
41 46 0.0
41 47 0.0
41 48 0.0
41 49 0.0
41 50 0.0
41 51 0.08682432934429705
41 52 0.0
41 53 0.0
41 54 0.0
41 55 0.0
41 56 0.0
41 57 0.0799797113308125
41 58 0.0
41 59 0.0
41 60 0.0
41 61 0.0
41 62 0.0
41 63 0.0
41 64 0.0
41 65 0.0
41 66 0.0
41 67 0.0
41 68 0.0
41 69 0.0
41 70 0.0
41 71 0.0
41 72 0.0
41 73 0.0
41 74 0.0
41 75 0.0
41 76 0.0
41 77 0.0
41 78 0.0
41 79 0.0
41 80 0.0
41 81 0.471265652906677
41 82 0.04065856155002777
41 83 0.0
41 84 0.0
41 85 0.0
41 86 0.0
41 87 0.0
41 88 0.0
41 89 0.0
41 90 0.0
41 91 0.0
41 92 0.0
41 93 0.0
41 94 0.0
41 95 0.0
41 96 0.0
41 97 0.0
41 98 0.0
41 99 0.0
41 100 0.0
41 101 0.0
41 102 0.0
41 103 0.0
41 104 0.0
41 105 0.0
41 106 0.0
41 107 0.0
41 108 0.0
41 109 0.0
41 110 0.05005537765670516
41 111 0.0
41 112 0.0
41 113 0.0
41 114 0.0
41 115 0.0
41 116 0.0
41 117 0.0
41 118 0.07258635377557117
41 119 0.471265652906677
41 120 0.0
41 121 0.0
41 122 0.0
41 123 0.0
41 124 0.0
41 125 0.0
41 126 0.0
42 43 0.0
42 44 0.0
42 45 0.0
42 46 0.080249265805193
42 47 0.0
42 48 0.0
42 49 0.0
42 50 0.0
42 51 0.0
42 52 0.0
42 53 0.0
42 54 0.0
42 55 0.0
42 56 0.0
42 57 0.0
42 58 0.0
42 59 0.0
42 60 0.0
42 61 0.0
42 62 0.0
42 63 0.0
42 64 0.0
42 65 0.0
42 66 0.0
42 67 0.0
42 68 0.0
42 69 0.0
42 70 0.0
42 71 0.0
42 72 0.0
42 73 0.0
42 74 0.0
42 75 0.0
42 76 0.0
42 77 0.0
42 78 0.0
42 79 0.0
42 80 0.0
42 81 0.0
42 82 0.0
42 83 0.0
42 84 0.0
42 85 0.0
42 86 0.0
42 87 0.0
42 88 0.07920008448691267
42 89 0.0
42 90 0.0
42 91 0.0
42 92 0.0
42 93 0.0
42 94 0.0
42 95 0.0
42 96 0.0
42 97 0.0
42 98 0.0
42 99 0.0
42 100 0.0
42 101 0.0
42 102 0.0
42 103 0.0
42 104 0.0
42 105 0.0
42 106 0.0
42 107 0.0
42 108 0.0
42 109 0.0
42 110 0.0
42 111 0.0
42 112 0.0
42 113 0.0
42 114 0.0
42 115 0.0
42 116 0.0
42 117 0.0
42 118 0.0
42 119 0.0
42 120 0.0
42 121 0.0
42 122 0.0
42 123 0.0
42 124 0.0
42 125 0.0
42 126 0.0
43 44 0.0
43 45 0.0
43 46 0.0
43 47 0.0
43 48 0.0
43 49 0.0
43 50 0.10979463335574913
43 51 0.0
43 52 0.0
43 53 0.0
43 54 0.0
43 55 0.0
43 56 0.0
43 57 0.0
43 58 0.028072067292432903
43 59 0.0
43 60 0.0
43 61 0.0
43 62 0.0
43 63 0.0
43 64 0.0
43 65 0.0
43 66 0.12901626306407024
43 67 0.0
43 68 0.0
43 69 0.0
43 70 0.0
43 71 0.0
43 72 0.12113278435480938
43 73 0.03270200666560672
43 74 0.0
43 75 0.0
43 76 0.0
43 77 0.0
43 78 0.0
43 79 0.0
43 80 0.0
43 81 0.0
43 82 0.0
43 83 0.0
43 84 0.0
43 85 0.0
43 86 0.0
43 87 0.0
43 88 0.0
43 89 0.0
43 90 0.0
43 91 0.0
43 92 0.0
43 93 0.0
43 94 0.0
43 95 0.0
43 96 0.0
43 97 0.0
43 98 0.0
43 99 0.0
43 100 0.0
43 101 0.0
43 102 0.0
43 103 0.0
43 104 0.0
43 105 0.0
43 106 0.0
43 107 0.0
43 108 0.10970291754927783
43 109 0.04016706078129664
43 110 0.0
43 111 0.022185958783574565
43 112 0.0
43 113 0.03484812073499319
43 114 0.0
43 115 0.0
43 116 0.0
43 117 0.0
43 118 0.0
43 119 0.0
43 120 0.0
43 121 0.02835722264238082
43 122 0.0
43 123 0.0
43 124 0.030175973895877853
43 125 0.018928423476951558
43 126 0.0
44 45 0.0
44 46 0.0
44 47 0.0
44 48 0.0
44 49 0.0
44 50 0.0
44 51 0.0
44 52 0.0
44 53 0.0
44 54 0.0
44 55 0.0
44 56 0.0
44 57 0.0
44 58 0.0
44 59 0.1678145830248575
44 60 0.0
44 61 0.0
44 62 0.0
44 63 0.06670337035631285
44 64 0.0
44 65 0.0
44 66 0.0
44 67 0.0
44 68 0.0
44 69 0.0
44 70 0.0
44 71 0.0
44 72 0.0
44 73 0.0
44 74 0.0
44 75 0.0
44 76 0.0
44 77 0.0
44 78 0.0
44 79 0.0
44 80 0.0
44 81 0.0
44 82 0.0
44 83 0.0
44 84 0.0
44 85 0.0
44 86 0.0
44 87 0.0
44 88 0.0
44 89 0.0
44 90 0.0
44 91 0.0
44 92 0.0
44 93 0.0
44 94 0.0
44 95 0.0
44 96 0.0
44 97 0.0
44 98 0.06484066437231667
44 99 0.657898056835297
44 100 0.0
44 101 0.0
44 102 0.0
44 103 0.0
44 104 0.0
44 105 0.0
44 106 0.0
44 107 0.0
44 108 0.0
44 109 0.0
44 110 0.0
44 111 0.05407632308378074
44 112 0.0
44 113 0.0
44 114 0.0
44 115 0.0
44 116 0.9999999999999999
44 117 0.0
44 118 0.076675204319819
44 119 0.0
44 120 0.10245324556204594
44 121 0.0
44 122 0.0
44 123 0.0
44 124 0.07355128212756513
44 125 0.0
44 126 0.0
45 46 0.0
45 47 0.0
45 48 0.0
45 49 0.0
45 50 0.0
45 51 0.0
45 52 0.0
45 53 0.0
45 54 0.0
45 55 0.04710898472749507
45 56 0.0
45 57 0.0
45 58 0.0
45 59 0.0
45 60 0.0879192660644855
45 61 0.0
45 62 0.0
45 63 0.0
45 64 0.0
45 65 0.0
45 66 0.0
45 67 0.0
45 68 0.0
45 69 0.0
45 70 0.0
45 71 0.0
45 72 0.0
45 73 0.0
45 74 0.0
45 75 0.0
45 76 0.0
45 77 0.0
45 78 0.0
45 79 0.0
45 80 0.0
45 81 0.0
45 82 0.0
45 83 0.0
45 84 0.0
45 85 0.0
45 86 0.0
45 87 0.0
45 88 0.0
45 89 0.0
45 90 0.0
45 91 0.0
45 92 0.0
45 93 0.0
45 94 0.0
45 95 0.0
45 96 0.0
45 97 0.0
45 98 0.0
45 99 0.0
45 100 0.0
45 101 0.0
45 102 0.0567610480302325
45 103 0.0
45 104 0.0
45 105 0.0
45 106 0.0
45 107 0.0
45 108 0.0
45 109 0.0
45 110 0.0
45 111 0.0
45 112 0.0
45 113 0.0
45 114 0.0
45 115 0.0
45 116 0.0
45 117 0.0
45 118 0.0
45 119 0.0
45 120 0.0
45 121 0.0
45 122 0.0
45 123 0.0
45 124 0.0
45 125 0.0
45 126 0.0
46 47 0.23025370564904388
46 48 0.0
46 49 0.0
46 50 0.0
46 51 0.0
46 52 0.0
46 53 0.0
46 54 0.0
46 55 0.0
46 56 0.0
46 57 0.0
46 58 0.0
46 59 0.0
46 60 0.0
46 61 0.0
46 62 0.0
46 63 0.0
46 64 0.0
46 65 0.0
46 66 0.18985094207028794
46 67 0.0
46 68 0.0
46 69 0.0
46 70 0.0
46 71 0.0
46 72 0.0
46 73 0.0
46 74 0.0
46 75 0.0
46 76 0.0
46 77 0.0
46 78 0.23792329038241108
46 79 0.0
46 80 0.0
46 81 0.0
46 82 0.0
46 83 0.0
46 84 0.0
46 85 0.15406047870299625
46 86 0.0
46 87 0.0
46 88 0.0
46 89 0.0
46 90 0.0
46 91 0.0
46 92 0.0
46 93 0.0
46 94 0.0
46 95 0.0
46 96 0.0
46 97 0.0
46 98 0.0
46 99 0.0
46 100 0.0
46 101 0.0
46 102 0.0
46 103 0.0
46 104 0.0
46 105 0.0
46 106 0.0
46 107 0.0
46 108 0.0
46 109 0.0
46 110 0.0
46 111 0.0
46 112 0.0
46 113 0.0
46 114 0.0
46 115 0.0
46 116 0.0
46 117 0.0
46 118 0.0
46 119 0.0
46 120 0.0
46 121 0.0
46 122 0.0
46 123 0.0
46 124 0.0
46 125 0.0
46 126 0.0
47 48 0.0
47 49 0.07164952065740264
47 50 0.09084316151612572
47 51 0.0
47 52 0.0
47 53 0.0
47 54 0.0
47 55 0.0
47 56 0.0
47 57 0.0
47 58 0.0
47 59 0.0
47 60 0.0
47 61 0.0
47 62 0.0
47 63 0.0
47 64 0.0
47 65 0.0
47 66 0.2968472444261558
47 67 0.0
47 68 0.0
47 69 0.0
47 70 0.1626190002009034
47 71 0.07463123418062434
47 72 0.0
47 73 0.10414772083684946
47 74 0.0
47 75 0.0
47 76 0.0
47 77 0.13951986638188843
47 78 0.5082890014939103
47 79 0.0
47 80 0.0
47 81 0.0
47 82 0.20756444045017217
47 83 0.0
47 84 0.0
47 85 0.1326913764466971
47 86 0.0
47 87 0.0
47 88 0.0
47 89 0.0
47 90 0.0
47 91 0.0
47 92 0.0
47 93 0.0
47 94 0.0
47 95 0.0
47 96 0.0
47 97 0.0
47 98 0.0
47 99 0.0
47 100 0.0
47 101 0.0
47 102 0.0
47 103 0.0
47 104 0.0
47 105 0.0
47 106 0.0
47 107 0.0
47 108 0.2335914447721947
47 109 0.0
47 110 0.0
47 111 0.0
47 112 0.0
47 113 0.0
47 114 0.0
47 115 0.0
47 116 0.0
47 117 0.0
47 118 0.0
47 119 0.0
47 120 0.0
47 121 0.0
47 122 0.09365458845645787
47 123 0.0
47 124 0.0
47 125 0.0
47 126 0.0
48 49 0.0
48 50 0.0
48 51 0.0
48 52 0.0
48 53 0.0
48 54 0.0
48 55 0.0
48 56 0.0
48 57 0.0
48 58 0.0
48 59 0.0
48 60 0.0
48 61 0.0
48 62 0.0
48 63 0.0
48 64 0.0
48 65 0.0
48 66 0.0
48 67 0.0
48 68 0.0
48 69 0.0
48 70 0.23937523185219997
48 71 0.0
48 72 0.23214169481841823
48 73 0.2412293206602813
48 74 0.0
48 75 0.0
48 76 0.0
48 77 0.0
48 78 0.0
48 79 0.0
48 80 0.4708854087738327
48 81 0.0
48 82 0.0
48 83 0.25385758073541315
48 84 0.0
48 85 0.3086832539058458
48 86 0.0
48 87 0.0
48 88 0.0
48 89 0.0
48 90 0.0
48 91 0.0
48 92 0.0
48 93 0.0
48 94 0.0
48 95 0.0
48 96 0.0
48 97 0.2501171885799464
48 98 0.0
48 99 0.0
48 100 0.0
48 101 0.0
48 102 0.0
48 103 0.0
48 104 0.0
48 105 0.0
48 106 0.0
48 107 0.0
48 108 0.0
48 109 0.0
48 110 0.0
48 111 0.0
48 112 0.0
48 113 0.0
48 114 0.0
48 115 0.0
48 116 0.0
48 117 0.0
48 118 0.0
48 119 0.0
48 120 0.0
48 121 0.0
48 122 0.0
48 123 0.0
48 124 0.0
48 125 0.0
48 126 0.0
49 50 0.06333692539011604
49 51 0.0
49 52 0.0
49 53 0.0
49 54 0.0
49 55 0.0
49 56 0.0
49 57 0.0
49 58 0.0
49 59 0.0
49 60 0.0
49 61 0.0
49 62 0.0
49 63 0.0
49 64 0.0
49 65 0.0
49 66 0.14746077640457053
49 67 0.0
49 68 0.0
49 69 0.0
49 70 0.0
49 71 0.3145044207287921
49 72 0.0
49 73 0.07261302132272479
49 74 0.0
49 75 0.0
49 76 0.0
49 77 0.0
49 78 0.0
49 79 0.0
49 80 0.0
49 81 0.0
49 82 0.0
49 83 0.0
49 84 0.0
49 85 0.0
49 86 0.0
49 87 0.0
49 88 0.0
49 89 0.0
49 90 0.0
49 91 0.0
49 92 0.0
49 93 0.0
49 94 0.0
49 95 0.0
49 96 0.0
49 97 0.0
49 98 0.0
49 99 0.0
49 100 0.0
49 101 0.0
49 102 0.0
49 103 0.0
49 104 0.0
49 105 0.0
49 106 0.0
49 107 0.0
49 108 0.06328401754740987
49 109 0.0
49 110 0.0
49 111 0.0
49 112 0.0
49 113 0.0
49 114 0.0
49 115 0.0
49 116 0.0
49 117 0.0
49 118 0.0
49 119 0.0
49 120 0.0
49 121 0.0
49 122 0.0
49 123 0.0
49 124 0.0
49 125 0.0
49 126 0.0
50 51 0.0
50 52 0.0
50 53 0.0
50 54 0.0
50 55 0.0
50 56 0.0
50 57 0.0
50 58 0.0
50 59 0.0
50 60 0.0
50 61 0.0
50 62 0.14279145014838668
50 63 0.0
50 64 0.15738979231938524
50 65 0.1410766765358827
50 66 0.09797546368127724
50 67 0.0
50 68 0.0
50 69 0.0
50 70 0.0
50 71 0.06597270808931936
50 72 0.11588720127412287
50 73 0.09206476698895608
50 74 0.10427634218464624
50 75 0.0
50 76 0.0
50 77 0.10252417913141888
50 78 0.0
50 79 0.0
50 80 0.0
50 81 0.0
50 82 0.0
50 83 0.0
50 84 0.0
50 85 0.0
50 86 0.0
50 87 0.0
50 88 0.0
50 89 0.0
50 90 0.0
50 91 0.0
50 92 0.0
50 93 0.0
50 94 0.0
50 95 0.0
50 96 0.0
50 97 0.0
50 98 0.0
50 99 0.0
50 100 0.0
50 101 0.0
50 102 0.0
50 103 0.14391437456340184
50 104 0.0
50 105 0.0
50 106 0.0
50 107 0.0
50 108 0.18518898594691305
50 109 0.0
50 110 0.0
50 111 0.0
50 112 0.0
50 113 0.0
50 114 0.0
50 115 0.0
50 116 0.0
50 117 0.0
50 118 0.0
50 119 0.0
50 120 0.0
50 121 0.0
50 122 0.0
50 123 0.0
50 124 0.0
50 125 0.0
50 126 0.0
51 52 0.03705327668035765
51 53 0.0
51 54 0.0
51 55 0.0
51 56 0.0
51 57 0.11892964317754169
51 58 0.07131399494656597
51 59 0.0
51 60 0.0
51 61 0.0
51 62 0.0
51 63 0.0
51 64 0.0
51 65 0.0
51 66 0.0
51 67 0.0
51 68 0.033004717262178955
51 69 0.0
51 70 0.0
51 71 0.0
51 72 0.0
51 73 0.0
51 74 0.0
51 75 0.0
51 76 0.08707717532748924
51 77 0.0
51 78 0.0
51 79 0.03714883826860696
51 80 0.0
51 81 0.0
51 82 0.0
51 83 0.0
51 84 0.0
51 85 0.0
51 86 0.07904989499529236
51 87 0.0
51 88 0.0
51 89 0.0
51 90 0.0
51 91 0.0
51 92 0.0
51 93 0.0
51 94 0.0
51 95 0.0
51 96 0.0
51 97 0.0
51 98 0.0
51 99 0.0
51 100 0.0
51 101 0.0
51 102 0.0
51 103 0.0
51 104 0.0
51 105 0.0
51 106 0.0
51 107 0.0
51 108 0.0
51 109 0.13945102908444482
51 110 0.0
51 111 0.036206183406217445
51 112 0.0
51 113 0.0
51 114 0.0
51 115 0.0
51 116 0.0
51 117 0.0
51 118 0.0
51 119 0.0
51 120 0.06859639834673321
51 121 0.0
51 122 0.0
51 123 0.0
51 124 0.0
51 125 0.0
51 126 0.0
52 53 0.0
52 54 0.0
52 55 0.0
52 56 0.0
52 57 0.0
52 58 0.0
52 59 0.0
52 60 0.0
52 61 0.0
52 62 0.0
52 63 0.0
52 64 0.0
52 65 0.0
52 66 0.0
52 67 0.0
52 68 0.022383927344023752
52 69 0.0
52 70 0.0
52 71 0.0
52 72 0.0
52 73 0.0
52 74 0.0
52 75 0.0
52 76 0.0
52 77 0.0
52 78 0.0
52 79 0.025194486294608232
52 80 0.0
52 81 0.0
52 82 0.0
52 83 0.03545689290241527
52 84 0.0
52 85 0.0
52 86 0.0
52 87 0.0
52 88 0.0
52 89 0.0
52 90 0.0
52 91 0.0
52 92 0.0
52 93 0.0
52 94 0.0
52 95 0.0
52 96 0.24484350527899684
52 97 0.0
52 98 0.027408466250870994
52 99 0.0
52 100 0.0
52 101 0.03452800848021805
52 102 0.0
52 103 0.0
52 104 0.0
52 105 0.024026533576824206
52 106 0.0
52 107 0.0
52 108 0.0
52 109 0.0
52 110 0.0
52 111 0.02455517410833488
52 112 0.0
52 113 0.0
52 114 0.0
52 115 0.0
52 116 0.0
52 117 0.0
52 118 0.0
52 119 0.0
52 120 0.046522343592820634
52 121 0.0
52 122 0.0
52 123 0.0
52 124 0.0
52 125 0.0
52 126 0.0
53 54 0.0
53 55 0.0
53 56 0.0
53 57 0.0
53 58 0.0
53 59 0.0
53 60 0.0
53 61 0.0
53 62 0.0
53 63 0.0
53 64 0.0
53 65 0.0
53 66 0.0
53 67 0.0
53 68 0.0
53 69 0.0
53 70 0.0
53 71 0.0
53 72 0.0
53 73 0.0
53 74 0.0
53 75 0.0
53 76 0.0
53 77 0.0721688080030706
53 78 0.0
53 79 0.0
53 80 0.0
53 81 0.0
53 82 0.0
53 83 0.0
53 84 0.0
53 85 0.0
53 86 0.0
53 87 0.0
53 88 0.0
53 89 0.0
53 90 0.0
53 91 0.0
53 92 0.0
53 93 0.0
53 94 0.0
53 95 0.0
53 96 0.0
53 97 0.0
53 98 0.0
53 99 0.0
53 100 0.0
53 101 0.0
53 102 0.0
53 103 0.0
53 104 0.0
53 105 0.0
53 106 0.0
53 107 0.0
53 108 0.0
53 109 0.0
53 110 0.0562319309831177
53 111 0.0
53 112 0.0
53 113 0.0
53 114 0.0
53 115 0.0
53 116 0.0
53 117 0.0
53 118 0.08154310339675008
53 119 0.0
53 120 0.0
53 121 0.0
53 122 0.0
53 123 0.0
53 124 0.0
53 125 0.0
53 126 0.0
54 55 0.0
54 56 0.0
54 57 0.0
54 58 0.0
54 59 0.0
54 60 0.0
54 61 0.0
54 62 0.0
54 63 0.0
54 64 0.0
54 65 0.0
54 66 0.0
54 67 0.0
54 68 0.0
54 69 0.0
54 70 0.049572978040330666
54 71 0.0
54 72 0.0
54 73 0.0
54 74 0.0
54 75 0.0
54 76 0.0
54 77 0.0
54 78 0.12120845922429647
54 79 0.0
54 80 0.0
54 81 0.0
54 82 0.0
54 83 0.05257217372822546
54 84 0.0
54 85 0.0
54 86 0.0
54 87 0.0
54 88 0.0
54 89 0.0
54 90 0.0
54 91 0.0
54 92 0.0
54 93 0.0
54 94 0.0
54 95 0.0
54 96 0.0
54 97 0.0
54 98 0.06372440636447967
54 99 0.0
54 100 0.0
54 101 0.0
54 102 0.0
54 103 0.0
54 104 0.05431582086250732
54 105 0.0
54 106 0.0
54 107 0.0
54 108 0.0
54 109 0.0846547969669919
54 110 0.0
54 111 0.0
54 112 0.0
54 113 0.0
54 114 0.0
54 115 0.0
54 116 0.0
54 117 0.0
54 118 0.0
54 119 0.0
54 120 0.0
54 121 0.0
54 122 0.0
54 123 0.2605395012630496
54 124 0.0460980743377706
54 125 0.0
54 126 0.0
55 56 0.0
55 57 0.0
55 58 0.0
55 59 0.0
55 60 0.0
55 61 0.0
55 62 0.0
55 63 0.0
55 64 0.0
55 65 0.0
55 66 0.0
55 67 0.0
55 68 0.0
55 69 0.0
55 70 0.0
55 71 0.0
55 72 0.0
55 73 0.0
55 74 0.0
55 75 0.0
55 76 0.0
55 77 0.0
55 78 0.0
55 79 0.0
55 80 0.0
55 81 0.0
55 82 0.0
55 83 0.0
55 84 0.0
55 85 0.0
55 86 0.0
55 87 0.0
55 88 0.0
55 89 0.0
55 90 0.0
55 91 0.10646301237364035
55 92 0.0
55 93 0.0
55 94 0.0
55 95 0.0
55 96 0.0
55 97 0.0
55 98 0.0
55 99 0.0
55 100 0.0
55 101 0.0
55 102 0.0
55 103 0.0
55 104 0.0
55 105 0.0
55 106 0.0
55 107 0.0
55 108 0.0
55 109 0.0
55 110 0.0
55 111 0.0
55 112 0.0
55 113 0.0
55 114 0.0
55 115 0.0
55 116 0.0
55 117 0.0
55 118 0.0
55 119 0.0
55 120 0.0
55 121 0.0
55 122 0.0
55 123 0.0
55 124 0.0
55 125 0.0
55 126 0.0
56 57 0.1275192058289445
56 58 0.0
56 59 0.0
56 60 0.0
56 61 0.0
56 62 0.0
56 63 0.0
56 64 0.0
56 65 0.0
56 66 0.0
56 67 0.0
56 68 0.0
56 69 0.0
56 70 0.0
56 71 0.0
56 72 0.0
56 73 0.0
56 74 0.0
56 75 0.0
56 76 0.0
56 77 0.1151234210972288
56 78 0.0
56 79 0.0
56 80 0.0
56 81 0.0
56 82 0.0
56 83 0.0
56 84 0.0
56 85 0.0
56 86 0.0
56 87 0.0
56 88 0.0
56 89 0.0
56 90 0.0
56 91 0.0
56 92 0.0
56 93 0.0
56 94 0.0
56 95 0.0
56 96 0.0
56 97 0.0
56 98 0.0
56 99 0.0
56 100 0.0
56 101 0.0
56 102 0.0
56 103 0.0
56 104 0.0
56 105 0.0
56 106 0.0
56 107 0.10542618222435168
56 108 0.0
56 109 0.0
56 110 0.0
56 111 0.0
56 112 0.0
56 113 0.0
56 114 1.0
56 115 0.0
56 116 0.0
56 117 0.0
56 118 0.0
56 119 0.0
56 120 0.0
56 121 0.0
56 122 0.0
56 123 0.0
56 124 0.0
56 125 0.0
56 126 0.0
57 58 0.0
57 59 0.0
57 60 0.05007527114568304
57 61 0.0
57 62 0.0
57 63 0.0
57 64 0.0
57 65 0.0
57 66 0.0
57 67 0.0
57 68 0.0
57 69 0.0
57 70 0.0
57 71 0.0
57 72 0.0
57 73 0.0
57 74 0.0
57 75 0.0
57 76 0.0
57 77 0.12357112720579441
57 78 0.0
57 79 0.0
57 80 0.0
57 81 0.0
57 82 0.0
57 83 0.0
57 84 0.0
57 85 0.0
57 86 0.0
57 87 0.0
57 88 0.0
57 89 0.0
57 90 0.0
57 91 0.0
57 92 0.0
57 93 0.0
57 94 0.0
57 95 0.0
57 96 0.0
57 97 0.0
57 98 0.0
57 99 0.0
57 100 0.0
57 101 0.0
57 102 0.0
57 103 0.0
57 104 0.0
57 105 0.0
57 106 0.0
57 107 0.1131623092008705
57 108 0.0
57 109 0.0
57 110 0.0
57 111 0.0
57 112 0.0
57 113 0.0
57 114 0.1275192058289445
57 115 0.0
57 116 0.0
57 117 0.0
57 118 0.0
57 119 0.0
57 120 0.0
57 121 0.0
57 122 0.0
57 123 0.0
57 124 0.0
57 125 0.0
57 126 0.0
58 59 0.0
58 60 0.0
58 61 0.0
58 62 0.0
58 63 0.0
58 64 0.0
58 65 0.0
58 66 0.025050166163919467
58 67 0.0
58 68 0.0
58 69 0.0
58 70 0.0
58 71 0.0
58 72 0.0
58 73 0.03078971727707615
58 74 0.0
58 75 0.0
58 76 0.029399145600829717
58 77 0.0
58 78 0.0
58 79 0.0
58 80 0.0
58 81 0.0
58 82 0.0
58 83 0.0
58 84 0.0
58 85 0.0
58 86 0.06628479085143162
58 87 0.0
58 88 0.0
58 89 0.0
58 90 0.0
58 91 0.0
58 92 0.0
58 93 0.0
58 94 0.0
58 95 0.0
58 96 0.0
58 97 0.0
58 98 0.0
58 99 0.0
58 100 0.0
58 101 0.0
58 102 0.0
58 103 0.15866505784901472
58 104 0.0
58 105 0.0
58 106 0.0
58 107 0.0
58 108 0.0
58 109 0.08489993945089283
58 110 0.0
58 111 0.02088860801271724
58 112 0.026926042601437574
58 113 0.03281033473081364
58 114 0.0
58 115 0.0
58 116 0.0
58 117 0.0
58 118 0.0
58 119 0.0
58 120 0.0
58 121 0.026698999754050993
58 122 0.0
58 123 0.0
58 124 0.028411397328460285
58 125 0.017821561022707856
58 126 0.0
59 60 0.0
59 61 0.0
59 62 0.0
59 63 0.0
59 64 0.0
59 65 0.0
59 66 0.0
59 67 0.0
59 68 0.0
59 69 0.0
59 70 0.0
59 71 0.0
59 72 0.0
59 73 0.0
59 74 0.0
59 75 0.0
59 76 0.0
59 77 0.0
59 78 0.0
59 79 0.0
59 80 0.0
59 81 0.0
59 82 0.0
59 83 0.0
59 84 0.0
59 85 0.0
59 86 0.0
59 87 0.0
59 88 0.0
59 89 0.0
59 90 0.0
59 91 0.0
59 92 0.0
59 93 0.0
59 94 0.0
59 95 0.0
59 96 0.0
59 97 0.0
59 98 0.0
59 99 0.10380279981249153
59 100 0.0
59 101 0.0
59 102 0.0
59 103 0.0
59 104 0.0
59 105 0.0
59 106 0.0
59 107 0.07287186492734865
59 108 0.0
59 109 0.0
59 110 0.0
59 111 0.0
59 112 0.0
59 113 0.0
59 114 0.0
59 115 0.0
59 116 0.1678145830248575
59 117 0.0
59 118 0.0
59 119 0.0
59 120 0.0
59 121 0.0
59 122 0.5683450333648759
59 123 0.0
59 124 0.0
59 125 0.0
59 126 0.0
60 61 0.0
60 62 0.0
60 63 0.0
60 64 0.0
60 65 0.0
60 66 0.0
60 67 0.0
60 68 0.0
60 69 0.0
60 70 0.0
60 71 0.0
60 72 0.0
60 73 0.0
60 74 0.0
60 75 0.0
60 76 0.0
60 77 0.0
60 78 0.0
60 79 0.0
60 80 0.0
60 81 0.0
60 82 0.0
60 83 0.0
60 84 0.0
60 85 0.0
60 86 0.0
60 87 0.0
60 88 0.0
60 89 0.0
60 90 0.0
60 91 0.0
60 92 0.0
60 93 0.0
60 94 0.0
60 95 0.0
60 96 0.0
60 97 0.0
60 98 0.0
60 99 0.0
60 100 0.0
60 101 0.0
60 102 0.07156879530720424
60 103 0.0
60 104 0.0
60 105 0.0
60 106 0.0
60 107 0.0
60 108 0.0
60 109 0.0
60 110 0.0
60 111 0.0
60 112 0.0
60 113 0.0
60 114 0.0
60 115 0.0
60 116 0.0
60 117 0.0
60 118 0.0
60 119 0.0
60 120 0.0
60 121 0.0
60 122 0.0
60 123 0.0
60 124 0.0
60 125 0.0
60 126 0.0
61 62 0.0
61 63 0.0
61 64 0.0
61 65 0.0
61 66 0.0
61 67 0.0
61 68 0.0
61 69 0.0
61 70 0.0
61 71 0.0
61 72 0.0
61 73 0.0
61 74 0.0
61 75 0.0
61 76 0.0
61 77 0.0
61 78 0.0
61 79 0.0
61 80 0.0
61 81 0.0
61 82 0.0
61 83 0.0
61 84 0.0
61 85 0.0
61 86 0.14947539633379694
61 87 0.0
61 88 0.0
61 89 0.0
61 90 0.0
61 91 0.0
61 92 0.0
61 93 0.0
61 94 0.0
61 95 0.0
61 96 0.0
61 97 0.0
61 98 0.0
61 99 0.0
61 100 0.0
61 101 0.0
61 102 0.0
61 103 0.0
61 104 0.0
61 105 0.0
61 106 0.0
61 107 0.0
61 108 0.0
61 109 0.0
61 110 0.0
61 111 0.0
61 112 0.0
61 113 0.0
61 114 0.0
61 115 0.0
61 116 0.0
61 117 0.0
61 118 0.0
61 119 0.0
61 120 0.0
61 121 0.0
61 122 0.0
61 123 0.0
61 124 0.0
61 125 0.0
61 126 0.0
62 63 0.0
62 64 0.1624624139567892
62 65 0.0
62 66 0.0
62 67 0.0
62 68 0.0
62 69 0.0
62 70 0.0
62 71 0.0
62 72 0.0
62 73 0.0
62 74 0.0
62 75 0.0
62 76 0.0
62 77 0.0
62 78 0.0
62 79 0.0
62 80 0.0
62 81 0.0
62 82 0.0
62 83 0.0
62 84 0.0
62 85 0.0
62 86 0.0
62 87 0.0
62 88 0.0
62 89 0.0
62 90 0.0
62 91 0.0
62 92 0.0
62 93 0.0
62 94 0.0
62 95 0.0
62 96 0.0
62 97 0.0
62 98 0.0
62 99 0.0
62 100 0.04957493723902736
62 101 0.0
62 102 0.0
62 103 0.14855268788465184
62 104 0.0
62 105 0.0
62 106 0.0
62 107 0.0
62 108 0.0
62 109 0.0
62 110 0.0
62 111 0.0
62 112 0.06057135353124949
62 113 0.0
62 114 0.0
62 115 0.0
62 116 0.0
62 117 0.0
62 118 0.0
62 119 0.0
62 120 0.0
62 121 0.0
62 122 0.0
62 123 0.0
62 124 0.0
62 125 0.0
62 126 0.0
63 64 0.0
63 65 0.0
63 66 0.0
63 67 0.0
63 68 0.0
63 69 0.0
63 70 0.0
63 71 0.0
63 72 0.0
63 73 0.0
63 74 0.0
63 75 0.0
63 76 0.0
63 77 0.0
63 78 0.0
63 79 0.0
63 80 0.0
63 81 0.0
63 82 0.0
63 83 0.0
63 84 0.0
63 85 0.0
63 86 0.0
63 87 0.0
63 88 0.11596532435523378
63 89 0.0
63 90 0.0
63 91 0.0
63 92 0.0
63 93 0.0
63 94 0.0
63 95 0.0
63 96 0.0
63 97 0.0
63 98 0.04663064476341691
63 99 0.04125980278417883
63 100 0.0
63 101 0.0
63 102 0.0
63 103 0.0
63 104 0.07388934001447192
63 105 0.0
63 106 0.0
63 107 0.0
63 108 0.0
63 109 0.0
63 110 0.0
63 111 0.03888938887720789
63 112 0.07485713765406558
63 113 0.0
63 114 0.0
63 115 0.0
63 116 0.06670337035631285
63 117 0.0
63 118 0.055141541953823515
63 119 0.0
63 120 0.21065444195074326
63 121 0.0
63 122 0.0
63 123 0.0
63 124 0.052894950136393934
63 125 0.052770705694684915
63 126 0.0
64 65 0.0
64 66 0.0
64 67 0.0
64 68 0.0
64 69 0.0
64 70 0.0
64 71 0.0
64 72 0.0
64 73 0.0
64 74 0.0
64 75 0.0
64 76 0.0
64 77 0.0
64 78 0.0
64 79 0.0
64 80 0.0
64 81 0.0
64 82 0.0
64 83 0.0
64 84 0.0
64 85 0.0
64 86 0.0
64 87 0.0
64 88 0.0
64 89 0.0
64 90 0.0
64 91 0.0
64 92 0.0
64 93 0.0
64 94 0.0
64 95 0.0
64 96 0.0
64 97 0.0
64 98 0.0
64 99 0.0
64 100 0.0
64 101 0.0
64 102 0.0
64 103 0.16374003254645125
64 104 0.0
64 105 0.0
64 106 0.0
64 107 0.0
64 108 0.0
64 109 0.0
64 110 0.0
64 111 0.0
64 112 0.0
64 113 0.0
64 114 0.0
64 115 0.0
64 116 0.0
64 117 0.0
64 118 0.0
64 119 0.0
64 120 0.0
64 121 0.0
64 122 0.0
64 123 0.0
64 124 0.0
64 125 0.0
64 126 0.0
65 66 0.0
65 67 0.0
65 68 0.0
65 69 0.0
65 70 0.0
65 71 0.0
65 72 0.0
65 73 0.0
65 74 0.22341037502910813
65 75 0.0
65 76 0.0
65 77 0.21965639405286225
65 78 0.0
65 79 0.0
65 80 0.0
65 81 0.0882749456169635
65 82 0.08473662179173745
65 83 0.0
65 84 0.0
65 85 0.0
65 86 0.06366003695281038
65 87 0.0
65 88 0.0
65 89 0.0
65 90 0.0
65 91 0.0
65 92 0.0
65 93 0.0
65 94 0.0
65 95 0.0
65 96 0.0
65 97 0.0
65 98 0.0
65 99 0.0
65 100 0.0
65 101 0.0
65 102 0.0
65 103 0.06071012697812313
65 104 0.04638793194587824
65 105 0.0
65 106 0.0
65 107 0.0
65 108 0.0
65 109 0.0
65 110 0.0
65 111 0.0
65 112 0.0
65 113 0.07129274247501638
65 114 0.0
65 115 0.0
65 116 0.0
65 117 0.0
65 118 0.0
65 119 0.0882749456169635
65 120 0.0
65 121 0.0
65 122 0.0
65 123 0.0
65 124 0.0
65 125 0.0
65 126 0.0
66 67 0.0
66 68 0.0
66 69 0.0
66 70 0.13408414122866497
66 71 0.0
66 72 0.10809308571314769
66 73 0.029181701950674335
66 74 0.0
66 75 0.0
66 76 0.0
66 77 0.11503822705244789
66 78 0.16896413981180602
66 79 0.0
66 80 0.0
66 81 0.0
66 82 0.17114297660781644
66 83 0.0
66 84 0.0
66 85 0.10940793657152274
66 86 0.0
66 87 0.0
66 88 0.0
66 89 0.0
66 90 0.0
66 91 0.0
66 92 0.0
66 93 0.0
66 94 0.0
66 95 0.0
66 96 0.0
66 97 0.0
66 98 0.0
66 99 0.0
66 100 0.0
66 101 0.0
66 102 0.0
66 103 0.0
66 104 0.0
66 105 0.0
66 106 0.0
66 107 0.0
66 108 0.21565634178955703
66 109 0.03584315812604805
66 110 0.0
66 111 0.019797685302080426
66 112 0.0
66 113 0.03109679119169179
66 114 0.0
66 115 0.0
66 116 0.0
66 117 0.0
66 118 0.0
66 119 0.0
66 120 0.0
66 121 0.025304625118591877
66 122 0.0
66 123 0.0
66 124 0.02692759148712928
66 125 0.016890817066632115
66 126 0.0
67 68 0.0
67 69 0.0
67 70 0.0
67 71 0.0
67 72 0.0
67 73 0.0
67 74 0.0
67 75 0.0
67 76 0.0
67 77 0.0
67 78 0.0
67 79 0.0
67 80 0.0
67 81 0.0
67 82 0.0
67 83 0.0
67 84 0.0
67 85 0.0
67 86 0.0
67 87 0.0
67 88 0.0
67 89 0.0
67 90 0.0
67 91 0.0
67 92 0.0
67 93 0.0
67 94 0.0
67 95 0.0
67 96 0.0
67 97 0.0
67 98 0.0
67 99 0.0
67 100 0.0
67 101 0.0
67 102 0.0
67 103 0.0
67 104 0.0
67 105 0.0
67 106 0.0
67 107 0.0
67 108 0.0
67 109 0.2826993999714253
67 110 0.0
67 111 0.0
67 112 0.0
67 113 0.0
67 114 0.0
67 115 0.0
67 116 0.0
67 117 0.0
67 118 0.0
67 119 0.0
67 120 0.0
67 121 0.0
67 122 0.0
67 123 0.0
67 124 0.0
67 125 0.0
67 126 0.0
68 69 0.0
68 70 0.0
68 71 0.0
68 72 0.0
68 73 0.0
68 74 0.0
68 75 0.0
68 76 0.0
68 77 0.0
68 78 0.0
68 79 0.022441656210129297
68 80 0.0
68 81 0.0
68 82 0.0
68 83 0.0
68 84 0.0
68 85 0.0
68 86 0.0
68 87 0.0
68 88 0.0
68 89 0.0
68 90 0.0
68 91 0.0
68 92 0.0
68 93 0.0
68 94 0.0
68 95 0.0
68 96 0.0
68 97 0.0
68 98 0.0
68 99 0.0
68 100 0.0
68 101 0.0
68 102 0.0
68 103 0.0
68 104 0.0
68 105 0.0
68 106 0.0
68 107 0.0
68 108 0.0
68 109 0.0
68 110 0.0
68 111 0.021872197316325094
68 112 0.0
68 113 0.0
68 114 0.0
68 115 0.0
68 116 0.0
68 117 0.0
68 118 0.0
68 119 0.0
68 120 0.04143916366427453
68 121 0.0
68 122 0.0
68 123 0.0
68 124 0.0
68 125 0.0
68 126 0.0
69 70 0.0
69 71 0.0
69 72 0.0
69 73 0.0
69 74 0.22535494967525824
69 75 0.0
69 76 0.0
69 77 0.0
69 78 0.0
69 79 0.0
69 80 0.0
69 81 0.0
69 82 0.0
69 83 0.0
69 84 0.0
69 85 0.0
69 86 0.0
69 87 0.0
69 88 0.0
69 89 0.0
69 90 0.0
69 91 0.0
69 92 0.0
69 93 0.0
69 94 0.0
69 95 0.0
69 96 0.0
69 97 0.0
69 98 0.0
69 99 0.0
69 100 0.0
69 101 0.0
69 102 0.0
69 103 0.0
69 104 0.0
69 105 0.0
69 106 0.0
69 107 0.0
69 108 0.0
69 109 0.0
69 110 0.0
69 111 0.0
69 112 0.0
69 113 0.0
69 114 0.0
69 115 0.0
69 116 0.0
69 117 0.0
69 118 0.0
69 119 0.0
69 120 0.0
69 121 0.0
69 122 0.0
69 123 0.0
69 124 0.0
69 125 0.0
69 126 0.0
70 71 0.0
70 72 0.5820667369231832
70 73 0.4293791794091203
70 74 0.0
70 75 0.0
70 76 0.0
70 77 0.14030927742000665
70 78 0.06384034046017671
70 79 0.0
70 80 0.0
70 81 0.0
70 82 0.20873885141157392
70 83 0.7024076531892447
70 84 0.0
70 85 0.0
70 86 0.0
70 87 0.0
70 88 0.0
70 89 0.0
70 90 0.0
70 91 0.0
70 92 0.0
70 93 0.0
70 94 0.0
70 95 0.0
70 96 0.0
70 97 0.6271380758161806
70 98 0.0
70 99 0.0
70 100 0.0
70 101 0.0
70 102 0.0
70 103 0.0
70 104 0.0
70 105 0.0
70 106 0.0
70 107 0.0
70 108 0.14363227510570878
70 109 0.0
70 110 0.0
70 111 0.0
70 112 0.12326166131745639
70 113 0.0
70 114 0.0
70 115 0.0
70 116 0.0
70 117 0.0
70 118 0.0
70 119 0.0
70 120 0.0
70 121 0.0
70 122 0.0
70 123 0.0
70 124 0.05777673239096019
70 125 0.0
70 126 0.0
71 72 0.175339196575641
71 73 0.07563483117788375
71 74 0.0
71 75 0.0
71 76 0.0
71 77 0.0
71 78 0.0
71 79 0.0
71 80 0.0
71 81 0.0
71 82 0.0
71 83 0.0
71 84 0.2238616365150099
71 85 0.0
71 86 0.0
71 87 0.0
71 88 0.0
71 89 0.0
71 90 0.0
71 91 0.0
71 92 0.0
71 93 0.0
71 94 0.0
71 95 0.0
71 96 0.0
71 97 0.0
71 98 0.0
71 99 0.0
71 100 0.0
71 101 0.0
71 102 0.0
71 103 0.0
71 104 0.0
71 105 0.0
71 106 0.0
71 107 0.0
71 108 0.06591759847291487
71 109 0.0
71 110 0.0
71 111 0.0
71 112 0.0
71 113 0.0
71 114 0.0
71 115 0.0
71 116 0.0
71 117 0.0
71 118 0.0
71 119 0.0
71 120 0.0
71 121 0.0
71 122 0.0
71 123 0.0
71 124 0.0
71 125 0.0
71 126 0.0
72 73 0.41640402666771886
72 74 0.0
72 75 0.0
72 76 0.0
72 77 0.06387479195540108
72 78 0.0
72 79 0.052225415564028356
72 80 0.0
72 81 0.0
72 82 0.0
72 83 0.6172821328194463
72 84 0.0
72 85 0.0
72 86 0.0
72 87 0.0
72 88 0.0
72 89 0.0
72 90 0.0
72 91 0.0
72 92 0.0
72 93 0.0
72 94 0.0
72 95 0.0
72 96 0.0
72 97 0.6859779124827986
72 98 0.0
72 99 0.0
72 100 0.0
72 101 0.0
72 102 0.0
72 103 0.0
72 104 0.0
72 105 0.05350151751895349
72 106 0.0
72 107 0.0
72 108 0.11579039610432809
72 109 0.0
72 110 0.0
72 111 0.0
72 112 0.0
72 113 0.0
72 114 0.0
72 115 0.0
72 116 0.0
72 117 0.0
72 118 0.0
72 119 0.0
72 120 0.0
72 121 0.0
72 122 0.0
72 123 0.0
72 124 0.0
72 125 0.0
72 126 0.0
73 74 0.0
73 75 0.0
73 76 0.0
73 77 0.0
73 78 0.0
73 79 0.0
73 80 0.0
73 81 0.0
73 82 0.0
73 83 0.45535688408338737
73 84 0.0
73 85 0.0
73 86 0.0
73 87 0.0
73 88 0.0
73 89 0.0
73 90 0.0
73 91 0.0
73 92 0.0
73 93 0.0
73 94 0.0
73 95 0.0
73 96 0.0
73 97 0.4486475578847009
73 98 0.0
73 99 0.0
73 100 0.0
73 101 0.0
73 102 0.0
73 103 0.0
73 104 0.0
73 105 0.0
73 106 0.0
73 107 0.0
73 108 0.09198786164218355
73 109 0.0440556241342664
73 110 0.0
73 111 0.02433377603975968
73 112 0.0
73 113 0.2441848261419088
73 114 0.0
73 115 0.0
73 116 0.0
73 117 0.0
73 118 0.0
73 119 0.0
73 120 0.0
73 121 0.031102478446871036
73 122 0.0
73 123 0.0
73 124 0.033097302565420955
73 125 0.020760879534982055
73 126 0.0
74 75 0.0
74 76 0.0
74 77 0.1623582712020856
74 78 0.0
74 79 0.0
74 80 0.0
74 81 0.06524812365525383
74 82 0.0
74 83 0.0
74 84 0.0
74 85 0.0
74 86 0.0
74 87 0.0
74 88 0.0
74 89 0.0
74 90 0.0
74 91 0.0
74 92 0.0
74 93 0.0
74 94 0.0
74 95 0.0
74 96 0.0
74 97 0.0
74 98 0.0
74 99 0.0
74 100 0.0
74 101 0.0
74 102 0.0
74 103 0.0
74 104 0.0
74 105 0.0
74 106 0.0
74 107 0.0
74 108 0.0
74 109 0.0
74 110 0.0
74 111 0.0
74 112 0.0
74 113 0.0
74 114 0.0
74 115 0.0
74 116 0.0
74 117 0.0
74 118 0.0
74 119 0.06524812365525383
74 120 0.0
74 121 0.0
74 122 0.0
74 123 0.0
74 124 0.0
74 125 0.0
74 126 0.0
75 76 0.04844701966152892
75 77 0.0
75 78 0.0
75 79 0.0
75 80 0.0
75 81 0.0
75 82 0.0
75 83 0.0
75 84 0.0
75 85 0.0
75 86 0.0
75 87 0.0
75 88 0.0
75 89 0.0
75 90 0.0
75 91 0.0
75 92 0.0
75 93 0.0
75 94 0.0
75 95 0.0
75 96 0.0
75 97 0.0
75 98 0.0
75 99 0.0
75 100 0.0
75 101 0.0
75 102 0.0
75 103 0.0
75 104 0.0
75 105 0.0
75 106 0.0
75 107 0.0
75 108 0.0
75 109 0.0
75 110 0.0
75 111 0.0
75 112 0.0
75 113 0.0
75 114 0.0
75 115 0.0
75 116 0.0
75 117 0.0
75 118 0.0
75 119 0.0
75 120 0.0
75 121 0.0
75 122 0.0
75 123 0.0
75 124 0.0
75 125 0.0
75 126 0.0
76 77 0.0
76 78 0.0
76 79 0.0
76 80 0.0
76 81 0.0
76 82 0.0
76 83 0.0
76 84 0.0
76 85 0.0
76 86 0.0
76 87 0.0
76 88 0.0
76 89 0.0
76 90 0.0
76 91 0.0
76 92 0.0
76 93 0.0
76 94 0.0
76 95 0.0
76 96 0.0
76 97 0.0
76 98 0.0
76 99 0.0
76 100 0.0
76 101 0.0
76 102 0.0
76 103 0.0
76 104 0.0
76 105 0.0
76 106 0.0
76 107 0.0
76 108 0.0
76 109 0.14654096636869046
76 110 0.0
76 111 0.0
76 112 0.024057516642590974
76 113 0.0
76 114 0.0
76 115 0.0
76 116 0.0
76 117 0.0
76 118 0.0
76 119 0.0
76 120 0.0
76 121 0.0
76 122 0.0
76 123 0.0
76 124 0.0
76 125 0.0
76 126 0.0
77 78 0.0
77 79 0.04620327181630576
77 80 0.0
77 81 0.06415175463073718
77 82 0.17908864660139429
77 83 0.0
77 84 0.0
77 85 0.0
77 86 0.0
77 87 0.0
77 88 0.0
77 89 0.0
77 90 0.0
77 91 0.0
77 92 0.0
77 93 0.0
77 94 0.0
77 95 0.0
77 96 0.0
77 97 0.0688208268553846
77 98 0.0
77 99 0.0
77 100 0.0
77 101 0.0
77 102 0.0
77 103 0.0
77 104 0.0
77 105 0.047332225695407786
77 106 0.0
77 107 0.19174869139395923
77 108 0.12323010107132489
77 109 0.0
77 110 0.0677155818364745
77 111 0.0
77 112 0.0
77 113 0.0
77 114 0.1151234210972288
77 115 0.0
77 116 0.0
77 117 0.0
77 118 0.09819578653488716
77 119 0.06415175463073718
77 120 0.0
77 121 0.0
77 122 0.0
77 123 0.0
77 124 0.0
77 125 0.0
77 126 0.0
78 79 0.0
78 80 0.0
78 81 0.0
78 82 0.0
78 83 0.06770272035726752
78 84 0.0
78 85 0.13711123041680537
78 86 0.0
78 87 0.0
78 88 0.0
78 89 0.0
78 90 0.0
78 91 0.0
78 92 0.0
78 93 0.0
78 94 0.0
78 95 0.0
78 96 0.0
78 97 0.0
78 98 0.0
78 99 0.0
78 100 0.0
78 101 0.0
78 102 0.0
78 103 0.0
78 104 0.0
78 105 0.0
78 106 0.0
78 107 0.0
78 108 0.07566300368544948
78 109 0.10901889040362057
78 110 0.0
78 111 0.0
78 112 0.0
78 113 0.0
78 114 0.0
78 115 0.0
78 116 0.0
78 117 0.0
78 118 0.0
78 119 0.0
78 120 0.0
78 121 0.0
78 122 0.0
78 123 0.06747834875907223
78 124 0.05936534129314496
78 125 0.0
78 126 0.0
79 80 0.0
79 81 0.0
79 82 0.0
79 83 0.0
79 84 0.0
79 85 0.0
79 86 0.0
79 87 0.0
79 88 0.04857798730765211
79 89 0.0
79 90 0.0
79 91 0.0
79 92 0.0
79 93 0.0
79 94 0.0
79 95 0.0
79 96 0.0
79 97 0.05626940099455914
79 98 0.0
79 99 0.0
79 100 0.0
79 101 0.0
79 102 0.0
79 103 0.0
79 104 0.0
79 105 0.038699854525381855
79 106 0.0
79 107 0.0
79 108 0.0
79 109 0.0
79 110 0.0
79 111 0.024618502689441844
79 112 0.0
79 113 0.0
79 114 0.0
79 115 0.0
79 116 0.0
79 117 0.0
79 118 0.08176660123549989
79 119 0.0
79 120 0.04664232620815481
79 121 0.0
79 122 0.0
79 123 0.0
79 124 0.0
79 125 0.0
79 126 0.0
80 81 0.0
80 82 0.0
80 83 0.0
80 84 0.0
80 85 0.7502201038934644
80 86 0.0
80 87 0.0
80 88 0.0
80 89 0.0
80 90 0.0
80 91 0.0
80 92 0.0
80 93 0.0
80 94 0.0
80 95 0.0
80 96 0.0
80 97 0.0
80 98 0.0
80 99 0.0
80 100 0.0
80 101 0.0
80 102 0.0
80 103 0.0
80 104 0.0
80 105 0.04292777586804474
80 106 0.0
80 107 0.0
80 108 0.0
80 109 0.0
80 110 0.0
80 111 0.0
80 112 0.0
80 113 0.0
80 114 0.0
80 115 0.0
80 116 0.0
80 117 0.0
80 118 0.0
80 119 0.0
80 120 0.0
80 121 0.0
80 122 0.0
80 123 0.0
80 124 0.0
80 125 0.0
80 126 0.0
81 82 0.05415407178964563
81 83 0.0
81 84 0.0
81 85 0.0
81 86 0.0
81 87 0.0
81 88 0.0
81 89 0.0
81 90 0.0
81 91 0.0
81 92 0.0
81 93 0.0
81 94 0.0
81 95 0.0
81 96 0.0
81 97 0.0
81 98 0.0
81 99 0.0
81 100 0.0
81 101 0.0
81 102 0.0
81 103 0.0
81 104 0.0
81 105 0.0
81 106 0.0
81 107 0.0
81 108 0.0
81 109 0.0
81 110 0.06666990694551966
81 111 0.0
81 112 0.0
81 113 0.0
81 114 0.0
81 115 0.0
81 116 0.0
81 117 0.0
81 118 0.09667943142735733
81 119 0.6205306949107706
81 120 0.0
81 121 0.0
81 122 0.0
81 123 0.0
81 124 0.0
81 125 0.0
81 126 0.0
82 83 0.0
82 84 0.0
82 85 0.0
82 86 0.06882637056824037
82 87 0.0
82 88 0.0
82 89 0.0
82 90 0.0
82 91 0.0
82 92 0.0
82 93 0.0
82 94 0.0
82 95 0.0
82 96 0.0
82 97 0.0
82 98 0.0
82 99 0.0
82 100 0.0
82 101 0.0
82 102 0.0
82 103 0.06563706049587464
82 104 0.05015254697963828
82 105 0.0
82 106 0.0
82 107 0.0
82 108 0.18333007075477037
82 109 0.0
82 110 0.0
82 111 0.0
82 112 0.0
82 113 0.07707850870474539
82 114 0.0
82 115 0.11196349159000207
82 116 0.0
82 117 0.0
82 118 0.0
82 119 0.05415407178964563
82 120 0.0
82 121 0.0
82 122 0.0
82 123 0.0
82 124 0.0
82 125 0.0
82 126 0.0
83 84 0.0
83 85 0.0
83 86 0.0
83 87 0.0
83 88 0.0
83 89 0.0
83 90 0.0
83 91 0.0
83 92 0.0
83 93 0.0
83 94 0.0
83 95 0.0
83 96 0.0
83 97 0.6650803154607768
83 98 0.041542928221181455
83 99 0.0
83 100 0.0
83 101 0.05233399653906064
83 102 0.0
83 103 0.0
83 104 0.0
83 105 0.03641694324118173
83 106 0.0
83 107 0.0
83 108 0.0
83 109 0.0
83 110 0.0
83 111 0.0
83 112 0.0
83 113 0.0
83 114 0.0
83 115 0.0
83 116 0.0
83 117 0.0
83 118 0.0
83 119 0.0
83 120 0.0
83 121 0.0
83 122 0.0
83 123 0.0
83 124 0.06127226026718829
83 125 0.0
83 126 0.0
84 85 0.0
84 86 0.0
84 87 0.0
84 88 0.0
84 89 0.0
84 90 0.0
84 91 0.0
84 92 0.0
84 93 0.0
84 94 0.0
84 95 0.0
84 96 0.0
84 97 0.0
84 98 0.0
84 99 0.0
84 100 0.0
84 101 0.0
84 102 0.0
84 103 0.0
84 104 0.0
84 105 0.0
84 106 0.0
84 107 0.0
84 108 0.0
84 109 0.0
84 110 0.0
84 111 0.0
84 112 0.0
84 113 0.0
84 114 0.0
84 115 0.0
84 116 0.0
84 117 0.0
84 118 0.0
84 119 0.0
84 120 0.0
84 121 0.0
84 122 0.0
84 123 0.0
84 124 0.0
84 125 0.0
84 126 0.0
85 86 0.0
85 87 0.0
85 88 0.0
85 89 0.0
85 90 0.0
85 91 0.0
85 92 0.0
85 93 0.0
85 94 0.0
85 95 0.0
85 96 0.0
85 97 0.0
85 98 0.0
85 99 0.0
85 100 0.0
85 101 0.0
85 102 0.0
85 103 0.0
85 104 0.0
85 105 0.0
85 106 0.0
85 107 0.0
85 108 0.0
85 109 0.0
85 110 0.0
85 111 0.0
85 112 0.0
85 113 0.0
85 114 0.0
85 115 0.0
85 116 0.0
85 117 0.0
85 118 0.0
85 119 0.0
85 120 0.0
85 121 0.0
85 122 0.0
85 123 0.0
85 124 0.0
85 125 0.0
85 126 0.0
86 87 0.0
86 88 0.0
86 89 0.0
86 90 0.0
86 91 0.0
86 92 0.0
86 93 0.0
86 94 0.0
86 95 0.0
86 96 0.0
86 97 0.0
86 98 0.0
86 99 0.0
86 100 0.0
86 101 0.0
86 102 0.0
86 103 0.049311119658639324
86 104 0.03767807739430849
86 105 0.0
86 106 0.0
86 107 0.0
86 108 0.0
86 109 0.0
86 110 0.0
86 111 0.0
86 112 0.0
86 113 0.057906730391865405
86 114 0.0
86 115 0.0
86 116 0.0
86 117 0.0
86 118 0.0
86 119 0.0
86 120 0.0
86 121 0.0
86 122 0.0
86 123 0.0
86 124 0.0
86 125 0.0
86 126 0.0
87 88 0.0
87 89 0.0
87 90 0.0
87 91 0.0
87 92 0.0
87 93 0.0
87 94 0.0
87 95 0.0
87 96 0.0
87 97 0.0
87 98 0.0
87 99 0.0
87 100 0.0
87 101 0.0
87 102 0.0
87 103 0.0
87 104 0.0
87 105 0.0
87 106 0.0
87 107 0.0
87 108 0.0
87 109 0.0
87 110 0.0
87 111 0.0
87 112 0.0
87 113 0.0
87 114 0.0
87 115 0.0
87 116 0.0
87 117 0.0
87 118 0.0
87 119 0.0
87 120 0.0
87 121 0.0
87 122 0.0
87 123 0.0
87 124 0.0
87 125 0.0
87 126 0.0
88 89 0.0
88 90 0.0
88 91 0.0
88 92 0.0
88 93 0.0
88 94 0.0
88 95 0.0
88 96 0.0
88 97 0.0
88 98 0.0
88 99 0.0
88 100 0.0
88 101 0.0
88 102 0.0
88 103 0.0
88 104 0.0
88 105 0.0
88 106 0.0
88 107 0.0
88 108 0.0
88 109 0.0
88 110 0.0
88 111 0.0
88 112 0.0
88 113 0.0
88 114 0.0
88 115 0.0
88 116 0.0
88 117 0.0
88 118 0.0
88 119 0.0
88 120 0.0
88 121 0.0
88 122 0.0
88 123 0.0
88 124 0.0
88 125 0.0
88 126 0.0
89 90 0.0
89 91 0.10366935798512789
89 92 0.0
89 93 0.0
89 94 0.0
89 95 0.0
89 96 0.0
89 97 0.0
89 98 0.0
89 99 0.0
89 100 0.0
89 101 0.0
89 102 0.0
89 103 0.0
89 104 0.0
89 105 0.0
89 106 0.0
89 107 0.0
89 108 0.0
89 109 0.0
89 110 0.0
89 111 0.0
89 112 0.0
89 113 0.0
89 114 0.0
89 115 0.0
89 116 0.0
89 117 0.0
89 118 0.0
89 119 0.0
89 120 0.0
89 121 0.0
89 122 0.0
89 123 0.0
89 124 0.0
89 125 0.0
89 126 0.0
90 91 0.0
90 92 0.0
90 93 0.0
90 94 0.0
90 95 0.0
90 96 0.0
90 97 0.0
90 98 0.0
90 99 0.0
90 100 0.0
90 101 0.0
90 102 0.0
90 103 0.0
90 104 0.0
90 105 0.0
90 106 0.0
90 107 0.0
90 108 0.0
90 109 0.0
90 110 0.0
90 111 0.0
90 112 0.0
90 113 0.0
90 114 0.0
90 115 0.0
90 116 0.0
90 117 0.0
90 118 0.0
90 119 0.0
90 120 0.0
90 121 0.0
90 122 0.0
90 123 0.0
90 124 0.0
90 125 0.0
90 126 0.0
91 92 0.0
91 93 0.0
91 94 0.0
91 95 0.0
91 96 0.0
91 97 0.0
91 98 0.0
91 99 0.0
91 100 0.0
91 101 0.0
91 102 0.0
91 103 0.0
91 104 0.0
91 105 0.0
91 106 0.0
91 107 0.0
91 108 0.0
91 109 0.0
91 110 0.0
91 111 0.0
91 112 0.0
91 113 0.0
91 114 0.0
91 115 0.0
91 116 0.0
91 117 0.0
91 118 0.0
91 119 0.0
91 120 0.0
91 121 0.0
91 122 0.0
91 123 0.0
91 124 0.0
91 125 0.0
91 126 0.0
92 93 0.3456174142484044
92 94 0.352143366443917
92 95 0.5961883847687569
92 96 0.0
92 97 0.0
92 98 0.0
92 99 0.0
92 100 0.0
92 101 0.0
92 102 0.0
92 103 0.0
92 104 0.0
92 105 0.0
92 106 0.0
92 107 0.0
92 108 0.0
92 109 0.0
92 110 0.0
92 111 0.0
92 112 0.0
92 113 0.0
92 114 0.0
92 115 0.0
92 116 0.0
92 117 0.0
92 118 0.0
92 119 0.0
92 120 0.0
92 121 0.0
92 122 0.0
92 123 0.0
92 124 0.0
92 125 0.0
92 126 0.0
93 94 0.17921950021108776
93 95 0.3456174142484044
93 96 0.0
93 97 0.0
93 98 0.0
93 99 0.0
93 100 0.0
93 101 0.0
93 102 0.0
93 103 0.0
93 104 0.0
93 105 0.0
93 106 0.0
93 107 0.0
93 108 0.0
93 109 0.0
93 110 0.0
93 111 0.0
93 112 0.0
93 113 0.0
93 114 0.0
93 115 0.0
93 116 0.0
93 117 0.0
93 118 0.0
93 119 0.0
93 120 0.0
93 121 0.0
93 122 0.0
93 123 0.0
93 124 0.0
93 125 0.0
93 126 0.0
94 95 0.352143366443917
94 96 0.1338849719488511
94 97 0.0
94 98 0.0
94 99 0.0
94 100 0.0
94 101 0.0
94 102 0.0
94 103 0.0
94 104 0.0
94 105 0.0
94 106 0.0
94 107 0.0
94 108 0.0
94 109 0.0
94 110 0.0
94 111 0.0
94 112 0.0
94 113 0.0
94 114 0.0
94 115 0.0
94 116 0.0
94 117 0.0
94 118 0.0
94 119 0.0
94 120 0.0
94 121 0.0
94 122 0.0
94 123 0.0
94 124 0.0
94 125 0.0
94 126 0.0
95 96 0.0
95 97 0.0
95 98 0.0
95 99 0.0
95 100 0.0
95 101 0.0
95 102 0.0
95 103 0.0
95 104 0.0
95 105 0.0
95 106 0.0
95 107 0.0
95 108 0.0
95 109 0.0
95 110 0.0
95 111 0.0
95 112 0.0
95 113 0.0
95 114 0.0
95 115 0.0
95 116 0.0
95 117 0.0
95 118 0.0
95 119 0.0
95 120 0.0
95 121 0.0
95 122 0.0
95 123 0.0
95 124 0.0
95 125 0.0
95 126 0.0
96 97 0.0
96 98 0.0
96 99 0.0
96 100 0.0
96 101 0.0
96 102 0.0
96 103 0.0
96 104 0.0
96 105 0.0
96 106 0.0
96 107 0.0
96 108 0.0
96 109 0.0
96 110 0.0
96 111 0.0
96 112 0.0
96 113 0.0
96 114 0.0
96 115 0.0
96 116 0.0
96 117 0.0
96 118 0.0
96 119 0.0
96 120 0.0
96 121 0.0
96 122 0.0
96 123 0.0
96 124 0.0
96 125 0.0
96 126 0.0
97 98 0.0
97 99 0.0
97 100 0.0
97 101 0.0
97 102 0.0
97 103 0.0
97 104 0.0
97 105 0.05764431571445428
97 106 0.0
97 107 0.0
97 108 0.05015202461848191
97 109 0.0
97 110 0.0
97 111 0.0
97 112 0.0
97 113 0.0
97 114 0.0
97 115 0.0
97 116 0.0
97 117 0.0
97 118 0.0
97 119 0.0
97 120 0.0
97 121 0.0
97 122 0.0
97 123 0.0
97 124 0.0
97 125 0.03330803222570759
97 126 0.0
98 99 0.04010761390475562
98 100 0.0
98 101 0.04045460446468884
98 102 0.0
98 103 0.0
98 104 0.05580736568009159
98 105 0.02815059296179397
98 106 0.0
98 107 0.0
98 108 0.0
98 109 0.0
98 110 0.0
98 111 0.03780339431668455
98 112 0.0
98 113 0.0
98 114 0.0
98 115 0.0
98 116 0.06484066437231667
98 117 0.0
98 118 0.05360170251819233
98 119 0.0
98 120 0.07162248134004136
98 121 0.0
98 122 0.0
98 123 0.0
98 124 0.051417847261142964
98 125 0.0
98 126 0.0
99 100 0.0
99 101 0.0
99 102 0.0
99 103 0.0
99 104 0.0
99 105 0.0
99 106 0.0
99 107 0.0
99 108 0.0
99 109 0.0
99 110 0.0
99 111 0.03344926071669137
99 112 0.0
99 113 0.0
99 114 0.0
99 115 0.0
99 116 0.657898056835297
99 117 0.0
99 118 0.047427945421245774
99 119 0.0
99 120 0.06337312018730694
99 121 0.14153461623490693
99 122 0.0
99 123 0.0
99 124 0.04549562306816222
99 125 0.0
99 126 0.0
100 101 0.0
100 102 0.0
100 103 0.0
100 104 0.0
100 105 0.0
100 106 0.0
100 107 0.0
100 108 0.0
100 109 0.0
100 110 0.0
100 111 0.0
100 112 0.038677593351333174
100 113 0.0
100 114 0.0
100 115 0.0
100 116 0.0
100 117 0.0
100 118 0.0
100 119 0.0
100 120 0.0
100 121 0.0
100 122 0.0
100 123 0.0
100 124 0.0
100 125 0.0
100 126 0.0
101 102 0.0
101 103 0.0
101 104 0.0
101 105 0.03546290783334514
101 106 0.0
101 107 0.0
101 108 0.0
101 109 0.0
101 110 0.0
101 111 0.0
101 112 0.0
101 113 0.0
101 114 0.0
101 115 0.0
101 116 0.0
101 117 0.0
101 118 0.0
101 119 0.0
101 120 0.0
101 121 0.0
101 122 0.0
101 123 0.0
101 124 0.0
101 125 0.0
101 126 0.0
102 103 0.0
102 104 0.0
102 105 0.0
102 106 0.0
102 107 0.0
102 108 0.0
102 109 0.0
102 110 0.0
102 111 0.0
102 112 0.0
102 113 0.0
102 114 0.0
102 115 0.0
102 116 0.0
102 117 0.0
102 118 0.0
102 119 0.0
102 120 0.0
102 121 0.0
102 122 0.0
102 123 0.0
102 124 0.0
102 125 0.0
102 126 0.0
103 104 0.03593213218829331
103 105 0.0
103 106 0.0
103 107 0.0
103 108 0.0
103 109 0.0
103 110 0.0
103 111 0.0
103 112 0.0
103 113 0.05522341995472078
103 114 0.0
103 115 0.0
103 116 0.0
103 117 0.0
103 118 0.0
103 119 0.0
103 120 0.0
103 121 0.0
103 122 0.0
103 123 0.0
103 124 0.0
103 125 0.0
103 126 0.0
104 105 0.0
104 106 0.0
104 107 0.0
104 108 0.0
104 109 0.0
104 110 0.10995221906146226
104 111 0.048308383480051925
104 112 0.2088891049558992
104 113 0.042195600210181566
104 114 0.0
104 115 0.0
104 116 0.0
104 117 0.0
104 118 0.15944402069924854
104 119 0.0
104 120 0.11349055762073273
104 121 0.0
104 122 0.0
104 123 0.0
104 124 0.0
104 125 0.0
104 126 0.04550175786168407
105 106 0.0
105 107 0.0
105 108 0.0
105 109 0.0
105 110 0.0899130612516567
105 111 0.0
105 112 0.0
105 113 0.0
105 114 0.0
105 115 0.0
105 116 0.0
105 117 0.0
105 118 0.0
105 119 0.0
105 120 0.0
105 121 0.0
105 122 0.0
105 123 0.0
105 124 0.0
105 125 0.0
105 126 0.0
106 107 0.0
106 108 0.0
106 109 0.0
106 110 0.0
106 111 0.0
106 112 0.0
106 113 0.0
106 114 0.0
106 115 0.0
106 116 0.0
106 117 0.0
106 118 0.0
106 119 0.0
106 120 0.0
106 121 0.0
106 122 0.0
106 123 0.0
106 124 0.0
106 125 0.0
106 126 0.0
107 108 0.0
107 109 0.0
107 110 0.0
107 111 0.0
107 112 0.0
107 113 0.0
107 114 0.10542618222435168
107 115 0.0
107 116 0.0
107 117 0.0
107 118 0.0
107 119 0.0
107 120 0.0
107 121 0.0
107 122 0.0
107 123 0.0
107 124 0.0
107 125 0.0
107 126 0.0
108 109 0.0
108 110 0.0
108 111 0.0
108 112 0.0
108 113 0.0
108 114 0.0
108 115 0.0
108 116 0.0
108 117 0.0
108 118 0.0
108 119 0.0
108 120 0.0
108 121 0.0
108 122 0.0
108 123 0.0
108 124 0.0
108 125 0.027997230082591477
108 126 0.0
109 110 0.10375659551267674
109 111 0.029888571402422626
109 112 0.038527265502219195
109 113 0.04694683493233614
109 114 0.0
109 115 0.0
109 116 0.0
109 117 0.0
109 118 0.0
109 119 0.0
109 120 0.0
109 121 0.038202400085079295
109 122 0.0
109 123 0.08128885130250975
109 124 0.0406525928954814
109 125 0.025500071560802196
109 126 0.0
110 111 0.0
110 112 0.0
110 113 0.0
110 114 0.0
110 115 0.0
110 116 0.0
110 117 0.0
110 118 0.2989938895974103
110 119 0.06666990694551966
110 120 0.0
110 121 0.0
110 122 0.0
110 123 0.0
110 124 0.0
110 125 0.0
110 126 0.0
111 112 0.0
111 113 0.025930713489324554
111 114 0.0
111 115 0.0
111 116 0.05407632308378074
111 117 0.0
111 118 0.04470316600352424
111 119 0.0
111 120 0.2535352191866088
111 121 0.021100793964886032
111 122 0.0
111 123 0.0
111 124 0.06533599597249913
111 125 0.014084763127343181
111 126 0.044521247421185496
112 113 0.0
112 114 0.0
112 115 0.0
112 116 0.0
112 117 0.0
112 118 0.0
112 119 0.0
112 120 0.11497704936311401
112 121 0.0
112 122 0.0
112 123 0.0
112 124 0.0
112 125 0.0
112 126 0.0
113 114 0.0
113 115 0.0
113 116 0.0
113 117 0.0
113 118 0.0
113 119 0.0
113 120 0.0
113 121 0.033143621281626214
113 122 0.0
113 123 0.0
113 124 0.03526935847075764
113 125 0.022123340747789582
113 126 0.0
114 115 0.0
114 116 0.0
114 117 0.0
114 118 0.0
114 119 0.0
114 120 0.0
114 121 0.0
114 122 0.0
114 123 0.0
114 124 0.0
114 125 0.0
114 126 0.0
115 116 0.0
115 117 0.0
115 118 0.0
115 119 0.0
115 120 0.0
115 121 0.0
115 122 0.0
115 123 0.0
115 124 0.0
115 125 0.0
115 126 0.0
116 117 0.0
116 118 0.076675204319819
116 119 0.0
116 120 0.10245324556204594
116 121 0.0
116 122 0.0
116 123 0.0
116 124 0.07355128212756513
116 125 0.0
116 126 0.0
117 118 0.0
117 119 0.0
117 120 0.0
117 121 0.10031220105924303
117 122 0.0
117 123 0.0
117 124 0.0
117 125 0.0
117 126 0.0
118 119 0.09667943142735733
118 120 0.0846948198912152
118 121 0.0
118 122 0.0
118 123 0.0
118 124 0.06080249150125299
118 125 0.0
118 126 0.0
119 120 0.0
119 121 0.0
119 122 0.0
119 123 0.0
119 124 0.0
119 125 0.0
119 126 0.0
120 121 0.0
120 122 0.0
120 123 0.0
120 124 0.0812441603230512
120 125 0.0
120 126 0.0
121 122 0.0
121 123 0.0
121 124 0.028699999584336548
121 125 0.018002591989081263
121 126 0.0
122 123 0.0
122 124 0.0
122 125 0.0
122 126 0.0
123 124 0.0
123 125 0.0
123 126 0.0
124 125 0.06020967504584593
124 126 0.0
125 126 0.0
