0 1 0.0
0 2 0.0
0 3 0.0
0 4 0.020772506704637587
0 5 0.0
0 6 0.0
0 7 0.17209633686579057
0 8 0.17768673176207828
0 9 0.0
0 10 0.0
0 11 0.0
0 12 0.0
0 13 0.21282765642750992
0 14 0.18166808719397198
0 15 0.023226877328344782
0 16 0.0
0 17 0.0
0 18 0.0
0 19 0.0
0 20 0.0
0 21 0.0
0 22 0.0
0 23 0.028156014053868837
0 24 0.0
0 25 0.0
0 26 0.0
0 27 0.0
0 28 0.0
0 29 0.18166808719397198
0 30 0.0
0 31 0.0
0 32 0.019086940455810702
1 2 0.1611556883029238
1 3 0.19287777841323078
1 4 0.0
1 5 0.0
1 6 0.0
1 7 0.0
1 8 0.0
1 9 0.0
1 10 0.0
1 11 0.0
1 12 0.0
1 13 0.0
1 14 0.0
1 15 0.0
1 16 0.17991760570597076
1 17 0.24778565351391288
1 18 0.0
1 19 0.1611556883029238
1 20 0.0
1 21 0.0
1 22 0.0
1 23 0.0
1 24 0.0
1 25 0.0
1 26 0.0
1 27 0.0
1 28 0.0
1 29 0.0
1 30 0.0
1 31 0.0
1 32 0.0
2 3 0.0
2 4 0.3077741321646562
2 5 0.0
2 6 0.0
2 7 0.0
2 8 0.0
2 9 0.0
2 10 0.0
2 11 0.0
2 12 0.0
2 13 0.0
2 14 0.0
2 15 0.035675264442376856
2 16 0.10168276024957622
2 17 0.11814584364623316
2 18 0.16536970301721557
2 19 1.0000000000000002
2 20 0.0
2 21 0.0
2 22 0.0
2 23 0.0
2 24 0.0
2 25 0.0
2 26 0.0
2 27 0.0
2 28 0.0
2 29 0.0
2 30 0.0
2 31 0.046055810641144196
2 32 0.0
3 4 0.22823885319202905
3 5 0.0
3 6 0.0
3 7 0.0
3 8 0.0
3 9 0.0
3 10 0.0
3 11 0.025477739467266176
3 12 0.0
3 13 0.0
3 14 0.0
3 15 0.021798208692309414
3 16 0.0
3 17 0.0
3 18 0.4945034723715679
3 19 0.0
3 20 0.0
3 21 0.0
3 22 0.02282450281853308
3 23 0.0
3 24 0.02559982922371469
3 25 0.0
3 26 0.020075125353074673
3 27 0.0
3 28 0.0
3 29 0.0
3 30 0.0
3 31 0.05628180687886494
3 32 0.0
4 5 0.0
4 6 0.0
4 7 0.0
4 8 0.0
4 9 0.0
4 10 0.0
4 11 0.0
4 12 0.0
4 13 0.0
4 14 0.031135557041270346
4 15 0.027476040039507616
4 16 0.0
4 17 0.0
4 18 0.29498826000651085
4 19 0.3077741321646562
4 20 0.0
4 21 0.0
4 22 0.0
4 23 0.033306921053608954
4 24 0.0
4 25 0.0
4 26 0.0
4 27 0.0
4 28 0.0
4 29 0.031135557041270346
4 30 0.0
4 31 0.0
4 32 0.022578736382938707
5 6 0.0
5 7 0.0
5 8 0.0
5 9 0.0
5 10 0.0
5 11 0.0
5 12 0.0
5 13 0.0
5 14 0.0
5 15 0.0
5 16 0.0
5 17 0.0
5 18 0.0
5 19 0.0
5 20 0.0
5 21 0.0
5 22 0.0
5 23 0.0
5 24 0.0
5 25 0.0
5 26 0.0
5 27 0.0
5 28 0.0
5 29 0.0
5 30 0.0
5 31 0.0
5 32 0.0
6 7 0.05719663264043125
6 8 0.15798058422341918
6 9 0.0
6 10 0.0
6 11 0.1474542130091913
6 12 0.0
6 13 0.09461212204167194
6 14 0.06905949051287386
6 15 0.0
6 16 0.0
6 17 0.0
6 18 0.0
6 19 0.0
6 20 0.0
6 21 0.0
6 22 0.0
6 23 0.0
6 24 0.0
6 25 0.0
6 26 0.0
6 27 0.7998473066136313
6 28 0.14235242031117185
6 29 0.06905949051287386
6 30 0.0
6 31 0.0
6 32 0.0
7 8 0.14625124820365293
7 9 0.0
7 10 0.0
7 11 0.0
7 12 0.0
7 13 0.08758760458957485
7 14 0.06393213911357908
7 15 0.0
7 16 0.0
7 17 0.0
7 18 0.0
7 19 0.0
7 20 0.0
7 21 0.0
7 22 0.215136816917897
7 23 0.0
7 24 0.0
7 25 0.0
7 26 0.0
7 27 0.06093993404523836
7 28 0.0
7 29 0.06393213911357908
7 30 0.0
7 31 0.0
7 32 0.0
8 9 0.0
8 10 0.0
8 11 0.0
8 12 0.0
8 13 0.9558466850276954
8 14 0.697693737884431
8 15 0.0
8 16 0.0
8 17 0.0
8 18 0.0
8 19 0.0
8 20 0.0
8 21 0.0
8 22 0.0
8 23 0.0
8 24 0.0
8 25 0.0
8 26 0.0
8 27 0.16831981077497923
8 28 0.0
8 29 0.697693737884431
8 30 0.0
8 31 0.0
8 32 0.0
9 10 0.0
9 11 0.0
9 12 0.0
9 13 0.0
9 14 0.0
9 15 0.0
9 16 0.0
9 17 0.0
9 18 0.0
9 19 0.0
9 20 0.0
9 21 0.0
9 22 0.0803683326691522
9 23 0.0
9 24 0.0
9 25 0.0
9 26 0.0
9 27 0.0
9 28 0.0
9 29 0.0
9 30 0.0
9 31 0.0
9 32 0.0
10 11 0.7106465867674692
10 12 0.0
10 13 0.0
10 14 0.0
10 15 0.0
10 16 0.0
10 17 0.0
10 18 0.0
10 19 0.0
10 20 0.0
10 21 0.0
10 22 0.0
10 23 0.0
10 24 0.0
10 25 0.0
10 26 0.0
10 27 0.0
10 28 0.0
10 29 0.0
10 30 0.0
10 31 0.0
10 32 0.0
11 12 0.0
11 13 0.0
11 14 0.0
11 15 0.034502240031715266
11 16 0.0
11 17 0.0
11 18 0.0
11 19 0.0
11 20 0.0
11 21 0.0
11 22 0.03612666003731881
11 23 0.0
11 24 0.040519451167523764
11 25 0.0
11 26 0.03177494093094554
11 27 0.15710452872221561
11 28 0.0
11 29 0.0
11 30 0.0
11 31 0.0890829351055044
11 32 0.0
12 13 0.0
12 14 0.0
12 15 0.09170454996965759
12 16 0.0
12 17 0.0
12 18 0.0
12 19 0.0
12 20 0.0
12 21 0.0
12 22 0.0
12 23 0.0
12 24 0.0
12 25 0.0
12 26 0.06052588765574092
12 27 0.0
12 28 0.0
12 29 0.0
12 30 1.0000000000000002
12 31 0.0
12 32 0.0
13 14 0.7299222237342544
13 15 0.0
13 16 0.0
13 17 0.0
13 18 0.0
13 19 0.0
13 20 0.0
13 21 0.0
13 22 0.0
13 23 0.0
13 24 0.0
13 25 0.0
13 26 0.0
13 27 0.1008041244900822
13 28 0.0
13 29 0.7299222237342544
13 30 0.0
13 31 0.0
13 32 0.0
14 15 0.03481437142999277
14 16 0.0
14 17 0.0
14 18 0.0
14 19 0.0
14 20 0.0
14 21 0.0
14 22 0.0
14 23 0.04220257064272963
14 24 0.0
14 25 0.0
14 26 0.09452571394984174
14 27 0.07357917070938542
14 28 0.0
14 29 1.0
14 30 0.0
14 31 0.0
14 32 0.028609090455729524
15 16 0.10108151846532534
15 17 0.11744725700616425
15 18 0.0
15 19 0.035675264442376856
15 20 0.0
15 21 0.0
15 22 0.030909197256741176
15 23 0.03724229244438395
15 24 0.03466757534679737
15 25 0.0
15 26 0.027185959511378765
15 27 0.0
15 28 0.0
15 29 0.03481437142999277
15 30 0.09170454996965759
15 31 0.12778747222572506
15 32 0.15804642498084434
16 17 0.8117700169864398
16 18 0.0
16 19 0.10168276024957622
16 20 0.0
16 21 0.0
16 22 0.0
16 23 0.0
16 24 0.0
16 25 0.0
16 26 0.0
16 27 0.0
16 28 0.0
16 29 0.0
16 30 0.0
16 31 0.0
16 32 0.0
17 18 0.0
17 19 0.11814584364623316
17 20 0.0
17 21 0.0
17 22 0.0
17 23 0.0
17 24 0.0
17 25 0.0
17 26 0.0
17 27 0.0
17 28 0.0
17 29 0.0
17 30 0.0
17 31 0.0
17 32 0.0
18 19 0.16536970301721557
18 20 0.0
18 21 0.0
18 22 0.0
18 23 0.0
18 24 0.0
18 25 0.0
18 26 0.0
18 27 0.0
18 28 0.0
18 29 0.0
18 30 0.0
18 31 0.059550679204633084
18 32 0.0
19 20 0.0
19 21 0.0
19 22 0.0
19 23 0.0
19 24 0.0
19 25 0.0
19 26 0.0
19 27 0.0
19 28 0.0
19 29 0.0
19 30 0.0
19 31 0.046055810641144196
19 32 0.0
20 21 0.0
20 22 0.0
20 23 0.0
20 24 0.0
20 25 0.0
20 26 0.0
20 27 0.0
20 28 0.0
20 29 0.0
20 30 0.0
20 31 0.0
20 32 0.0
21 22 0.0601637681823077
21 23 0.0
21 24 0.0
21 25 0.0
21 26 0.0
21 27 0.0
21 28 0.0
21 29 0.0
21 30 0.0
21 31 0.0
21 32 0.0
22 23 0.0
22 24 0.03629977960041511
22 25 0.0
22 26 0.028465917463709325
22 27 0.0
22 28 0.0
22 29 0.0
22 30 0.0
22 31 0.273865164537388
22 32 0.0
23 24 0.0
23 25 0.0
23 26 0.0
23 27 0.0
23 28 0.0
23 29 0.04220257064272963
23 30 0.0
23 31 0.0
23 32 0.030604261101270555
24 25 0.0
24 26 0.03192720698282228
24 27 0.0
24 28 0.0
24 29 0.0
24 30 0.0
24 31 0.08950982203025389
24 32 0.0
25 26 0.0
25 27 0.0
25 28 0.0
25 29 0.0
25 30 0.0
25 31 0.0
25 32 0.0
26 27 0.0
26 28 0.0
26 29 0.09452571394984174
26 30 0.06052588765574092
26 31 0.07019269081389629
26 32 0.0
27 28 0.15166884315512486
27 29 0.07357917070938542
27 30 0.0
27 31 0.0
27 32 0.0
28 29 0.0
28 30 0.0
28 31 0.0
28 32 0.0
29 30 0.0
29 31 0.0
29 32 0.028609090455729524
30 31 0.0
30 32 0.0
31 32 0.0
