0 1 0.0
0 2 0.0
0 3 0.0
0 4 0.0
0 5 0.0
0 6 0.0
0 7 0.0
0 8 0.08540491733825886
0 9 0.0
0 10 0.0
0 11 0.0
0 12 0.0
0 13 0.0
0 14 0.0
0 15 0.0
0 16 0.0
0 17 0.0
0 18 0.0
0 19 0.0
0 20 0.0
0 21 0.0
0 22 0.0
0 23 0.0
0 24 0.0
0 25 0.0
0 26 0.0
0 27 0.0
0 28 0.0
0 29 0.0
0 30 0.0
0 31 0.0
0 32 0.0
0 33 0.0
0 34 0.0
0 35 0.0677172637775605
0 36 0.0
0 37 0.0
0 38 0.03850959804111713
0 39 0.0
0 40 0.0
0 41 0.0
0 42 0.0
0 43 0.0
0 44 0.0
0 45 0.0
0 46 0.0
0 47 0.0
0 48 0.0
0 49 0.0
0 50 0.0
0 51 0.0
0 52 0.0
0 53 0.037606162298125745
0 54 0.0
0 55 0.0
0 56 0.0
0 57 0.05202640548121297
0 58 0.0
0 59 0.0
0 60 0.0
0 61 0.0
0 62 0.0
0 63 0.0
0 64 0.0
0 65 0.0
0 66 0.0
0 67 0.0
0 68 0.0
0 69 0.0
1 2 0.0
1 3 0.0
1 4 0.0
1 5 0.0
1 6 0.0
1 7 0.0
1 8 0.0
1 9 0.0
1 10 0.0
1 11 0.0
1 12 0.0
1 13 0.0
1 14 0.0
1 15 0.0
1 16 0.0
1 17 0.0
1 18 0.0
1 19 0.0
1 20 0.0
1 21 0.0
1 22 0.0
1 23 0.0
1 24 0.0
1 25 0.0
1 26 0.0
1 27 0.0
1 28 0.0
1 29 0.2673195417803364
1 30 0.0
1 31 0.0
1 32 0.0
1 33 0.0
1 34 0.0
1 35 0.0
1 36 0.0
1 37 0.0
1 38 0.0
1 39 0.0
1 40 0.0
1 41 0.0
1 42 0.0
1 43 0.0
1 44 0.0
1 45 0.0
1 46 0.0
1 47 0.0
1 48 0.0
1 49 0.0
1 50 0.0
1 51 0.0
1 52 0.0
1 53 0.0
1 54 0.0
1 55 0.0
1 56 0.0
1 57 0.0
1 58 0.0
1 59 0.0
1 60 0.0
1 61 0.0
1 62 0.0
1 63 0.0
1 64 0.0
1 65 0.0
1 66 0.0
1 67 0.0
1 68 0.0
1 69 0.0
2 3 0.0
2 4 0.20028946774206102
2 5 0.0
2 6 0.0
2 7 0.0
2 8 0.1924911626143596
2 9 0.0
2 10 0.0
2 11 0.0
2 12 0.0
2 13 0.0
2 14 0.0
2 15 0.0
2 16 0.0
2 17 0.0
2 18 0.0
2 19 0.0
2 20 0.0
2 21 0.0
2 22 0.0
2 23 0.0
2 24 0.0
2 25 0.0
2 26 0.0
2 27 0.0
2 28 0.0
2 29 0.0
2 30 0.0
2 31 0.0
2 32 0.0
2 33 0.0
2 34 0.0
2 35 0.0
2 36 0.0
2 37 0.0
2 38 0.0
2 39 0.0
2 40 0.2981876487927587
2 41 0.0
2 42 0.0
2 43 0.0
2 44 0.0
2 45 0.0
2 46 0.0
2 47 0.0
2 48 0.0
2 49 0.0
2 50 0.0
2 51 0.0
2 52 0.0
2 53 0.22562728660015116
2 54 0.0
2 55 0.0
2 56 0.0
2 57 0.0
2 58 0.0
2 59 0.0
2 60 0.0
2 61 0.0
2 62 0.0
2 63 0.0
2 64 0.0
2 65 0.0
2 66 0.0
2 67 0.0
2 68 0.0
2 69 0.0
3 4 0.0902593422541065
3 5 0.1250762014651634
3 6 0.43273688090651996
3 7 0.10696064546595152
3 8 0.0
3 9 0.0
3 10 0.0
3 11 0.0
3 12 0.18321963773661695
3 13 0.0
3 14 0.09961895684026804
3 15 0.20241034598484917
3 16 0.0
3 17 0.0
3 18 0.0
3 19 0.0
3 20 0.0
3 21 0.0
3 22 0.0
3 23 0.0
3 24 0.14114347242554748
3 25 0.0
3 26 0.0
3 27 0.0
3 28 0.0
3 29 0.0
3 30 0.1471085849226257
3 31 0.0973820658351322
3 32 0.09971510782627505
3 33 0.0
3 34 0.0
3 35 0.13620285924503067
3 36 0.0
3 37 0.0
3 38 0.10412035544618493
3 39 0.1243196010617928
3 40 0.0
3 41 0.11084743407655342
3 42 0.09292081565345763
3 43 0.11454158329564665
3 44 0.10443918700885285
3 45 0.11973705261081201
3 46 0.0
3 47 0.13567780505532084
3 48 0.0
3 49 0.0
3 50 0.0
3 51 0.14657403778877182
3 52 0.09019280319471375
3 53 0.10167769035831213
3 54 0.0
3 55 0.1017756952187178
3 56 0.0934723176709638
3 57 0.0
3 58 0.24922060825218936
3 59 0.0
3 60 0.0951654120876563
3 61 0.0
3 62 0.11565028892855127
3 63 0.0
3 64 0.0
3 65 0.36170559673801395
3 66 0.0
3 67 0.0
3 68 0.1342457087918799
3 69 0.0
4 5 0.0
4 6 0.11214423944349632
4 7 0.0
4 8 0.12813451086459735
4 9 0.0
4 10 0.0
4 11 0.0
4 12 0.0
4 13 0.0
4 14 0.0
4 15 0.06813880861157158
4 16 0.0
4 17 0.0
4 18 0.0
4 19 0.0
4 20 0.0
4 21 0.0
4 22 0.0
4 23 0.0
4 24 0.09559085413957463
4 25 0.0
4 26 0.0
4 27 0.0
4 28 0.0
4 29 0.0
4 30 0.0
4 31 0.06595299584943216
4 32 0.0
4 33 0.0
4 34 0.0
4 35 0.0
4 36 0.0
4 37 0.0
4 38 0.17257459757080967
4 39 0.08840447610521016
4 40 0.19849289705040316
4 41 0.07507255362551232
4 42 0.06293156872943866
4 43 0.11095894296766445
4 44 0.07073250303576896
4 45 0.08109313831187125
4 46 0.0
4 47 0.0
4 48 0.0
4 49 0.0
4 50 0.0
4 51 0.09926875983801374
4 52 0.06108399450901351
4 53 0.219054299675663
4 54 0.0
4 55 0.09859234730604001
4 56 0.0
4 57 0.0
4 58 0.2515347262503329
4 59 0.0
4 60 0.0
4 61 0.0
4 62 0.07832533598746713
4 63 0.0
4 64 0.0
4 65 0.09373640389436333
4 66 0.0
4 67 0.0
4 68 0.22250595545019008
4 69 0.0
5 6 0.0
5 7 0.21577050939873876
5 8 0.0
5 9 0.0
5 10 0.0
5 11 0.0
5 12 0.0
5 13 0.0
5 14 0.4204614914818888
5 15 0.20536170351468408
5 16 0.0
5 17 0.0
5 18 0.0
5 19 0.0
5 20 0.0
5 21 0.20287207356031228
5 22 0.0
5 23 0.0
5 24 0.0
5 25 0.0
5 26 0.0
5 27 0.0
5 28 0.0
5 29 0.0
5 30 0.0
5 31 0.0
5 32 0.20115416765388275
5 33 0.2484129243490196
5 34 0.2676101212036032
5 35 0.2747604989932504
5 36 0.0
5 37 0.0
5 38 0.0
5 39 0.20108061716179557
5 40 0.0
5 41 0.0
5 42 0.0
5 43 0.35862212772875374
5 44 0.0
5 45 0.0
5 46 0.0
5 47 0.27370131307040835
5 48 0.0
5 49 0.0
5 50 0.0
5 51 0.0
5 52 0.0
5 53 0.0
5 54 0.0
5 55 0.2053109674692833
5 56 0.18856065715277298
5 57 0.0
5 58 0.0
5 59 0.2751622370885706
5 60 0.19197611751352964
5 61 0.0
5 62 0.0
5 63 0.0
5 64 0.0
5 65 0.0
5 66 0.0
5 67 0.0
5 68 0.0
5 69 0.0
6 7 0.0
6 8 0.0
6 9 0.0
6 10 0.0
6 11 0.0
6 12 0.22764432370047546
6 13 0.0
6 14 0.0
6 15 0.12500396738892935
6 16 0.0
6 17 0.0
6 18 0.0
6 19 0.0
6 20 0.0
6 21 0.0
6 22 0.0
6 23 0.0
6 24 0.17536608369043344
6 25 0.0
6 26 0.0
6 27 0.0
6 28 0.0
6 29 0.0
6 30 0.43736696860493757
6 31 0.12099398727914533
6 32 0.0
6 33 0.0
6 34 0.0
6 35 0.0
6 36 0.24223068437011014
6 37 0.0
6 38 0.12936608865624283
6 39 0.0
6 40 0.0
6 41 0.1377242607616345
6 42 0.11545103187866662
6 43 0.0
6 44 0.1297622262993171
6 45 0.14876931698042034
6 46 0.0
6 47 0.0
6 48 0.0
6 49 0.0
6 50 0.0
6 51 0.18211338105819458
6 52 0.11206156686886265
6 53 0.12633115829165542
6 54 0.0
6 55 0.0
6 56 0.0
6 57 0.0
6 58 0.309648340749079
6 59 0.0
6 60 0.0
6 61 0.0
6 62 0.14369164863621542
6 63 0.0
6 64 0.0
6 65 0.44940720855735095
6 66 0.0
6 67 0.0
6 68 0.16679584112893875
6 69 0.0
7 8 0.0
7 9 0.0
7 10 0.0
7 11 0.0
7 12 0.0
7 13 0.11475982559421138
7 14 0.17185390035355697
7 15 0.17561790416249493
7 16 0.2695464201999056
7 17 0.17041570731600117
7 18 0.12153675132676411
7 19 0.1343504614862455
7 20 0.0
7 21 0.0
7 22 0.0
7 23 0.0
7 24 0.0
7 25 0.0
7 26 0.0
7 27 0.0
7 28 0.0
7 29 0.0
7 30 0.0
7 31 0.0
7 32 0.17201977161433152
7 33 0.0
7 34 0.0
7 35 0.41208356228479726
7 36 0.0
7 37 0.0
7 38 0.13700148985433006
7 39 0.0
7 40 0.0
7 41 0.0
7 42 0.0
7 43 0.32549371458287313
7 44 0.0
7 45 0.0
7 46 0.12296243088419243
7 47 0.4104950038500662
7 48 0.0
7 49 0.0
7 50 0.0
7 51 0.0
7 52 0.0
7 53 0.0
7 54 0.0
7 55 0.3079237196062843
7 56 0.16125025674178312
7 57 0.0
7 58 0.1254790189922675
7 59 0.0
7 60 0.1641710349591457
7 61 0.0
7 62 0.0
7 63 0.0
7 64 0.0
7 65 0.0
7 66 0.0
7 67 0.0
7 68 0.0
7 69 0.0
8 9 0.0
8 10 0.03394235800765061
8 11 0.0
8 12 0.0
8 13 0.0
8 14 0.0
8 15 0.0
8 16 0.0
8 17 0.0
8 18 0.0
8 19 0.0
8 20 0.0
8 21 0.0
8 22 0.11249839257523668
8 23 0.0
8 24 0.0
8 25 0.0
8 26 0.0
8 27 0.0
8 28 0.0
8 29 0.0
8 30 0.0
8 31 0.0
8 32 0.0
8 33 0.0
8 34 0.0
8 35 0.0
8 36 0.0
8 37 0.0
8 38 0.0
8 39 0.0
8 40 0.4465079537325181
8 41 0.0
8 42 0.09164702054527096
8 43 0.0
8 44 0.0
8 45 0.0
8 46 0.0
8 47 0.0
8 48 0.0
8 49 0.0
8 50 0.0
8 51 0.0
8 52 0.08895640475486864
8 53 0.1443442949453973
8 54 0.0
8 55 0.0
8 56 0.1758131554926109
8 57 0.03408597260751576
8 58 0.0
8 59 0.0
8 60 0.0
8 61 0.0
8 62 0.0
8 63 0.0
8 64 0.0
8 65 0.0
8 66 0.0
8 67 0.03182020106009941
8 68 0.0
8 69 0.0
9 10 0.0
9 11 0.0
9 12 0.0
9 13 0.0
9 14 0.0
9 15 0.0
9 16 0.0
9 17 0.0
9 18 0.0
9 19 0.0
9 20 0.0
9 21 0.0
9 22 0.0
9 23 0.0
9 24 0.0
9 25 0.0
9 26 0.0
9 27 0.0
9 28 0.0
9 29 0.0
9 30 0.0
9 31 0.0
9 32 0.0
9 33 0.0
9 34 0.0
9 35 0.0
9 36 0.0
9 37 0.0
9 38 0.0
9 39 0.0
9 40 0.0
9 41 0.0
9 42 0.0
9 43 0.0
9 44 0.0
9 45 0.0
9 46 0.0
9 47 0.0
9 48 0.0
9 49 0.0
9 50 0.20631443204641056
9 51 0.0
9 52 0.0
9 53 0.0
9 54 0.0
9 55 0.0
9 56 0.14631377995474001
9 57 0.0
9 58 0.0
9 59 0.0
9 60 0.0
9 61 0.0
9 62 0.0
9 63 0.0
9 64 0.0
9 65 0.0
9 66 0.0
9 67 0.0
9 68 0.0
9 69 0.0
10 11 0.0
10 12 0.0
10 13 0.0
10 14 0.0
10 15 0.0
10 16 0.0
10 17 0.0
10 18 0.0
10 19 0.0
10 20 0.0
10 21 0.0
10 22 0.0
10 23 0.0
10 24 0.0
10 25 0.0
10 26 0.0
10 27 0.0
10 28 0.0
10 29 0.0
10 30 0.0
10 31 0.0
10 32 0.0
10 33 0.0
10 34 0.0
10 35 0.0
10 36 0.0
10 37 0.0
10 38 0.0
10 39 0.0
10 40 0.0
10 41 0.0
10 42 0.0
10 43 0.0
10 44 0.0
10 45 0.0
10 46 0.0
10 47 0.0
10 48 0.0
10 49 0.0
10 50 0.0
10 51 0.0
10 52 0.0
10 53 0.0
10 54 0.0
10 55 0.0
10 56 0.0
10 57 0.04046647843541388
10 58 0.0
10 59 0.0
10 60 0.0
10 61 0.0
10 62 0.0
10 63 0.0
10 64 0.05083875980760563
10 65 0.0
10 66 0.0
10 67 0.11055796306583035
10 68 0.0
10 69 0.0
11 12 0.0
11 13 0.0
11 14 0.0
11 15 0.0
11 16 0.0
11 17 0.0
11 18 0.0
11 19 0.0
11 20 0.0
11 21 0.0
11 22 0.20778138133842203
11 23 0.21136321461242977
11 24 0.0
11 25 0.0
11 26 0.0
11 27 0.0
11 28 0.0
11 29 0.0
11 30 0.0
11 31 0.0
11 32 0.0
11 33 0.0
11 34 0.0
11 35 0.0
11 36 0.0
11 37 0.0
11 38 0.0
11 39 0.0
11 40 0.0
11 41 0.0
11 42 0.0
11 43 0.0
11 44 0.0
11 45 0.0
11 46 0.0
11 47 0.0
11 48 0.23572906976759736
11 49 0.0
11 50 0.0
11 51 0.0
11 52 0.0
11 53 0.0
11 54 0.0
11 55 0.0
11 56 0.0
11 57 0.0
11 58 0.0
11 59 0.0
11 60 0.0
11 61 0.0
11 62 0.0
11 63 0.07419303840340626
11 64 0.0
11 65 0.0
11 66 0.0
11 67 0.0
11 68 0.346511426062709
11 69 0.0
12 13 0.29131621079803577
12 14 0.0
12 15 0.0
12 16 0.0
12 17 0.0
12 18 0.0
12 19 0.12354390032588715
12 20 0.0
12 21 0.0
12 22 0.0
12 23 0.0
12 24 0.0
12 25 0.0
12 26 0.0
12 27 0.0
12 28 0.0
12 29 0.0
12 30 0.12535361874001183
12 31 0.0
12 32 0.0
12 33 0.13481508886888016
12 34 0.14523351539304863
12 35 0.0
12 36 0.0
12 37 0.0
12 38 0.0
12 39 0.0
12 40 0.0
12 41 0.0
12 42 0.0
12 43 0.0
12 44 0.0
12 45 0.0
12 46 0.5904809223352386
12 47 0.14914747456694977
12 48 0.0
12 49 0.0
12 50 0.0
12 51 0.0
12 52 0.0
12 53 0.0
12 54 0.1230186460752721
12 55 0.0
12 56 0.0
12 57 0.0
12 58 0.13110427911515685
12 59 0.0
12 60 0.0
12 61 0.20405631281897982
12 62 0.0
12 63 0.0
12 64 0.0
12 65 0.19027780986823092
12 66 0.0
12 67 0.0
12 68 0.0
12 69 0.0
13 14 0.0
13 15 0.0
13 16 0.11756017320322966
13 17 0.4368699515607455
13 18 0.10027582299810793
13 19 0.20573046513138626
13 20 0.0
13 21 0.0
13 22 0.0
13 23 0.0
13 24 0.0
13 25 0.0
13 26 0.0
13 27 0.0
13 28 0.0
13 29 0.0
13 30 0.0
13 31 0.0
13 32 0.0
13 33 0.10353883070768917
13 34 0.11154024738275824
13 35 0.14613427494104167
13 36 0.0
13 37 0.0
13 38 0.11303525063109526
13 39 0.0
13 40 0.0
13 41 0.0
13 42 0.0
13 43 0.0
13 44 0.0
13 45 0.0
13 46 0.34117635155673615
13 47 0.14557093571495416
13 48 0.0
13 49 0.0
13 50 0.0
13 51 0.0
13 52 0.0
13 53 0.0
13 54 0.0
13 55 0.10919680768706327
13 56 0.0
13 57 0.0
13 58 0.10352845341912632
13 59 0.0
13 60 0.0
13 61 0.0
13 62 0.0
13 63 0.0
13 64 0.0
13 65 0.0
13 66 0.0
13 67 0.0
13 68 0.0
13 69 0.0
14 15 0.16356363912099808
14 16 0.0
14 17 0.08704229510822203
14 18 0.0
14 19 0.0
14 20 0.0
14 21 0.16158073321190006
14 22 0.0
14 23 0.0
14 24 0.0
14 25 0.0
14 26 0.0
14 27 0.0
14 28 0.0
14 29 0.0
14 30 0.0
14 31 0.0
14 32 0.16021247936069954
14 33 0.1978524779246855
14 34 0.2131423948114207
14 35 0.30930317886310466
14 36 0.0
14 37 0.08291491120998719
14 38 0.06997549872591466
14 39 0.16015389888566922
14 40 0.0
14 41 0.0
14 42 0.0
14 43 0.2856303744891565
14 44 0.0
14 45 0.0
14 46 0.0
14 47 0.21799382276155763
14 48 0.0
14 49 0.0
14 50 0.0
14 51 0.0
14 52 0.0
14 53 0.0
14 54 0.0
14 55 0.16352322957979182
14 56 0.1501821749192352
14 57 0.0
14 58 0.0
14 59 0.21915739924539215
14 60 0.2161112082351777
14 61 0.0
14 62 0.0
14 63 0.0
14 64 0.0
14 65 0.09301716614639066
14 66 0.0
14 67 0.0
14 68 0.0
14 69 0.0
15 16 0.0
15 17 0.0
15 18 0.0
15 19 0.0
15 20 0.0
15 21 0.0
15 22 0.0
15 23 0.0
15 24 0.10655238354497816
15 25 0.0
15 26 0.0
15 27 0.0
15 28 0.0
15 29 0.0
15 30 0.0
15 31 0.07351591292853281
15 32 0.16372150872408567
15 33 0.24594704286671512
15 34 0.0
15 35 0.2236304818220816
15 36 0.0
15 37 0.0
15 38 0.0786027993904821
15 39 0.0
15 40 0.0
15 41 0.08368122243082747
15 42 0.07014801477299719
15 43 0.33634667365360804
15 44 0.07884349251194091
15 45 0.09039219550916461
15 46 0.0
15 47 0.2227683991750773
15 48 0.0
15 49 0.0
15 50 0.0
15 51 0.11065203954397297
15 52 0.06808857677827954
15 53 0.07675877654732695
15 54 0.0
15 55 0.16710477214427186
15 56 0.15347151707130519
15 57 0.0
15 58 0.07199193357715129
15 59 0.0
15 60 0.15625139645323555
15 61 0.0
15 62 0.08730700563926372
15 63 0.0
15 64 0.0
15 65 0.10448528104263712
15 66 0.0
15 67 0.0
15 68 0.1013451065546459
15 69 0.0
16 17 0.17457415924855266
16 18 0.12450246819870504
16 19 0.13762885609555628
16 20 0.0
16 21 0.0
16 22 0.0
16 23 0.0
16 24 0.0
16 25 0.0
16 26 0.0
16 27 0.0
16 28 0.0
16 29 0.0
16 30 0.0
16 31 0.0
16 32 0.0
16 33 0.0
16 34 0.0
16 35 0.18144032504157218
16 36 0.0
16 37 0.0
16 38 0.1403445743576309
16 39 0.0
16 40 0.0
16 41 0.0
16 42 0.0
16 43 0.0
16 44 0.0
16 45 0.0
16 46 0.1259629369196686
16 47 0.18074088302270822
16 48 0.0
16 49 0.0
16 50 0.0
16 51 0.0
16 52 0.0
16 53 0.0
16 54 0.0
16 55 0.13557876335470448
16 56 0.0
16 57 0.0
16 58 0.12854093433587777
16 59 0.0
16 60 0.0
16 61 0.0
16 62 0.0
16 63 0.0
16 64 0.0
16 65 0.0
16 66 0.0
16 67 0.0
16 68 0.0
16 69 0.0
17 18 0.14890729586276633
17 19 0.2941316728672093
17 20 0.0
17 21 0.0
17 22 0.0
17 23 0.0
17 24 0.0
17 25 0.0
17 26 0.0
17 27 0.0
17 28 0.0
17 29 0.0
17 30 0.0
17 31 0.0
17 32 0.0
17 33 0.0
17 34 0.0
17 35 0.33601360944058745
17 36 0.0
17 37 0.17809784251815058
17 38 0.2599074212664994
17 39 0.0
17 40 0.0
17 41 0.0
17 42 0.0
17 43 0.0
17 44 0.0
17 45 0.06698886283975702
17 46 0.15065404394798296
17 47 0.2161694987428368
17 48 0.0
17 49 0.0
17 50 0.0
17 51 0.0
17 52 0.0
17 53 0.0
17 54 0.061876465053054
17 55 0.1621547533928885
17 56 0.0
17 57 0.0
17 58 0.15373737739143112
17 59 0.0
17 60 0.08315100002814937
17 61 0.0
17 62 0.0
17 63 0.0
17 64 0.0
17 65 0.12236394863024899
17 66 0.0
17 67 0.0
17 68 0.0
17 69 0.0
18 19 0.36475349294658915
18 20 0.0
18 21 0.0
18 22 0.0
18 23 0.0
18 24 0.0
18 25 0.0
18 26 0.0
18 27 0.0
18 28 0.0
18 29 0.0
18 30 0.0
18 31 0.0
18 32 0.0
18 33 0.0
18 34 0.0
18 35 0.1547639597904916
18 36 0.0
18 37 0.0
18 38 0.11971033483169424
18 39 0.0
18 40 0.0
18 41 0.0
18 42 0.0
18 43 0.0
18 44 0.0
18 45 0.0
18 46 0.10744316568029279
18 47 0.15416735362558065
18 48 0.0
18 49 0.0
18 50 0.0
18 51 0.0
18 52 0.0
18 53 0.0
18 54 0.0
18 55 0.11564521985652547
18 56 0.0
18 57 0.0
18 58 0.10964213158476178
18 59 0.0
18 60 0.0
18 61 0.0
18 62 0.0
18 63 0.0
18 64 0.0
18 65 0.0
18 66 0.0
18 67 0.0
18 68 0.0
18 69 0.0
19 20 0.0
19 21 0.0
19 22 0.0
19 23 0.0
19 24 0.0
19 25 0.0
19 26 0.0
19 27 0.0
19 28 0.0
19 29 0.0
19 30 0.0
19 31 0.0
19 32 0.0
19 33 0.3264063992770797
19 34 0.13058126946926485
19 35 0.17108083927130988
19 36 0.0
19 37 0.0
19 38 0.132331484540589
19 39 0.0
19 40 0.0
19 41 0.0
19 42 0.0
19 43 0.0
19 44 0.0
19 45 0.0
19 46 0.22043531321615098
19 47 0.17042133247434257
19 48 0.0
19 49 0.0
19 50 0.0
19 51 0.0
19 52 0.0
19 53 0.0
19 54 0.0
19 55 0.12783778146767902
19 56 0.0
19 57 0.0
19 58 0.12120178313096427
19 59 0.0
19 60 0.0
19 61 0.0
19 62 0.0
19 63 0.0
19 64 0.0
19 65 0.0
19 66 0.0
19 67 0.0
19 68 0.0
19 69 0.0
20 21 0.0
20 22 0.0
20 23 0.0
20 24 0.0
20 25 0.21516160911318372
20 26 0.11529680351455271
20 27 0.10604901964909663
20 28 0.3842879947576407
20 29 0.0
20 30 0.0
20 31 0.0
20 32 0.0
20 33 0.0
20 34 0.0
20 35 0.0
20 36 0.0
20 37 0.0
20 38 0.0
20 39 0.20013722435194153
20 40 0.0
20 41 0.0
20 42 0.0
20 43 0.0
20 44 0.0
20 45 0.0
20 46 0.0
20 47 0.0
20 48 0.0
20 49 0.0
20 50 0.0
20 51 0.22221070429026368
20 52 0.1367350359051497
20 53 0.0
20 54 0.0
20 55 0.0
20 56 0.0
20 57 0.0
20 58 0.0
20 59 0.0
20 60 0.0
20 61 0.0
20 62 0.0
20 63 0.0
20 64 0.0
20 65 0.0
20 66 0.0
20 67 0.0
20 68 0.0
20 69 0.0
21 22 0.0
21 23 0.0
21 24 0.0
21 25 0.0
21 26 0.0
21 27 0.0
21 28 0.0
21 29 0.0
21 30 0.0
21 31 0.0
21 32 0.2351931296808396
21 33 0.1828633571906722
21 34 0.19699492411569736
21 35 0.0
21 36 0.0
21 37 0.0
21 38 0.0
21 39 0.14802078763227342
21 40 0.0
21 41 0.0
21 42 0.0
21 43 0.1857850513516049
21 44 0.0
21 45 0.0
21 46 0.0
21 47 0.0
21 48 0.0
21 49 0.0
21 50 0.0
21 51 0.0
21 52 0.0
21 53 0.0
21 54 0.0
21 55 0.0
21 56 0.0
21 57 0.0
21 58 0.0
21 59 0.2025542373770228
21 60 0.0
21 61 0.0
21 62 0.0
21 63 0.0
21 64 0.0
21 65 0.0
21 66 0.0
21 67 0.0
21 68 0.0
21 69 0.0
22 23 0.2231630069271662
22 24 0.0
22 25 0.0
22 26 0.0
22 27 0.0
22 28 0.0
22 29 0.0
22 30 0.0
22 31 0.0
22 32 0.0
22 33 0.0
22 34 0.0
22 35 0.0
22 36 0.0
22 37 0.0
22 38 0.0
22 39 0.0
22 40 0.0
22 41 0.0
22 42 0.12050761268732665
22 43 0.0
22 44 0.0
22 45 0.0
22 46 0.0
22 47 0.0
22 48 0.17565254356784474
22 49 0.0
22 50 0.0
22 51 0.0
22 52 0.11696969422984617
22 53 0.0
22 54 0.0
22 55 0.0
22 56 0.0
22 57 0.0
22 58 0.0
22 59 0.0
22 60 0.0
22 61 0.0
22 62 0.0
22 63 0.0
22 64 0.0
22 65 0.0
22 66 0.0
22 67 0.0
22 68 0.25820155920202265
22 69 0.0
23 24 0.0
23 25 0.2680685368976355
23 26 0.0
23 27 0.0
23 28 0.0
23 29 0.10431066500547827
23 30 0.03377119612783221
23 31 0.0
23 32 0.0
23 33 0.0
23 34 0.0
23 35 0.0
23 36 0.062494861416940016
23 37 0.0
23 38 0.0
23 39 0.033404709421415296
23 40 0.0
23 41 0.0
23 42 0.0
23 43 0.0
23 44 0.0
23 45 0.0
23 46 0.0
23 47 0.0
23 48 0.21250577068385973
23 49 0.0
23 50 0.0
23 51 0.0
23 52 0.0
23 53 0.0
23 54 0.0
23 55 0.0
23 56 0.0
23 57 0.0
23 58 0.0
23 59 0.0
23 60 0.0
23 61 0.06794781759639072
23 62 0.0
23 63 0.0
23 64 0.0
23 65 0.0
23 66 0.0
23 67 0.0
23 68 0.26265255923962544
23 69 0.028523243949980102
24 25 0.0
24 26 0.0
24 27 0.0
24 28 0.0
24 29 0.0
24 30 0.0
24 31 0.10313430852231868
24 32 0.0
24 33 0.0
24 34 0.0
24 35 0.0
24 36 0.0
24 37 0.0
24 38 0.11027062087818505
24 39 0.0
24 40 0.0
24 41 0.11739506003408581
24 42 0.09840953760391326
24 43 0.0
24 44 0.11060828544166347
24 45 0.1268097777513104
24 46 0.0
24 47 0.0
24 48 0.0
24 49 0.0
24 50 0.0
24 51 0.15523199169200155
24 52 0.09552038469716398
24 53 0.10768367047177373
24 54 0.0
24 55 0.0
24 56 0.0
24 57 0.0
24 58 0.1009963420556597
24 59 0.0
24 60 0.0
24 61 0.0
24 62 0.1224816138039809
24 63 0.0
24 64 0.0
24 65 0.14658074397536525
24 66 0.0
24 67 0.0
24 68 0.1421754429791954
24 69 0.0
25 26 0.0
25 27 0.0
25 28 0.41784542722636936
25 29 0.12759152183392145
25 30 0.041308511530203054
25 31 0.0
25 32 0.0
25 33 0.0
25 34 0.0
25 35 0.0
25 36 0.07644294545115422
25 37 0.0
25 38 0.0
25 39 0.040860229500736756
25 40 0.0
25 41 0.0
25 42 0.0
25 43 0.0
25 44 0.0
25 45 0.0
25 46 0.0
25 47 0.0
25 48 0.04137462451411653
25 49 0.0
25 50 0.0
25 51 0.266585598597872
25 52 0.16404066362375058
25 53 0.0
25 54 0.0
25 55 0.0
25 56 0.0
25 57 0.0
25 58 0.0
25 59 0.0
25 60 0.0
25 61 0.0831129343481981
25 62 0.0
25 63 0.0
25 64 0.0
25 65 0.0
25 66 0.0
25 67 0.0
25 68 0.0
25 69 0.03488928100522628
26 27 0.6893792464562488
26 28 0.0
26 29 0.4916040707204871
26 30 0.0
26 31 0.0
26 32 0.0
26 33 0.0
26 34 0.0
26 35 0.0
26 36 0.2945310364004189
26 37 0.0
26 38 0.0
26 39 0.0
26 40 0.0
26 41 0.0
26 42 0.0
26 43 0.0
26 44 0.0
26 45 0.0
26 46 0.0
26 47 0.0
26 48 0.0
26 49 0.0
26 50 0.0
26 51 0.0
26 52 0.0
26 53 0.0
26 54 0.0
26 55 0.0
26 56 0.0
26 57 0.0
26 58 0.0
26 59 0.0
26 60 0.0
26 61 0.0
26 62 0.0
26 63 0.0
26 64 0.0
26 65 0.0
26 66 0.0
26 67 0.0
26 68 0.0
26 69 0.0
27 28 0.0
27 29 0.45217324475810367
27 30 0.0
27 31 0.0
27 32 0.0
27 33 0.0
27 34 0.0
27 35 0.0
27 36 0.27090714325444754
27 37 0.0
27 38 0.0
27 39 0.0
27 40 0.0
27 41 0.0
27 42 0.0
27 43 0.0
27 44 0.0
27 45 0.0
27 46 0.15420587954016501
27 47 0.0
27 48 0.0
27 49 0.0
27 50 0.0
27 51 0.0
27 52 0.0
27 53 0.0
27 54 0.0
27 55 0.0
27 56 0.0
27 57 0.0
27 58 0.0
27 59 0.0
27 60 0.0
27 61 0.0
27 62 0.0
27 63 0.0
27 64 0.0
27 65 0.22838673938134846
27 66 0.0
27 67 0.0
27 68 0.0
27 69 0.0
28 29 0.0
28 30 0.0
28 31 0.0
28 32 0.0
28 33 0.0
28 34 0.0
28 35 0.0
28 36 0.0
28 37 0.0
28 38 0.0
28 39 0.0
28 40 0.0
28 41 0.0
28 42 0.0
28 43 0.0
28 44 0.0
28 45 0.0
28 46 0.0
28 47 0.0
28 48 0.0
28 49 0.0
28 50 0.0
28 51 0.2123151046855768
28 52 0.1306458820474562
28 53 0.0
28 54 0.0
28 55 0.0
28 56 0.0
28 57 0.0
28 58 0.0
28 59 0.0
28 60 0.0
28 61 0.0
28 62 0.0
28 63 0.0
28 64 0.0
28 65 0.0
28 66 0.0
28 67 0.0
28 68 0.0
28 69 0.0
29 30 0.0
29 31 0.0
29 32 0.0
29 33 0.0
29 34 0.0
29 35 0.0
29 36 0.44704499178818713
29 37 0.0
29 38 0.0
29 39 0.0
29 40 0.0
29 41 0.0
29 42 0.0
29 43 0.0
29 44 0.0
29 45 0.0
29 46 0.0
29 47 0.0
29 48 0.0
29 49 0.0
29 50 0.0
29 51 0.0
29 52 0.0
29 53 0.0
29 54 0.0
29 55 0.0
29 56 0.0
29 57 0.0
29 58 0.0
29 59 0.0
29 60 0.0
29 61 0.0
29 62 0.0
29 63 0.0
29 64 0.0
29 65 0.0
29 66 0.0
29 67 0.0
29 68 0.0
29 69 0.0
30 31 0.0
30 32 0.0
30 33 0.0
30 34 0.0
30 35 0.0
30 36 0.13338567973965923
30 37 0.0
30 38 0.0
30 39 0.026250973749420807
30 40 0.0
30 41 0.0
30 42 0.0
30 43 0.0
30 44 0.0
30 45 0.0
30 46 0.0
30 47 0.0
30 48 0.026581450845561985
30 49 0.0
30 50 0.0
30 51 0.0
30 52 0.0
30 53 0.0
30 54 0.0
30 55 0.0
30 56 0.0
30 57 0.0
30 58 0.10526472607514167
30 59 0.0
30 60 0.0
30 61 0.053396554166993675
30 62 0.0
30 63 0.0
30 64 0.0
30 65 0.1527756505671646
30 66 0.0
30 67 0.0
30 68 0.0
30 69 0.022414891227858783
31 32 0.060726018032444505
31 33 0.06865828402386906
31 34 0.0
31 35 0.0
31 36 0.0
31 37 0.0
31 38 0.35966313621268936
31 39 0.05557621513038608
31 40 0.08280373724967201
31 41 0.08099682733106243
31 42 0.06789774904258754
31 43 0.0
31 44 0.07631428609263498
31 45 0.08749252029370773
31 46 0.0
31 47 0.0
31 48 0.0
31 49 0.0
31 50 0.10412582704180959
31 51 0.10710245238328849
31 52 0.06590437539421544
31 53 0.07429644536188174
31 54 0.0
31 55 0.0
31 56 0.0
31 57 0.0
31 58 0.06968251710230397
31 59 0.07605146582521136
31 60 0.0
31 61 0.0
31 62 0.0845062996827162
31 63 0.0
31 64 0.0
31 65 0.10113351623470451
31 66 0.0
31 67 0.0
31 68 0.09809407484743896
31 69 0.0
32 33 0.06948043515159782
32 34 0.0
32 35 0.2190486476449639
32 36 0.0
32 37 0.0
32 38 0.0
32 39 0.056241714546719564
32 40 0.08379527362329163
32 41 0.0
32 42 0.0
32 43 0.08469838515415935
32 44 0.0
32 45 0.0
32 46 0.0
32 47 0.21820422770522274
32 48 0.0
32 49 0.0
32 50 0.0
32 51 0.0
32 52 0.0
32 53 0.0
32 54 0.0
32 55 0.16368106018008968
32 56 0.15032712889844935
32 57 0.0
32 58 0.0
32 59 0.07696214687823455
32 60 0.15305005295722063
32 61 0.0
32 62 0.0
32 63 0.0
32 64 0.0
32 65 0.0
32 66 0.0
32 67 0.0
32 68 0.0
32 69 0.0
33 34 0.38371096176137276
33 35 0.0
33 36 0.0
33 37 0.0
33 38 0.0
33 39 0.24483681079771283
33 40 0.09474093449058289
33 41 0.0
33 42 0.0
33 43 0.504218385556301
33 44 0.0
33 45 0.0
33 46 0.11093940103867249
33 47 0.0
33 48 0.0
33 49 0.0
33 50 0.0
33 51 0.0
33 52 0.0
33 53 0.0
33 54 0.0
33 55 0.0
33 56 0.0
33 57 0.0
33 58 0.0
33 59 0.33503897855317377
33 60 0.0
33 61 0.0
33 62 0.0
33 63 0.0
33 64 0.0
33 65 0.0
33 66 0.0
33 67 0.0
33 68 0.0
33 69 0.0
34 35 0.0
34 36 0.0
34 37 0.0
34 38 0.0
34 39 0.1952553657275515
34 40 0.0
34 41 0.0
34 42 0.0
34 43 0.24507049806064057
34 44 0.0
34 45 0.0
34 46 0.11951272920285745
34 47 0.0
34 48 0.0
34 49 0.0
34 50 0.047797326941836124
34 51 0.0
34 52 0.0
34 53 0.45962572423518516
34 54 0.0
34 55 0.0
34 56 0.0
34 57 0.0
34 58 0.0
34 59 0.2671908610361476
34 60 0.0
34 61 0.0
34 62 0.0
34 63 0.0
34 64 0.0
34 65 0.0
34 66 0.0
34 67 0.0
34 68 0.0
34 69 0.0
35 36 0.0
35 37 0.11336444728041095
35 38 0.27012982447287054
35 39 0.0
35 40 0.0
35 41 0.0
35 42 0.0
35 43 0.11569121753878876
35 44 0.0
35 45 0.0
35 46 0.15657940911994367
35 47 0.5227211652156377
35 48 0.0
35 49 0.0
35 50 0.0
35 51 0.0
35 52 0.0
35 53 0.0
35 54 0.0
35 55 0.3921076846258533
35 56 0.20533483064308436
35 57 0.0652817936219333
35 58 0.15978401296623385
35 59 0.0
35 60 0.36490549706204745
35 61 0.0
35 62 0.0
35 63 0.0
35 64 0.0
35 65 0.1271766377590427
35 66 0.0
35 67 0.0
35 68 0.0
35 69 0.0
36 37 0.0
36 38 0.0
36 39 0.0
36 40 0.0
36 41 0.0
36 42 0.0
36 43 0.0
36 44 0.0
36 45 0.0
36 46 0.0
36 47 0.0
36 48 0.0
36 49 0.0
36 50 0.0
36 51 0.0
36 52 0.0
36 53 0.0
36 54 0.0
36 55 0.0
36 56 0.0
36 57 0.0
36 58 0.0
36 59 0.0
36 60 0.0
36 61 0.0
36 62 0.0
36 63 0.0
36 64 0.0
36 65 0.0
36 66 0.0
36 67 0.0
36 68 0.0
36 69 0.0
37 38 0.2155981018191593
37 39 0.0
37 40 0.0
37 41 0.0
37 42 0.0
37 43 0.0
37 44 0.0
37 45 0.06381237543783237
37 46 0.0
37 47 0.0
37 48 0.0
37 49 0.0
37 50 0.0
37 51 0.0
37 52 0.0
37 53 0.12490962021714093
37 54 0.058942398054681135
37 55 0.0
37 56 0.0
37 57 0.0
37 58 0.0
37 59 0.0
37 60 0.07920813411208404
37 61 0.0
37 62 0.0
37 63 0.0
37 64 0.0
37 65 0.11656167755418198
37 66 0.0
37 67 0.0
37 68 0.0
37 69 0.0
38 39 0.10198063984550539
38 40 0.0
38 41 0.086601350868868
38 42 0.07259589025641335
38 43 0.1279987676976513
38 44 0.08159480419155779
38 45 0.09354650914149022
38 46 0.12111458972018953
38 47 0.17378411799750587
38 48 0.0
38 49 0.0
38 50 0.0
38 51 0.11451333790952488
38 52 0.07046458639645062
38 53 0.22135368224214658
38 54 0.0
38 55 0.24409334997807475
38 56 0.0
38 57 0.0
38 58 0.4137559557962608
38 59 0.0
38 60 0.06684718836163452
38 61 0.0
38 62 0.090353658909872
38 63 0.0
38 64 0.0
38 65 0.20650285286245204
38 66 0.09363223697421574
38 67 0.0
38 68 0.4416272821350488
38 69 0.0
39 40 0.07668910797525837
39 41 0.0
39 42 0.0
39 43 0.29501928858208776
39 44 0.0
39 45 0.0
39 46 0.0
39 47 0.0
39 48 0.02629298761389858
39 49 0.0
39 50 0.0
39 51 0.0
39 52 0.0
39 53 0.0
39 54 0.0
39 55 0.09851758858267073
39 56 0.0
39 57 0.0
39 58 0.1868071749821678
39 59 0.27120104462067074
39 60 0.0
39 61 0.05281709209533356
39 62 0.0
39 63 0.0
39 64 0.0
39 65 0.0
39 66 0.0
39 67 0.0
39 68 0.13148690494228363
39 69 0.02217164370918351
40 41 0.0
40 42 0.0
40 43 0.0
40 44 0.0
40 45 0.0
40 46 0.0
40 47 0.0
40 48 0.0
40 49 0.0
40 50 0.0
40 51 0.0
40 52 0.0
40 53 0.22360343894149068
40 54 0.0
40 55 0.0
40 56 0.0
40 57 0.0
40 58 0.0
40 59 0.10494271804337943
40 60 0.0
40 61 0.0
40 62 0.0
40 63 0.0
40 64 0.0
40 65 0.0
40 66 0.0
40 67 0.0
40 68 0.0
40 69 0.0
41 42 0.07728621483227312
41 43 0.0
41 44 0.6385545848602467
41 45 0.09959042552935296
41 46 0.0
41 47 0.0
41 48 0.0
41 49 0.0
41 50 0.0
41 51 0.12191189340851648
41 52 0.07501721024520723
41 53 0.08456968188902725
41 54 0.0
41 55 0.0
41 56 0.0
41 57 0.0
41 58 0.07931776918619587
41 59 0.0
41 60 0.0
41 61 0.0
41 62 0.7071006999458813
41 63 0.0
41 64 0.0
41 65 0.11511761100586675
41 66 0.0
41 67 0.0
41 68 0.11165789513400524
41 69 0.0
42 43 0.0
42 44 0.07281818935474561
42 45 0.08348432824409265
42 46 0.0
42 47 0.0
42 48 0.0
42 49 0.0
42 50 0.0
42 51 0.10219589355179201
42 52 0.1581747502533853
42 53 0.07089278959091438
42 54 0.0
42 55 0.0
42 56 0.0
42 57 0.0
42 58 0.06649023380644024
42 59 0.0
42 60 0.0
42 61 0.0
42 62 0.08063491184986377
42 63 0.0
42 64 0.0
42 65 0.09650040526292337
42 66 0.0
42 67 0.0
42 68 0.09360020623332237
42 69 0.0
43 44 0.0
43 45 0.0
43 46 0.0
43 47 0.1152452345482842
43 48 0.0
43 49 0.0
43 50 0.0
43 51 0.0
43 52 0.0
43 53 0.0
43 54 0.0
43 55 0.2101008504972271
43 56 0.07939573587124077
43 57 0.0
43 58 0.23446693638146293
43 59 0.25198653245058245
43 60 0.08083385659470443
43 61 0.0
43 62 0.0
43 63 0.0
43 64 0.0
43 65 0.0
43 66 0.0
43 67 0.0
43 68 0.1650329104277755
43 69 0.0
44 45 0.0938329620599796
44 46 0.0
44 47 0.0
44 48 0.0
44 49 0.0
44 50 0.0
44 51 0.11486399428517359
44 52 0.07068035913461747
44 53 0.07968058887125426
44 54 0.0
44 55 0.0
44 56 0.0
44 57 0.0
44 58 0.07473229667581772
44 59 0.0
44 60 0.0
44 61 0.0
44 62 0.6662222075861229
44 63 0.0
44 64 0.0
44 65 0.10846249896547824
44 66 0.0
44 67 0.0
44 68 0.10520279416537166
44 69 0.0
45 46 0.0
45 47 0.0
45 48 0.0
45 49 0.0
45 50 0.0
45 51 0.13168884707658648
45 52 0.0810333565650545
45 53 0.09135190664524352
45 54 0.05720501251756836
45 55 0.0
45 56 0.0
45 57 0.0
45 58 0.0856788069217802
45 59 0.0
45 60 0.0
45 61 0.0
45 62 0.10390553090324775
45 63 0.0
45 64 0.0
45 65 0.12434968441327263
45 66 0.0
45 67 0.0
45 68 0.12061251011764168
45 69 0.0
46 47 0.15597580450226958
46 48 0.0
46 49 0.0
46 50 0.0
46 51 0.0
46 52 0.0
46 53 0.0
46 54 0.0
46 55 0.11700178915810629
46 56 0.0
46 57 0.0
46 58 0.11092828202013909
46 59 0.0
46 60 0.0
46 61 0.0
46 62 0.0
46 63 0.0
46 64 0.0
46 65 0.20079190131800198
46 66 0.0
46 67 0.0
46 68 0.0
46 69 0.0
47 48 0.0
47 49 0.0
47 50 0.0
47 51 0.0
47 52 0.0
47 53 0.0
47 54 0.14525526370428304
47 55 0.3905961320507356
47 56 0.20454327667923874
47 57 0.0
47 58 0.1591680547850209
47 59 0.0
47 60 0.20824823541297505
47 61 0.24094114570980107
47 62 0.0
47 63 0.0
47 64 0.0
47 65 0.0
47 66 0.0
47 67 0.0
47 68 0.0
47 69 0.0
48 49 0.0
48 50 0.0
48 51 0.0
48 52 0.0
48 53 0.0
48 54 0.0
48 55 0.0
48 56 0.0
48 57 0.0
48 58 0.0
48 59 0.0
48 60 0.0
48 61 0.05348201368601063
48 62 0.0
48 63 0.06272071071353127
48 64 0.0
48 65 0.0
48 66 0.0
48 67 0.0
48 68 0.29293102669339605
48 69 0.022450765561943326
49 50 0.0
49 51 0.0
49 52 0.0
49 53 0.0
49 54 0.0
49 55 0.0
49 56 0.0
49 57 0.0
49 58 0.0
49 59 0.0
49 60 0.0
49 61 0.0
49 62 0.0
49 63 0.0
49 64 0.0
49 65 0.0
49 66 0.0
49 67 0.0
49 68 0.0
49 69 0.0
50 51 0.0
50 52 0.0
50 53 0.0
50 54 0.0
50 55 0.0
50 56 0.21703551244255495
50 57 0.0
50 58 0.0
50 59 0.0
50 60 0.0
50 61 0.0
50 62 0.0
50 63 0.0
50 64 0.0
50 65 0.0
50 66 0.0
50 67 0.0
50 68 0.0
50 69 0.0
51 52 0.6153395550492428
51 53 0.11182685329843509
51 54 0.0
51 55 0.0
51 56 0.0
51 57 0.0
51 58 0.10488222659253855
51 59 0.0
51 60 0.0
51 61 0.0
51 62 0.12719415486681027
51 63 0.0
51 64 0.0
51 65 0.1522205110681592
51 66 0.0
51 67 0.0
51 68 0.14764571392318943
51 69 0.0
52 53 0.06881148615121598
52 54 0.0
52 55 0.0
52 56 0.0
52 57 0.0
52 58 0.06453818264402653
52 59 0.0
52 60 0.0
52 61 0.0
52 62 0.0782675946606075
52 63 0.0
52 64 0.0
52 65 0.0936673015500494
52 66 0.0
52 67 0.0
52 68 0.09085224791042316
52 69 0.0
53 54 0.0
53 55 0.0
53 56 0.0
53 57 0.0
53 58 0.0727562856318023
53 59 0.0
53 60 0.0
53 61 0.0
53 62 0.08823396072756237
53 63 0.0
53 64 0.0
53 65 0.10559462114891639
53 66 0.0
53 67 0.0
53 68 0.10242110683099427
53 69 0.0
54 55 0.0
54 56 0.0
54 57 0.0
54 58 0.0
54 59 0.0
54 60 0.0
54 61 0.19873117942563337
54 62 0.0
54 63 0.0
54 64 0.0
54 65 0.0
54 66 0.0
54 67 0.0
54 68 0.0
54 69 0.0
55 56 0.1534336008594478
55 57 0.0
55 58 0.32773151322098043
55 59 0.0
55 60 0.156212793452731
55 61 0.0
55 62 0.0
55 63 0.0
55 64 0.0
55 65 0.0
55 66 0.0
55 67 0.0
55 68 0.1466396631640904
55 69 0.0
56 57 0.0
56 58 0.031439869389967956
56 59 0.0
56 60 0.14346816125896547
56 61 0.0
56 62 0.0
56 63 0.0
56 64 0.0
56 65 0.0
56 66 0.022406164996225966
56 67 0.0
56 68 0.0
56 69 0.0
57 58 0.0
57 59 0.0
57 60 0.0
57 61 0.0
57 62 0.0
57 63 0.0
57 64 0.0
57 65 0.0
57 66 0.0
57 67 0.03793641796244122
57 68 0.0
57 69 0.06658054894374688
58 59 0.0
58 60 0.0
58 61 0.0
58 62 0.08275449043968447
58 63 0.0
58 64 0.0
58 65 0.2588213365011894
58 66 0.02313014632708958
58 67 0.0
58 68 0.374115928256846
58 69 0.0
59 60 0.2396214856047157
59 61 0.0
59 62 0.0
59 63 0.0
59 64 0.0
59 65 0.0
59 66 0.0
59 67 0.0
59 68 0.0
59 69 0.0
60 61 0.0
60 62 0.0
60 63 0.0
60 64 0.0
60 65 0.08885875970113642
60 66 0.0
60 67 0.0
60 68 0.0
60 69 0.0
61 62 0.0
61 63 0.0
61 64 0.0
61 65 0.0
61 66 0.0
61 67 0.0
61 68 0.0
61 69 0.04509887463945305
62 63 0.0
62 64 0.0
62 65 0.12010548628846544
62 66 0.0
62 67 0.0
62 68 0.11649586606112533
62 69 0.0
63 64 0.0
63 65 0.0
63 66 0.0
63 67 0.0
63 68 0.09219670248747477
63 69 0.0
64 65 0.0
64 66 0.0
64 67 0.0
64 68 0.0
64 69 0.0
65 66 0.0
65 67 0.0
65 68 0.13941725771692312
65 69 0.0
66 67 0.0
66 68 0.12072304175785856
66 69 0.0
67 68 0.0
67 69 0.1078729577479785
68 69 0.0
