0 1 0.0
0 2 0.0
0 3 0.0
0 4 0.10153258056757403
0 5 0.0
0 6 0.0
0 7 0.0
0 8 0.0
0 9 0.0
0 10 0.11114452740199776
0 11 0.0
0 12 0.0
0 13 0.11102141588988469
0 14 0.0
0 15 0.0
0 16 0.0
0 17 0.0
0 18 0.0
0 19 0.0
0 20 0.0
0 21 0.0
0 22 0.0
0 23 0.0
0 24 0.11924752002566794
0 25 0.0
0 26 0.0
0 27 0.0
0 28 0.06899463199702983
0 29 0.0
0 30 0.0
0 31 0.0
0 32 0.0
0 33 0.0
0 34 0.12601160873356806
0 35 0.0
0 36 0.0
0 37 0.0
0 38 0.0
0 39 0.0
1 2 0.0
1 3 0.0
1 4 0.0
1 5 0.0
1 6 0.0
1 7 0.0
1 8 0.0
1 9 0.0
1 10 0.0
1 11 0.0
1 12 0.664651108264576
1 13 0.0
1 14 0.0
1 15 0.0
1 16 0.0
1 17 0.0
1 18 0.0
1 19 0.0
1 20 0.0
1 21 0.10298913180395317
1 22 0.0
1 23 0.0
1 24 0.0
1 25 0.0
1 26 0.0
1 27 0.0
1 28 0.05227068917156817
1 29 0.0
1 30 0.0
1 31 0.0
1 32 0.0
1 33 0.0
1 34 0.0
1 35 0.0
1 36 0.0
1 37 0.0
1 38 0.0
1 39 0.0
2 3 0.08204422900946565
2 4 0.0
2 5 0.0
2 6 0.0
2 7 0.0
2 8 0.0
2 9 0.0
2 10 0.0
2 11 0.055404680548241825
2 12 0.0
2 13 0.0
2 14 0.11094207958199709
2 15 0.0
2 16 0.0
2 17 0.0
2 18 0.0
2 19 0.0
2 20 0.0
2 21 0.0
2 22 0.0
2 23 0.0
2 24 0.0
2 25 0.0
2 26 0.0
2 27 0.0
2 28 0.0
2 29 0.0
2 30 0.0
2 31 0.0
2 32 0.0
2 33 0.0
2 34 0.0
2 35 0.09571442398600656
2 36 0.0
2 37 0.0
2 38 0.0
2 39 0.0
3 4 0.0
3 5 0.0
3 6 0.12968365636255014
3 7 0.0478784371435614
3 8 0.087101548909171
3 9 0.2750088753448395
3 10 0.0
3 11 0.0
3 12 0.0
3 13 0.0
3 14 0.38795646473202494
3 15 0.0
3 16 0.0
3 17 0.04038101054271107
3 18 0.2319185718127915
3 19 0.049086051743411754
3 20 0.036012715569399056
3 21 0.0
3 22 0.040301274563113
3 23 0.04366612906749356
3 24 0.036980696087428315
3 25 0.0
3 26 0.03864389219412019
3 27 0.0
3 28 0.0
3 29 0.0
3 30 0.0
3 31 0.0
3 32 0.0
3 33 0.0
3 34 0.06031730925898852
3 35 0.27908430501453285
3 36 0.0
3 37 0.042691169884480844
3 38 0.05020934529885972
3 39 0.042691169884480844
4 5 0.0
4 6 0.0
4 7 0.0
4 8 0.0
4 9 0.0
4 10 0.1338505387160547
4 11 0.0
4 12 0.0
4 13 0.13370227642547086
4 14 0.0
4 15 0.0
4 16 0.0
4 17 0.13412864395794827
4 18 0.0
4 19 0.0
4 20 0.0
4 21 0.0
4 22 0.0
4 23 0.0
4 24 0.0
4 25 0.0
4 26 0.0
4 27 0.0
4 28 0.19278579600657791
4 29 0.0
4 30 0.0
4 31 0.0
4 32 0.0
4 33 0.0
4 34 0.15175485566158087
4 35 0.0
4 36 0.0
4 37 0.14180201655744346
4 38 0.26539023297871794
4 39 0.14180201655744346
5 6 0.0
5 7 0.0
5 8 0.0
5 9 0.0
5 10 0.0
5 11 0.0
5 12 0.0
5 13 0.0
5 14 0.0
5 15 0.0
5 16 0.0
5 17 0.0
5 18 0.0
5 19 0.0
5 20 0.0
5 21 0.0
5 22 0.0
5 23 0.0
5 24 0.0
5 25 0.0
5 26 0.0
5 27 0.0
5 28 0.0
5 29 0.0
5 30 0.0
5 31 0.0
5 32 0.0
5 33 0.0
5 34 0.0
5 35 0.0
5 36 0.0
5 37 0.0
5 38 0.0
5 39 0.0
6 7 0.0
6 8 0.0
6 9 0.1639188021128794
6 10 0.0
6 11 0.0
6 12 0.0
6 13 0.0
6 14 0.0
6 15 0.0
6 16 0.0
6 17 0.0
6 18 0.17494960890363234
6 19 0.0
6 20 0.0
6 21 0.0
6 22 0.0
6 23 0.0
6 24 0.0
6 25 0.0
6 26 0.0
6 27 0.0
6 28 0.0
6 29 0.0
6 30 0.0
6 31 0.0
6 32 0.0
6 33 0.0
6 34 0.0
6 35 0.0
6 36 0.0
6 37 0.0
6 38 0.0
6 39 0.0
7 8 0.04467964469465531
7 9 0.0
7 10 0.0
7 11 0.0
7 12 0.0
7 13 0.0
7 14 0.41778663163861934
7 15 0.0
7 16 0.0
7 17 0.0
7 18 0.12058702552535641
7 19 0.14131879948537462
7 20 0.2680532433132731
7 21 0.0
7 22 0.5206635944805782
7 23 0.12571483586108245
7 24 0.03713613231903772
7 25 0.10193931098713917
7 26 0.038806319125272964
7 27 0.0
7 28 0.0
7 29 0.0
7 30 0.0
7 31 0.0
7 32 0.0
7 33 0.0
7 34 0.0
7 35 0.30458626212563783
7 36 0.0
7 37 0.0
7 38 0.14455276292483316
7 39 0.0
8 9 0.053857227705974293
8 10 0.0
8 11 0.0
8 12 0.0
8 13 0.0
8 14 0.11778070301180588
8 15 0.0
8 16 0.09710011791449191
8 17 0.03768312649908806
8 18 0.0
8 19 0.04580657770392643
8 20 0.03360668042078752
8 21 0.0
8 22 0.03760871773701549
8 23 0.04074876391801643
8 24 0.034509989471732845
8 25 0.0
8 26 0.3781974785088661
8 27 0.0
8 28 0.0
8 29 0.0
8 30 0.0
8 31 0.0
8 32 0.0
8 33 0.0
8 34 0.056287466914355246
8 35 0.0497084042262273
8 36 0.0
8 37 0.039838942451660204
8 38 0.14390395670984293
8 39 0.039838942451660204
9 10 0.0
9 11 0.0
9 12 0.0
9 13 0.21701926776006114
9 14 0.07804094387755825
9 15 0.0
9 16 0.0
9 17 0.051041180222153565
9 18 0.5268868969122299
9 19 0.0
9 20 0.0
9 21 0.0
9 22 0.13220908008592758
9 23 0.1432475478135542
9 24 0.0
9 25 0.0
9 26 0.0
9 27 0.0
9 28 0.0
9 29 0.0
9 30 0.0
9 31 0.0
9 32 0.0
9 33 0.0
9 34 0.30512917149560237
9 35 0.06732922276839017
9 36 0.0
9 37 0.05396119776803556
9 38 0.0
9 39 0.05396119776803556
10 11 0.0
10 12 0.0
10 13 0.14635968319538684
10 14 0.0
10 15 0.0
10 16 0.0
10 17 0.0
10 18 0.0
10 19 0.0
10 20 0.0
10 21 0.0
10 22 0.0
10 23 0.0
10 24 0.0
10 25 0.0
10 26 0.0
10 27 0.0
10 28 0.090955716969807
10 29 0.0
10 30 0.0
10 31 0.0
10 32 0.0
10 33 0.0
10 34 0.16612127475908392
10 35 0.0
10 36 0.0
10 37 0.0
10 38 0.0
10 39 0.0
11 12 0.0
11 13 0.0
11 14 0.0
11 15 0.0
11 16 0.0
11 17 0.0
11 18 0.0
11 19 0.0
11 20 0.0
11 21 0.0
11 22 0.0
11 23 0.0
11 24 0.0
11 25 0.0
11 26 0.0
11 27 0.0
11 28 0.0
11 29 0.0
11 30 0.0
11 31 0.0
11 32 0.0
11 33 0.0
11 34 0.09474357051832086
11 35 0.0
11 36 0.0
11 37 0.0
11 38 0.0
11 39 0.0
12 13 0.0
12 14 0.0
12 15 0.0
12 16 0.0
12 17 0.0
12 18 0.0
12 19 0.0
12 20 0.0
12 21 0.0
12 22 0.0
12 23 0.0
12 24 0.0
12 25 0.0
12 26 0.0
12 27 0.0
12 28 0.04840744665180094
12 29 0.0
12 30 0.0
12 31 0.0
12 32 0.0
12 33 0.0
12 34 0.0
12 35 0.0
12 36 0.0
12 37 0.0
12 38 0.0
12 39 0.0
13 14 0.0
13 15 0.0
13 16 0.0
13 17 0.0
13 18 0.0
13 19 0.0
13 20 0.0
13 21 0.0
13 22 0.0
13 23 0.0
13 24 0.0
13 25 0.0
13 26 0.0
13 27 0.14557509725938997
13 28 0.09085496800705349
13 29 0.0
13 30 0.0
13 31 0.0
13 32 0.0
13 33 0.0
13 34 0.16593726712678936
13 35 0.0
13 36 0.0
13 37 0.0
13 38 0.0
13 39 0.0
14 15 0.0
14 16 0.0
14 17 0.05460412437679257
14 18 0.0
14 19 0.06637527982931413
14 20 0.048697216183275306
14 21 0.0
14 22 0.3516684076378713
14 23 0.0590463366470872
14 24 0.05000614153928827
14 25 0.0
14 26 0.05225515328644955
14 27 0.0
14 28 0.0
14 29 0.0
14 30 0.0
14 31 0.0
14 32 0.0
14 33 0.0
14 34 0.08156244265773517
14 35 0.7875287580989336
14 36 0.0
14 37 0.0577279745809568
14 38 0.06789422302040773
14 39 0.0577279745809568
15 16 0.0
15 17 0.0
15 18 0.0
15 19 0.0
15 20 0.0
15 21 0.0
15 22 0.0
15 23 0.0
15 24 0.0
15 25 0.0
15 26 0.0
15 27 0.0
15 28 0.0
15 29 0.0
15 30 0.0
15 31 0.0
15 32 0.0
15 33 0.0
15 34 0.0
15 35 0.0
15 36 0.0
15 37 0.0
15 38 0.0
15 39 0.0
16 17 0.0
16 18 0.0
16 19 0.0
16 20 0.0
16 21 0.05332257516644217
16 22 0.0
16 23 0.0
16 24 0.0
16 25 0.12618026696186505
16 26 0.084335902593741
16 27 0.0
16 28 0.0
16 29 0.0
16 30 0.0
16 31 0.0
16 32 0.0
16 33 0.0
16 34 0.0
16 35 0.289522211815074
16 36 0.0
16 37 0.0
16 38 0.10957618950878939
16 39 0.0
17 18 0.0
17 19 0.0
17 20 0.0
17 21 0.0
17 22 0.0
17 23 0.0
17 24 0.0
17 25 0.0
17 26 0.0
17 27 0.0
17 28 0.0911446983658636
17 29 0.0
17 30 0.0
17 31 0.0
17 32 0.0
17 33 0.0
17 34 0.05334434885339293
17 35 0.04710928740182967
17 36 0.0
17 37 0.8489478243661183
17 38 0.0
17 39 0.8489478243661183
18 19 0.12362853358754115
18 20 0.09070192158911179
18 21 0.0
18 22 0.10150312153829445
18 23 0.1099778717644182
18 24 0.0
18 25 0.1369455214965121
18 26 0.0
18 27 0.0
18 28 0.0
18 29 0.0
18 30 0.0
18 31 0.0
18 32 0.0
18 33 0.0
18 34 0.2442916295410081
18 35 0.0
18 36 0.0
18 37 0.0
18 38 0.12645766997386715
18 39 0.0
19 20 0.4109278315089319
19 21 0.0
19 22 0.11895391910793586
19 23 0.12888568019646507
19 24 0.0380727989741329
19 25 0.10451047678934851
19 26 0.039785112092169825
19 27 0.0
19 28 0.0
19 29 0.0
19 30 0.0
19 31 0.0
19 32 0.0
19 33 0.0
19 34 0.0
19 35 0.0
19 36 0.0
19 37 0.0
19 38 0.1481987471584729
19 39 0.0
20 21 0.0
20 22 0.2256315786563619
20 23 0.09455890577931443
20 24 0.027932678055948623
20 25 0.07667567345426693
20 26 0.029188942169590466
20 27 0.0
20 28 0.0
20 29 0.0
20 30 0.0
20 31 0.0
20 32 0.0
20 33 0.0
20 34 0.0
20 35 0.0
20 36 0.0
20 37 0.0
20 38 0.10872822603573325
20 39 0.0
21 22 0.0
21 23 0.0
21 24 0.0
21 25 0.0
21 26 0.0
21 27 0.0
21 28 0.0
21 29 0.0
21 30 0.0
21 31 0.0
21 32 0.0
21 33 0.0
21 34 0.0
21 35 0.05903997842324478
21 36 0.0
21 37 0.0
21 38 0.0
21 39 0.0
22 23 0.20161468526936535
22 24 0.03125902920168516
22 25 0.08580656357994199
22 26 0.03266489499567396
22 27 0.0
22 28 0.0
22 29 0.0
22 30 0.0
22 31 0.0
22 32 0.0
22 33 0.0
22 34 0.0
22 35 0.2563829421012834
22 36 0.0
22 37 0.0
22 38 0.1216760808215668
22 39 0.0
23 24 0.0338689239594089
23 25 0.09297076880911481
23 26 0.03539216901499027
23 27 0.0
23 28 0.0
23 29 0.0
23 30 0.0
23 31 0.0
23 32 0.0
23 33 0.0
23 34 0.2568844900100737
23 35 0.0
23 36 0.0
23 37 0.0
23 38 0.13183512201979625
23 39 0.0
24 25 0.0
24 26 0.029973507479795915
24 27 0.0
24 28 0.0
24 29 0.0
24 30 0.0
24 31 0.0
24 32 0.0
24 33 0.0
24 34 0.0
24 35 0.0
24 36 0.0
24 37 0.0
24 38 0.038944063380344784
24 39 0.0
25 26 0.0
25 27 0.0
25 28 0.0
25 29 0.0
25 30 0.0
25 31 0.0
25 32 0.0
25 33 0.0
25 34 0.0
25 35 0.0
25 36 0.0
25 37 0.0
25 38 0.1069021123127745
25 39 0.0
26 27 0.0
26 28 0.0
26 29 0.0
26 30 0.0
26 31 0.0
26 32 0.0
26 33 0.0
26 34 0.0
26 35 0.0
26 36 0.0
26 37 0.0
26 38 0.12498718164917835
26 39 0.0
27 28 0.0
27 29 0.0
27 30 0.0
27 31 0.0
27 32 0.0
27 33 0.0
27 34 0.0
27 35 0.0
27 36 0.0
27 37 0.0
27 38 0.0
27 39 0.0
28 29 0.0
28 30 0.0
28 31 0.0
28 32 0.0
28 33 0.0
28 34 0.10312227229529307
28 35 0.0
28 36 0.0
28 37 0.09635900017636384
28 38 0.0
28 39 0.09635900017636384
29 30 0.9999999999999998
29 31 0.7254185376188134
29 32 0.9999999999999998
29 33 0.9999999999999998
29 34 0.0
29 35 0.0
29 36 0.0
29 37 0.0
29 38 0.0
29 39 0.0
30 31 0.7254185376188134
30 32 0.9999999999999998
30 33 0.9999999999999998
30 34 0.0
30 35 0.0
30 36 0.0
30 37 0.0
30 38 0.0
30 39 0.0
31 32 0.7254185376188134
31 33 0.7254185376188134
31 34 0.0
31 35 0.0
31 36 0.0
31 37 0.0
31 38 0.0
31 39 0.0
32 33 0.9999999999999998
32 34 0.0
32 35 0.0
32 36 0.0
32 37 0.0
32 38 0.0
32 39 0.0
33 34 0.0
33 35 0.0
33 36 0.0
33 37 0.0
33 38 0.0
33 39 0.0
34 35 0.07036736869626543
34 36 0.0
34 37 0.056396128493824325
34 38 0.0
34 39 0.056396128493824325
35 36 0.0
35 37 0.049804365085939245
35 38 0.0
35 39 0.049804365085939245
36 37 0.0
36 38 0.0
36 39 0.0
37 38 0.0
37 39 1.0000000000000002
38 39 0.0
