0 1 0.0
0 2 0.0
0 3 0.0
0 4 0.0
0 5 0.0
0 6 0.0
0 7 0.0
0 8 0.0
0 9 0.0
0 10 0.0
0 11 0.0
0 12 0.0
0 13 0.0
0 14 0.0
0 15 0.0
0 16 0.0
0 17 0.0
0 18 0.0
0 19 0.0
0 20 0.0
0 21 0.0
0 22 0.0
0 23 0.0
1 2 0.0
1 3 0.0
1 4 0.0
1 5 0.1253742431978443
1 6 0.0
1 7 0.0
1 8 0.0
1 9 0.0
1 10 0.0
1 11 0.0
1 12 0.0
1 13 0.0
1 14 0.0
1 15 0.0
1 16 0.0
1 17 0.0
1 18 0.0
1 19 0.0
1 20 0.42814065703179743
1 21 0.0
1 22 0.0
1 23 0.0
2 3 0.14215075052800474
2 4 0.20751144966058863
2 5 0.0
2 6 0.0
2 7 0.2035127087833861
2 8 0.0
2 9 0.0
2 10 0.0
2 11 0.0
2 12 0.0
2 13 0.19625151052320078
2 14 0.0
2 15 0.520895958457074
2 16 0.4211097797288561
2 17 0.0
2 18 0.0
2 19 0.19625151052320078
2 20 0.0
2 21 0.184529102605274
2 22 0.0
2 23 0.0
3 4 0.14549960374474463
3 5 0.0
3 6 0.0
3 7 0.14269582971655237
3 8 0.037001001220354136
3 9 0.0
3 10 0.0
3 11 0.0
3 12 0.0
3 13 0.5591406956934443
3 14 0.0
3 15 0.14693980931998307
3 16 0.11879107474633517
3 17 0.0
3 18 0.0
3 19 0.5591406956934443
3 20 0.0
3 21 0.12938520429766887
3 22 0.0
3 23 0.0
4 5 0.0
4 6 0.0
4 7 0.20830715543192788
4 8 0.0
4 9 0.0
4 10 0.0
4 11 0.0
4 12 0.0
4 13 0.20087489450017254
4 14 0.0
4 15 0.2145025104094197
4 16 0.17341103044331113
4 17 0.0
4 18 0.0
4 19 0.20087489450017254
4 20 0.0
4 21 0.18887632466739074
4 22 0.0
4 23 0.0
5 6 0.0
5 7 0.32806865636239346
5 8 0.09702550670550093
5 9 0.0
5 10 0.0
5 11 0.0
5 12 0.0
5 13 0.0
5 14 0.0
5 15 0.0
5 16 0.0
5 17 0.0
5 18 0.0
5 19 0.0
5 20 0.1073086466984905
5 21 0.0
5 22 0.0
5 23 0.0
6 7 0.0
6 8 0.051356821993822625
6 9 0.0
6 10 0.0
6 11 0.0
6 12 0.0
6 13 0.0
6 14 0.0
6 15 0.15223449384515012
6 16 0.12307147546345962
6 17 0.0
6 18 0.032587879681022176
6 19 0.0
6 20 0.0
6 21 0.0
6 22 0.18056125577926616
6 23 0.0
7 8 0.0
7 9 0.0
7 10 0.0
7 11 0.0
7 12 0.0
7 13 0.19700403988875034
7 14 0.0
7 15 0.21036905195187602
7 16 0.17006940386258187
7 17 0.0
7 18 0.0
7 19 0.19700403988875034
7 20 0.0
7 21 0.18523668222154685
7 22 0.0
7 23 0.0
8 9 0.0
8 10 0.0
8 11 0.12559391850026494
8 12 0.0
8 13 0.0
8 14 0.0
8 15 0.0
8 16 0.0
8 17 0.0
8 18 0.038544312398467444
8 19 0.0
8 20 0.0
8 21 0.0
8 22 0.0
8 23 0.0
9 10 0.0
9 11 0.0
9 12 0.0
9 13 0.0
9 14 0.0
9 15 0.0
9 16 0.0
9 17 0.0
9 18 0.0
9 19 0.0
9 20 0.0
9 21 0.0
9 22 0.0
9 23 0.0
10 11 0.11301469286003281
10 12 0.0
10 13 0.0
10 14 0.0
10 15 0.0
10 16 0.0
10 17 0.0
10 18 0.0
10 19 0.0
10 20 0.0
10 21 0.0
10 22 0.0
10 23 0.0
11 12 0.0
11 13 0.0
11 14 0.0
11 15 0.0
11 16 0.0
11 17 0.0
11 18 0.0
11 19 0.0
11 20 0.0
11 21 0.0
11 22 0.0
11 23 0.0
12 13 0.0
12 14 0.0
12 15 0.0
12 16 0.0
12 17 0.36080339669569644
12 18 0.0
12 19 0.0
12 20 0.0
12 21 0.0
12 22 0.0
12 23 0.0
13 14 0.0
13 15 0.20286322392196335
13 16 0.16400144050628782
13 17 0.0
13 18 0.0
13 19 1.0
13 20 0.0
13 21 0.17862756044870848
13 22 0.0
13 23 0.0
14 15 0.0
14 16 0.0
14 17 0.0
14 18 0.07766886234490236
14 19 0.0
14 20 0.0
14 21 0.0
14 22 0.0
14 23 0.0
15 16 0.8084335708347771
15 17 0.0
15 18 0.0
15 19 0.20286322392196335
15 20 0.0
15 21 0.19074588808072993
15 22 0.214416355035724
15 23 0.0
16 17 0.0
16 18 0.0
16 19 0.16400144050628782
16 20 0.0
16 21 0.15420537942315524
16 22 0.1733413795469077
16 23 0.0
17 18 0.0
17 19 0.0
17 20 0.0
17 21 0.0
17 22 0.0
17 23 0.0
18 19 0.0
18 20 0.0
18 21 0.0
18 22 0.0
18 23 0.0
19 20 0.0
19 21 0.17862756044870848
19 22 0.0
19 23 0.0
20 21 0.0
20 22 0.0
20 23 0.0
21 22 0.0
21 23 0.0
22 23 0.0
