0 1 0.0
0 2 0.0
0 3 0.0
0 4 0.0
0 5 0.0
0 6 0.0
0 7 0.0
0 8 0.0
0 9 0.0
0 10 0.0
0 11 0.0
0 12 0.0
0 13 0.0
0 14 0.0
0 15 0.08799272908050394
0 16 0.0
0 17 0.06019263191634179
0 18 0.0
0 19 0.07279104883854837
0 20 0.0
0 21 0.0
0 22 0.0
0 23 0.0
0 24 0.0
0 25 0.0
0 26 0.0
0 27 0.0
0 28 0.0
0 29 0.09620550887321445
0 30 0.0
0 31 0.0
0 32 0.0
0 33 0.0
0 34 0.0
0 35 0.07273869730408464
0 36 0.0
0 37 0.0
0 38 0.0
0 39 0.0
0 40 0.0
0 41 0.0
0 42 0.0
0 43 0.0
0 44 0.0
0 45 0.0
0 46 0.08361698369907353
0 47 0.06385563612935696
0 48 0.0
0 49 0.08414019048812171
0 50 0.0
0 51 0.0
0 52 0.06663238822007099
0 53 0.0812831029142714
0 54 0.0
0 55 0.0
0 56 0.0
0 57 0.0
1 2 0.0
1 3 0.0
1 4 0.0
1 5 0.0
1 6 0.0
1 7 0.0
1 8 0.0
1 9 0.0
1 10 0.0
1 11 0.0
1 12 0.0
1 13 0.0
1 14 0.0
1 15 0.0
1 16 0.0
1 17 0.0
1 18 0.0
1 19 0.0
1 20 0.0
1 21 0.0
1 22 0.0
1 23 0.0
1 24 0.0
1 25 0.0
1 26 0.0
1 27 0.0
1 28 0.0
1 29 0.0
1 30 0.0
1 31 0.18669568098403347
1 32 0.0
1 33 0.0
1 34 0.0
1 35 0.0
1 36 0.0
1 37 0.0
1 38 0.0
1 39 0.0
1 40 0.0
1 41 0.0
1 42 0.0
1 43 0.0
1 44 0.0
1 45 0.0
1 46 0.0
1 47 0.0
1 48 0.0
1 49 0.0
1 50 0.0
1 51 0.0
1 52 0.0
1 53 0.0
1 54 0.0
1 55 0.0
1 56 0.0
1 57 0.0
2 3 0.0
2 4 0.0
2 5 0.09626919292686817
2 6 0.0
2 7 0.0
2 8 0.0
2 9 0.0
2 10 0.0
2 11 0.0
2 12 0.0
2 13 0.0
2 14 0.0
2 15 0.0
2 16 0.0
2 17 0.0
2 18 0.0
2 19 0.0
2 20 0.0
2 21 0.0
2 22 0.0
2 23 0.0
2 24 0.0
2 25 0.0
2 26 0.0
2 27 0.0
2 28 0.0
2 29 0.0
2 30 0.0
2 31 0.0
2 32 0.0
2 33 0.0841822984596067
2 34 0.0
2 35 0.0
2 36 0.0
2 37 0.8574045645184444
2 38 0.0
2 39 0.0
2 40 0.0
2 41 0.0
2 42 0.0
2 43 0.0
2 44 0.0
2 45 0.0
2 46 0.0
2 47 0.0
2 48 0.0
2 49 0.0
2 50 0.0
2 51 0.0
2 52 0.0
2 53 0.0
2 54 0.0
2 55 0.0
2 56 0.0
2 57 0.0
3 4 0.0
3 5 0.0
3 6 0.0
3 7 0.0
3 8 0.0
3 9 0.0
3 10 0.0
3 11 0.0
3 12 0.0
3 13 0.0
3 14 0.18294759959370818
3 15 0.0
3 16 0.0
3 17 0.0
3 18 0.0
3 19 0.0
3 20 0.0
3 21 0.0
3 22 0.0
3 23 0.0
3 24 0.0
3 25 0.1515685602860627
3 26 0.0
3 27 0.0
3 28 0.0
3 29 0.0
3 30 0.0
3 31 0.0
3 32 0.9999999999999999
3 33 0.0
3 34 0.0
3 35 0.0
3 36 0.0
3 37 0.0
3 38 0.0
3 39 0.0
3 40 0.0
3 41 0.0
3 42 0.0
3 43 0.0
3 44 0.0
3 45 0.0
3 46 0.0
3 47 0.0
3 48 0.0
3 49 0.0
3 50 0.0
3 51 0.0
3 52 0.0
3 53 0.0
3 54 0.0
3 55 0.0
3 56 0.0
3 57 0.0
4 5 0.0
4 6 0.0
4 7 0.0
4 8 0.0
4 9 0.0
4 10 0.0
4 11 0.0
4 12 0.0
4 13 0.0
4 14 0.0
4 15 0.0
4 16 0.0
4 17 0.0
4 18 0.0
4 19 0.0
4 20 0.0
4 21 0.0
4 22 0.0
4 23 0.0
4 24 0.0
4 25 0.0
4 26 0.0
4 27 0.0
4 28 0.0
4 29 0.0
4 30 0.0
4 31 0.0
4 32 0.0
4 33 0.0
4 34 0.0
4 35 0.0
4 36 0.0
4 37 0.0
4 38 0.0
4 39 0.0
4 40 0.0
4 41 0.0
4 42 0.0
4 43 0.0
4 44 0.0
4 45 0.0
4 46 0.0
4 47 0.0
4 48 0.0
4 49 0.0
4 50 0.0
4 51 0.0
4 52 0.0
4 53 0.0
4 54 0.0
4 55 0.0
4 56 0.0
4 57 0.0
5 6 0.0
5 7 0.0
5 8 0.0
5 9 0.18969159594363802
5 10 0.0
5 11 0.17469514173887662
5 12 0.0
5 13 0.0
5 14 0.0
5 15 0.0
5 16 0.0
5 17 0.0
5 18 0.0
5 19 0.0
5 20 0.0
5 21 0.0
5 22 0.14130939225569664
5 23 0.0
5 24 0.0
5 25 0.0
5 26 0.0
5 27 0.0
5 28 0.0
5 29 0.0
5 30 0.0
5 31 0.0
5 32 0.0
5 33 0.07678648696883926
5 34 0.0
5 35 0.1503633188745752
5 36 0.0
5 37 0.0825416454380035
5 38 0.0
5 39 0.0
5 40 0.0
5 41 0.0
5 42 0.0
5 43 0.0
5 44 0.0
5 45 0.0
5 46 0.0
5 47 0.1320005132497496
5 48 0.0
5 49 0.12084449525757417
5 50 0.0
5 51 0.0
5 52 0.0
5 53 0.0
5 54 0.0
5 55 0.0
5 56 0.0
5 57 0.0
6 7 0.0
6 8 0.0
6 9 0.0
6 10 0.0
6 11 0.0
6 12 0.0
6 13 0.0
6 14 0.0
6 15 0.0
6 16 0.0
6 17 0.0
6 18 0.0
6 19 0.0
6 20 0.0
6 21 0.0
6 22 0.0
6 23 0.0
6 24 0.0
6 25 0.0
6 26 0.0
6 27 0.0
6 28 0.0
6 29 0.0
6 30 0.4536591520057952
6 31 0.38233725906530336
6 32 0.0
6 33 0.0
6 34 0.0
6 35 0.0
6 36 0.0
6 37 0.0
6 38 0.0
6 39 0.0
6 40 0.0
6 41 0.0
6 42 0.13222168271024573
6 43 0.0
6 44 0.0
6 45 0.0
6 46 0.12870072339031352
6 47 0.13632339017682
6 48 0.0
6 49 0.0
6 50 0.0
6 51 0.0
6 52 0.0
6 53 0.0
6 54 0.0
6 55 0.0
6 56 0.0
6 57 0.0
7 8 0.0
7 9 0.0
7 10 0.0
7 11 0.0
7 12 0.0
7 13 0.0
7 14 0.0
7 15 0.0
7 16 0.0
7 17 0.0
7 18 0.0
7 19 0.0
7 20 0.0
7 21 0.0
7 22 0.0
7 23 0.0
7 24 0.0
7 25 0.0
7 26 0.0
7 27 0.0
7 28 0.0
7 29 0.0
7 30 0.0
7 31 0.0
7 32 0.0
7 33 0.0
7 34 0.0
7 35 0.0
7 36 0.0
7 37 0.0
7 38 0.0
7 39 0.2043022966855396
7 40 0.0
7 41 0.0
7 42 0.0
7 43 0.0
7 44 0.0
7 45 0.0
7 46 0.0
7 47 0.0
7 48 0.0
7 49 0.0
7 50 0.0
7 51 0.0
7 52 0.0
7 53 0.0
7 54 0.0
7 55 0.0
7 56 0.0
7 57 0.0
8 9 0.0
8 10 0.21838085494254583
8 11 0.0
8 12 0.0
8 13 0.0
8 14 0.0
8 15 0.0
8 16 0.0
8 17 0.0
8 18 0.0
8 19 0.0
8 20 0.19213334969591192
8 21 0.0
8 22 0.0
8 23 0.0
8 24 0.0
8 25 0.0
8 26 0.0
8 27 0.0
8 28 0.0
8 29 0.0
8 30 0.0
8 31 0.0
8 32 0.0
8 33 0.0
8 34 0.0
8 35 0.0
8 36 0.0
8 37 0.0
8 38 0.0
8 39 0.0
8 40 0.0
8 41 0.0
8 42 0.0
8 43 0.0
8 44 0.0
8 45 0.0
8 46 0.0
8 47 0.0
8 48 0.0
8 49 0.0
8 50 0.0
8 51 0.0
8 52 0.0
8 53 0.0
8 54 0.0
8 55 0.0
8 56 0.0
8 57 0.0
9 10 0.19738031721257365
9 11 0.7408604241178182
9 12 0.4209013866783999
9 13 0.0
9 14 0.0
9 15 0.0
9 16 0.0
9 17 0.0
9 18 0.4323987722818554
9 19 0.1551119135042693
9 20 0.0
9 21 0.0
9 22 0.19435184707293357
9 23 0.0
9 24 0.0
9 25 0.0
9 26 0.0
9 27 0.4209013866783999
9 28 0.0
9 29 0.0
9 30 0.0
9 31 0.0
9 32 0.0
9 33 0.0
9 34 0.0
9 35 0.20680429155346608
9 36 0.0
9 37 0.0
9 38 0.0
9 39 0.0
9 40 0.0
9 41 0.0
9 42 0.0
9 43 0.0
9 44 0.0
9 45 0.0
9 46 0.0
9 47 0.18154875026454484
9 48 0.4063614440042952
9 49 0.0
9 50 0.0
9 51 0.0
9 52 0.0
9 53 0.0
9 54 0.0
9 55 0.0
9 56 0.0
9 57 0.4063614440042952
10 11 0.0
10 12 0.0
10 13 0.0
10 14 0.0
10 15 0.09481395648074564
10 16 0.0
10 17 0.0
10 18 0.0
10 19 0.15657056308533981
10 20 0.16851756403022894
10 21 0.0
10 22 0.0
10 23 0.0
10 24 0.0
10 25 0.08243876790549444
10 26 0.0
10 27 0.0
10 28 0.0
10 29 0.0
10 30 0.0
10 31 0.0
10 32 0.0
10 33 0.0
10 34 0.0
10 35 0.0
10 36 0.0
10 37 0.0
10 38 0.0
10 39 0.0
10 40 0.0
10 41 0.0
10 42 0.0
10 43 0.0
10 44 0.0
10 45 0.0
10 46 0.09009900177367894
10 47 0.0
10 48 0.0
10 49 0.0
10 50 0.07747540187567512
10 51 0.0
10 52 0.0
10 53 0.0
10 54 0.0
10 55 0.0
10 56 0.0
10 57 0.0
11 12 0.38762617309477515
11 13 0.0
11 14 0.0
11 15 0.0
11 16 0.0
11 17 0.0
11 18 0.5568371732481223
11 19 0.0
11 20 0.0
11 21 0.0
11 22 0.1789869672545043
11 23 0.0
11 24 0.0
11 25 0.0
11 26 0.0
11 27 0.38762617309477515
11 28 0.39198657128494274
11 29 0.0
11 30 0.0
11 31 0.0
11 32 0.0
11 33 0.0
11 34 0.0
11 35 0.19045495845727997
11 36 0.0
11 37 0.0
11 38 0.0
11 39 0.0
11 40 0.0
11 41 0.0
11 42 0.0
11 43 0.0
11 44 0.0
11 45 0.0
11 46 0.0
11 47 0.16719604525550025
11 48 0.37423571510589004
11 49 0.0
11 50 0.0
11 51 0.0
11 52 0.0
11 53 0.0
11 54 0.0
11 55 0.0
11 56 0.0
11 57 0.37423571510589004
12 13 0.0
12 14 0.0
12 15 0.0
12 16 0.0
12 17 0.0
12 18 0.3348223892349733
12 19 0.0
12 20 0.0
12 21 0.0
12 22 0.0
12 23 0.0
12 24 0.0
12 25 0.0
12 26 0.0
12 27 1.0
12 28 0.0
12 29 0.0
12 30 0.0
12 31 0.0
12 32 0.0
12 33 0.0
12 34 0.0
12 35 0.0
12 36 0.0
12 37 0.0
12 38 0.0
12 39 0.0
12 40 0.0
12 41 0.0
12 42 0.0
12 43 0.0
12 44 0.0
12 45 0.0
12 46 0.0
12 47 0.0
12 48 0.7571327301661503
12 49 0.0
12 50 0.0
12 51 0.0
12 52 0.0
12 53 0.0
12 54 0.0
12 55 0.0
12 56 0.0
12 57 0.7571327301661503
13 14 0.37948556118170657
13 15 0.0
13 16 0.0
13 17 0.0
13 18 0.0
13 19 0.0
13 20 0.0
13 21 0.0
13 22 0.0
13 23 0.0
13 24 0.0
13 25 0.0
13 26 0.0
13 27 0.0
13 28 0.0
13 29 0.157309171066621
13 30 0.0
13 31 0.0
13 32 0.0
13 33 0.0
13 34 0.0
13 35 0.11893772312405725
13 36 0.0
13 37 0.0
13 38 0.0
13 39 0.0
13 40 0.0
13 41 0.0
13 42 0.0
13 43 0.0
13 44 0.0
13 45 0.0
13 46 0.0
13 47 0.10441270261018983
13 48 0.0
13 49 0.13758072457698098
13 50 0.0
13 51 0.0
13 52 0.0
13 53 0.0
13 54 0.0
13 55 0.0
13 56 0.0
13 57 0.0
14 15 0.0
14 16 0.0
14 17 0.0
14 18 0.0
14 19 0.0
14 20 0.0
14 21 0.0
14 22 0.0
14 23 0.0
14 24 0.0
14 25 0.14132572549852732
14 26 0.0
14 27 0.0
14 28 0.0
14 29 0.4616947106424799
14 30 0.0
14 31 0.0
14 32 0.18294759959370818
14 33 0.0
14 34 0.0
14 35 0.14339443200012286
14 36 0.0
14 37 0.0
14 38 0.0
14 39 0.0
14 40 0.0
14 41 0.0
14 42 0.0
14 43 0.0
14 44 0.0
14 45 0.0
14 46 0.0
14 47 0.12588268709977957
14 48 0.0
14 49 0.1658709225020563
14 50 0.0
14 51 0.0
14 52 0.0
14 53 0.0
14 54 0.0
14 55 0.0
14 56 0.0
14 57 0.0
15 16 0.0
15 17 0.07819322971059953
15 18 0.0
15 19 0.7527295277230549
15 20 0.0
15 21 0.0
15 22 0.0
15 23 0.47246897807732774
15 24 0.0
15 25 0.0783143983096171
15 26 0.0
15 27 0.0
15 28 0.0
15 29 0.1249757522682116
15 30 0.0
15 31 0.0
15 32 0.0
15 33 0.0
15 34 0.0
15 35 0.09449119412244708
15 36 0.0
15 37 0.0
15 38 0.0
15 39 0.0
15 40 0.0
15 41 0.0
15 42 0.0
15 43 0.0
15 44 0.0
15 45 0.47246897807732774
15 46 0.194214025053575
15 47 0.08295165479919295
15 48 0.0
15 49 0.322818549956635
15 50 0.7237270562646472
15 51 0.222319560686998
15 52 0.08655879419758901
15 53 0.840545542958605
15 54 0.0
15 55 0.0
15 56 0.20458733073738836
15 57 0.0
16 17 0.0
16 18 0.0
16 19 0.0
16 20 0.0
16 21 0.0
16 22 0.10881797083423146
16 23 0.0
16 24 0.0
16 25 0.0
16 26 0.0
16 27 0.0
16 28 0.0
16 29 0.0
16 30 0.0
16 31 0.0
16 32 0.0
16 33 0.0
16 34 0.0
16 35 0.0
16 36 0.0
16 37 0.0
16 38 0.0
16 39 0.0
16 40 0.0
16 41 0.0
16 42 0.0
16 43 0.07213618229644135
16 44 0.0
16 45 0.0
16 46 0.0
16 47 0.0
16 48 0.0
16 49 0.0
16 50 0.11445752071750707
16 51 0.0
16 52 0.0
16 53 0.0
16 54 0.0
16 55 0.0
16 56 0.0
16 57 0.0
17 18 0.0
17 19 0.0646845172571102
17 20 0.0
17 21 0.0
17 22 0.0
17 23 0.0
17 24 0.0
17 25 0.0
17 26 0.0
17 27 0.0
17 28 0.0
17 29 0.08549137563247965
17 30 0.0
17 31 0.0
17 32 0.0
17 33 0.0
17 34 0.0
17 35 0.06463799596378517
17 36 0.0
17 37 0.0
17 38 0.0
17 39 0.0
17 40 0.0
17 41 0.0
17 42 0.0
17 43 0.0
17 44 0.0
17 45 0.0
17 46 0.07430479861702304
17 47 0.05674421598642695
17 48 0.0
17 49 0.07476973735764057
17 50 0.0
17 51 0.0
17 52 0.0592117291133348
17 53 0.07223083548131638
17 54 0.0
17 55 0.0
17 56 0.0
17 57 0.0
18 19 0.0
18 20 0.0
18 21 0.0
18 22 0.0
18 23 0.17941105099559929
18 24 0.0
18 25 0.0
18 26 0.0
18 27 0.3348223892349733
18 28 0.45323238912090946
18 29 0.0
18 30 0.0
18 31 0.0
18 32 0.0
18 33 0.0
18 34 0.0
18 35 0.0
18 36 0.0
18 37 0.0
18 38 0.0
18 39 0.0
18 40 0.0
18 41 0.0
18 42 0.0
18 43 0.13320179110795324
18 44 0.1286191326966003
18 45 0.17941105099559929
18 46 0.0
18 47 0.0
18 48 0.3232560259499718
18 49 0.0
18 50 0.0
18 51 0.0
18 52 0.0
18 53 0.0
18 54 0.0
18 55 0.0
18 56 0.0
18 57 0.3232560259499718
19 20 0.0
19 21 0.0
19 22 0.0
19 23 0.3908449347725224
19 24 0.0
19 25 0.0
19 26 0.0
19 27 0.0
19 28 0.0
19 29 0.10338486124992013
19 30 0.0
19 31 0.0
19 32 0.0
19 33 0.0
19 34 0.0
19 35 0.07816683489708634
19 36 0.0
19 37 0.0
19 38 0.0
19 39 0.0
19 40 0.0
19 41 0.0
19 42 0.0
19 43 0.0
19 44 0.0
19 45 0.3908449347725224
19 46 0.08985691525480217
19 47 0.06862087377926655
19 48 0.0
19 49 0.26704821047639465
19 50 0.5378112297925697
19 51 0.1839114909701947
19 52 0.07160484146454972
19 53 0.6953323565239915
19 54 0.10026220164923239
19 55 0.0
19 56 0.16924269242551598
19 57 0.0
20 21 0.21795155580736086
20 22 0.0
20 23 0.0
20 24 0.0
20 25 0.0
20 26 0.0
20 27 0.0
20 28 0.0
20 29 0.0
20 30 0.0
20 31 0.0
20 32 0.0
20 33 0.0
20 34 0.0
20 35 0.0
20 36 0.0
20 37 0.0
20 38 0.0
20 39 0.0
20 40 0.0
20 41 0.0
20 42 0.0
20 43 0.0
20 44 0.0
20 45 0.0
20 46 0.0
20 47 0.0
20 48 0.0
20 49 0.0
20 50 0.0
20 51 0.0
20 52 0.0
20 53 0.0
20 54 0.0
20 55 0.0
20 56 0.0
20 57 0.0
21 22 0.0
21 23 0.0
21 24 0.0
21 25 0.0
21 26 0.0
21 27 0.0
21 28 0.0
21 29 0.0
21 30 0.0
21 31 0.0
21 32 0.0
21 33 0.0
21 34 0.0
21 35 0.0
21 36 0.0
21 37 0.0
21 38 0.0
21 39 0.0
21 40 0.0
21 41 0.0
21 42 0.0
21 43 0.0
21 44 0.0
21 45 0.0
21 46 0.0
21 47 0.0
21 48 0.0
21 49 0.0
21 50 0.0
21 51 0.0
21 52 0.0
21 53 0.0
21 54 0.0
21 55 0.0
21 56 0.0
21 57 0.0
22 23 0.20300527748623456
22 24 0.0
22 25 0.0
22 26 0.0
22 27 0.0
22 28 0.0
22 29 0.0
22 30 0.0
22 31 0.0
22 32 0.0
22 33 0.0
22 34 0.0
22 35 0.15405737196693292
22 36 0.0
22 37 0.0
22 38 0.0
22 39 0.0
22 40 0.0
22 41 0.1720414444238652
22 42 0.0
22 43 0.15071906895075693
22 44 0.0
22 45 0.20300527748623456
22 46 0.0
22 47 0.1352434378394215
22 48 0.0
22 49 0.0
22 50 0.10752102974995982
22 51 0.0
22 52 0.0
22 53 0.0
22 54 0.11637672302138374
22 55 0.0
22 56 0.0
22 57 0.0
23 24 0.0
23 25 0.0
23 26 0.0
23 27 0.0
23 28 0.25626445380428103
23 29 0.0
23 30 0.0
23 31 0.0
23 32 0.0
23 33 0.0
23 34 0.0
23 35 0.0
23 36 0.0
23 37 0.0
23 38 0.0
23 39 0.0
23 40 0.0
23 41 0.18281506144784732
23 42 0.0
23 43 0.2927068298783249
23 44 0.1279891848017502
23 45 1.0
23 46 0.0
23 47 0.0
23 48 0.0
23 49 0.0
23 50 0.38606894289622873
23 51 0.0
23 52 0.0
23 53 0.43644224892405303
23 54 0.0
23 55 0.0
23 56 0.0
23 57 0.0
24 25 0.0
24 26 0.0
24 27 0.0
24 28 0.0
24 29 0.0
24 30 0.0
24 31 0.0
24 32 0.0
24 33 0.22666573440527907
24 34 0.0
24 35 0.0
24 36 0.0
24 37 0.0
24 38 0.0
24 39 0.0
24 40 0.0
24 41 0.0
24 42 0.0
24 43 0.0
24 44 0.0
24 45 0.0
24 46 0.0
24 47 0.0
24 48 0.0
24 49 0.0
24 50 0.0
24 51 0.0
24 52 0.0
24 53 0.0
24 54 0.0
24 55 0.0
24 56 0.0
24 57 0.0
25 26 0.0
25 27 0.0
25 28 0.0
25 29 0.0
25 30 0.0
25 31 0.0
25 32 0.1515685602860627
25 33 0.0
25 34 0.0
25 35 0.0
25 36 0.0
25 37 0.0
25 38 0.0
25 39 0.0
25 40 0.0
25 41 0.0
25 42 0.0
25 43 0.0
25 44 0.0
25 45 0.0
25 46 0.07441994168480562
25 47 0.0
25 48 0.0
25 49 0.0
25 50 0.0639931050965205
25 51 0.0
25 52 0.0
25 53 0.0
25 54 0.0
25 55 0.0
25 56 0.0
25 57 0.0
26 27 0.0
26 28 0.0
26 29 0.0
26 30 0.0
26 31 0.0
26 32 0.0
26 33 0.0
26 34 0.0
26 35 0.0
26 36 0.0
26 37 0.0
26 38 0.0
26 39 0.0
26 40 0.0
26 41 0.0
26 42 0.0
26 43 0.0
26 44 0.0
26 45 0.0
26 46 0.0
26 47 0.0
26 48 0.0
26 49 0.0
26 50 0.0
26 51 0.0
26 52 0.0
26 53 0.0
26 54 0.0
26 55 0.0
26 56 0.0
26 57 0.0
27 28 0.0
27 29 0.0
27 30 0.0
27 31 0.0
27 32 0.0
27 33 0.0
27 34 0.0
27 35 0.0
27 36 0.0
27 37 0.0
27 38 0.0
27 39 0.0
27 40 0.0
27 41 0.0
27 42 0.0
27 43 0.0
27 44 0.0
27 45 0.0
27 46 0.0
27 47 0.0
27 48 0.7571327301661503
27 49 0.0
27 50 0.0
27 51 0.0
27 52 0.0
27 53 0.0
27 54 0.0
27 55 0.0
27 56 0.0
27 57 0.7571327301661503
28 29 0.0
28 30 0.0
28 31 0.0
28 32 0.0
28 33 0.0
28 34 0.0
28 35 0.0
28 36 0.0
28 37 0.0
28 38 0.0
28 39 0.0
28 40 0.0
28 41 0.0
28 42 0.0
28 43 0.19026076740874148
28 44 0.18371505883482675
28 45 0.25626445380428103
28 46 0.0
28 47 0.0
28 48 0.0
28 49 0.0
28 50 0.0
28 51 0.0
28 52 0.0
28 53 0.0
28 54 0.0
28 55 0.0
28 56 0.0
28 57 0.0
29 30 0.0
29 31 0.0
29 32 0.0
29 33 0.0
29 34 0.0
29 35 0.3778916802441766
29 36 0.0
29 37 0.0
29 38 0.0
29 39 0.0
29 40 0.0
29 41 0.0
29 42 0.0
29 43 0.0
29 44 0.0
29 45 0.0
29 46 0.11876089705809419
29 47 0.33174244967717353
29 48 0.0
29 49 0.2923051446995295
29 50 0.0
29 51 0.0
29 52 0.09463773802960677
29 53 0.11544609468938809
29 54 0.0
29 55 0.0
29 56 0.0
29 57 0.0
30 31 0.4243754290065796
30 32 0.0
30 33 0.0
30 34 0.0
30 35 0.0
30 36 0.0
30 37 0.0
30 38 0.0
30 39 0.0
30 40 0.0
30 41 0.0
30 42 0.0
30 43 0.0
30 44 0.0
30 45 0.0
30 46 0.0
30 47 0.0
30 48 0.0
30 49 0.0
30 50 0.0
30 51 0.0
30 52 0.0
30 53 0.0
30 54 0.0
30 55 0.0
30 56 0.0
30 57 0.0
31 32 0.0
31 33 0.0
31 34 0.0
31 35 0.0
31 36 0.2600275292900201
31 37 0.0
31 38 0.0
31 39 0.0
31 40 0.0
31 41 0.0
31 42 0.0
31 43 0.0
31 44 0.0
31 45 0.0
31 46 0.0
31 47 0.0
31 48 0.0
31 49 0.0
31 50 0.0
31 51 0.0
31 52 0.0
31 53 0.0
31 54 0.0
31 55 0.0
31 56 0.0
31 57 0.0
32 33 0.0
32 34 0.0
32 35 0.0
32 36 0.0
32 37 0.0
32 38 0.0
32 39 0.0
32 40 0.0
32 41 0.0
32 42 0.0
32 43 0.0
32 44 0.0
32 45 0.0
32 46 0.0
32 47 0.0
32 48 0.0
32 49 0.0
32 50 0.0
32 51 0.0
32 52 0.0
32 53 0.0
32 54 0.0
32 55 0.0
32 56 0.0
32 57 0.0
33 34 0.0
33 35 0.0
33 36 0.0
33 37 0.07217828695092078
33 38 0.0
33 39 0.0
33 40 0.0
33 41 0.0
33 42 0.0
33 43 0.0
33 44 0.0
33 45 0.0
33 46 0.0
33 47 0.0
33 48 0.0
33 49 0.0
33 50 0.0
33 51 0.0
33 52 0.0
33 53 0.0
33 54 0.0
33 55 0.0
33 56 0.0
33 57 0.0
34 35 0.0
34 36 0.0
34 37 0.0
34 38 0.0
34 39 0.0
34 40 0.0
34 41 0.0
34 42 0.0
34 43 0.0701329930852412
34 44 0.0
34 45 0.0
34 46 0.0
34 47 0.0
34 48 0.0
34 49 0.0
34 50 0.0
34 51 0.0
34 52 0.0
34 53 0.0
34 54 0.0
34 55 0.0
34 56 0.0
34 57 0.0
35 36 0.0
35 37 0.0
35 38 0.0
35 39 0.0
35 40 0.0
35 41 0.0
35 42 0.0
35 43 0.0
35 44 0.0
35 45 0.0
35 46 0.320542113379043
35 47 0.8778770928823215
35 48 0.0
35 49 0.2210049683199116
35 50 0.0
35 51 0.0
35 52 0.07155334305388639
35 53 0.08728604666097345
35 54 0.0
35 55 0.0
35 56 0.0
35 57 0.0
36 37 0.0
36 38 0.0
36 39 0.0
36 40 0.0
36 41 0.0
36 42 0.0
36 43 0.0
36 44 0.0
36 45 0.0
36 46 0.0
36 47 0.0
36 48 0.0
36 49 0.0
36 50 0.0
36 51 0.0
36 52 0.0
36 53 0.0
36 54 0.0
36 55 0.0
36 56 0.0
36 57 0.0
37 38 0.0
37 39 0.0
37 40 0.0
37 41 0.0
37 42 0.0
37 43 0.0
37 44 0.0
37 45 0.0
37 46 0.0
37 47 0.0
37 48 0.0
37 49 0.0
37 50 0.0
37 51 0.0
37 52 0.0
37 53 0.0
37 54 0.0
37 55 0.0
37 56 0.0
37 57 0.0
38 39 0.0
38 40 0.0
38 41 0.0
38 42 0.0
38 43 0.0
38 44 0.0
38 45 0.0
38 46 0.0
38 47 0.0
38 48 0.0
38 49 0.0
38 50 0.0
38 51 0.0
38 52 0.0
38 53 0.0
38 54 0.0
38 55 0.0
38 56 0.0
38 57 0.0
39 40 0.0
39 41 0.0
39 42 0.0
39 43 0.0
39 44 0.0
39 45 0.0
39 46 0.0
39 47 0.0
39 48 0.0
39 49 0.0
39 50 0.0
39 51 0.0
39 52 0.0
39 53 0.0
39 54 0.0
39 55 0.0
39 56 0.0
39 57 0.0
40 41 0.0
40 42 0.0
40 43 0.0
40 44 0.06835324061445222
40 45 0.0
40 46 0.0
40 47 0.0
40 48 0.0
40 49 0.0
40 50 0.0
40 51 0.0
40 52 0.0
40 53 0.0
40 54 0.0
40 55 0.0
40 56 0.0
40 57 0.0
41 42 0.0
41 43 0.13572906178985092
41 44 0.0
41 45 0.18281506144784732
41 46 0.0
41 47 0.0
41 48 0.0
41 49 0.0
41 50 0.0
41 51 0.0
41 52 0.0
41 53 0.0
41 54 0.0
41 55 0.0
41 56 0.0
41 57 0.0
42 43 0.0
42 44 0.0
42 45 0.0
42 46 0.1546251041700167
42 47 0.0
42 48 0.0
42 49 0.0
42 50 0.0
42 51 0.0
42 52 0.13292205308134902
42 53 0.0
42 54 0.0
42 55 0.0
42 56 0.0
42 57 0.0
43 44 0.0950241836466257
43 45 0.2927068298783249
43 46 0.0
43 47 0.0
43 48 0.0
43 49 0.0
43 50 0.0
43 51 0.0
43 52 0.0
43 53 0.0
43 54 0.0
43 55 0.0
43 56 0.0
43 57 0.0
44 45 0.1279891848017502
44 46 0.0
44 47 0.0
44 48 0.0
44 49 0.0
44 50 0.0
44 51 0.0
44 52 0.0
44 53 0.0
44 54 0.08865462620753263
44 55 0.0
44 56 0.23999470038035114
44 57 0.0
45 46 0.0
45 47 0.0
45 48 0.0
45 49 0.0
45 50 0.38606894289622873
45 51 0.0
45 52 0.0
45 53 0.43644224892405303
45 54 0.0
45 55 0.0
45 56 0.0
45 57 0.0
46 47 0.28139657863954975
46 48 0.0
46 49 0.10386686394619123
46 50 0.06993936270620009
46 51 0.0
46 52 0.08225435622992736
46 53 0.10033993199376882
46 54 0.0
46 55 0.0
46 56 0.0
46 57 0.0
47 48 0.0
47 49 0.19401519910123352
47 50 0.0
47 51 0.0
47 52 0.06281504078615723
47 53 0.07662642089192603
47 54 0.0
47 55 0.0
47 56 0.0
47 57 0.0
48 49 0.0
48 50 0.0
48 51 0.0
48 52 0.0
48 53 0.0
48 54 0.0
48 55 0.0
48 56 0.0
48 57 0.9999999999999999
49 50 0.17447069732648512
49 51 0.21258586227420617
49 52 0.08276903680921216
49 53 0.2982029730519497
49 54 0.0
49 55 0.0
49 56 0.19562999306398632
49 57 0.0
50 51 0.18166415524012586
50 52 0.0
50 53 0.6005541373176357
50 54 0.0
50 55 0.0
50 56 0.1671746044135355
50 57 0.0
51 52 0.0
51 53 0.20536723795262662
51 54 0.0
51 55 0.0
51 56 0.3276530176949983
51 57 0.0
52 53 0.07995850850882111
52 54 0.0
52 55 0.0
52 56 0.0
52 57 0.0
53 54 0.0
53 55 0.0
53 56 0.18898712692578276
53 57 0.0
54 55 0.0
54 56 0.0
54 57 0.0
55 56 0.0
55 57 0.0
56 57 0.0
