24
0	0	0	0	0	0	0	0	0	0	0	0	0	0	0	0	0	0	0	0	0	0	0	
0	0	0	0	0	0	0	0	0	0	0	0	0	0	0	0	0	0	0	0	0	0	
0	0	0	0	0	0	0	0	0	0	0	0	0	0	0	0	0	0	0	0	0	
0	0	0	0	0	0	0	0	0	1.0	0	0	0	0	0	0	0	1.0	0	0	
0	0	0	0	0	0	0	0	0	0	0	0	0	0	0	0	0	0	0	
0	0	0	0	0	0	0	0	0	0	0	0	0	0	0	0	0	0	
0	0	0	0	0	0	0	0	0	0	0	0	0	0	0	0	0	
0	0	0	0	0	0	0	0	0	0	0	0	0	0	0	0	
0	0	0	0	0	0	0	0	0	0	0	0	0	0	0	
0	0	0	0	0	0	0	0	0	0	0	0	0	0	
0	0	0	0	0	0	0	0	0	0	0	0	0	
0	0	0	0	0	0	0	0	0	0	0	0	
0	0	0	0	0	0	0	0	0	0	0	
0	0	0	0	0	0	0	0	0	0	
0	0	0	0	0	0	0	0	0	
0	0	0	0	0	0	0	0	
0	0	0	0	0	0	0	
0	0	0	0	0	0	
0	0	0	0	0	
0	0	0	0	
0	0	0	
0	0	
0	

0	0	0	0	0	0	0	0	0	0	0	0	0	0	0	0	0	0	0	0	0	0	0	
1.0	1.0	1.0	1.0	1.0	1.0	0	0	0	0	0	1.0	0	1.0	1.0	0	0	1.0	1.0	1.0	1.0	0	
1.0	1.0	1.0	1.0	1.0	0	0	0	0	0	1.0	0	1.0	1.0	0	0	1.0	1.0	1.0	1.0	0	
1.0	1.0	1.0	2.0	0	0	0	0	0	2.0	0	1.0	1.0	0	0	2.0	1.0	1.0	1.0	0	
1.0	1.0	1.0	0	0	0	0	0	1.0	0	1.0	1.0	0	0	1.0	1.0	1.0	1.0	0	
1.0	1.0	0	0	0	0	0	1.0	0	1.0	1.0	0	0	1.0	1.0	1.0	1.0	0	
1.0	0	0	0	0	0	1.0	0	1.0	1.0	0	0	1.0	1.0	1.0	1.0	0	
0	0	0	0	0	2.0	0	1.0	1.0	0	0	2.0	1.0	1.0	1.0	0	
0	0	0	0	0	0	0	0	0	0	0	0	0	0	0	
0	0	0	0	0	0	0	0	0	0	0	0	0	0	
0	0	0	0	0	0	0	0	0	0	0	0	0	
0	0	0	0	0	0	0	0	0	0	0	0	
0	0	0	0	4.0	0	0	0	0	0	0	
0	1.0	1.0	0	0	2.0	1.0	1.0	1.0	0	
0	0	0	0	0	0	0	0	0	
1.0	0	0	1.0	1.0	1.0	1.0	0	
0	0	1.0	1.0	1.0	1.0	0	
0	0	0	0	0	0	
0	0	0	0	0	
1.0	1.0	1.0	0	
1.0	1.0	0	
1.0	0	
0	

0	0	0	0	0	0	0	0	0	0	0	0	0	0	0	0	0	0	0	0	0	0	0	
1.0	0	1.0	0	0	0	0	0	0	0	0	0	0	1.0	0	0	0	0	0	1.0	0	0	
0	1.0	0	0	0	0	0	0	0	0	0	0	1.0	0	0	0	0	0	1.0	1.0	0	
1.0	0	0	0	0	0	0	0	0	0	0	1.0	0	0	0	0	0	1.0	0	0	
0	0	0	0	0	0	0	0	0	0	1.0	0	0	0	0	0	1.0	1.0	0	
0	0	0	0	0	0	0	0	0	1.0	0	0	0	0	0	1.0	0	0	
0	0	0	0	0	0	0	0	1.0	0	0	0	0	0	1.0	0	0	
0	0	0	0	0	0	0	1.0	0	0	0	0	0	1.0	0	0	
0	0	0	0	0	0	0	0	0	0	0	0	0	0	0	
0	0	0	0	0	0	0	0	0	0	0	0	0	0	
0	0	0	0	0	0	0	0	0	0	0	0	0	
0	0	0	0	0	0	0	0	0	0	0	0	
0	0	0	0	0	0	0	0	0	0	0	
0	1.0	0	0	0	0	0	1.0	0	0	
0	0	0	0	0	0	0	0	0	
0	0	0	0	0	1.0	0	0	
0	0	0	0	1.0	0	0	
0	0	0	0	0	0	
0	0	0	0	0	
0	1.0	0	0	
1.0	0	0	
1.0	0	
0	

0	0	0	0	0	0	0	0	0	0	0	0	0	0	0	0	0	0	0	0	0	0	0	
0	0	0	0	0	0	0	0	0	0	0	0	0	0	0	0	0	0	0	0	0	0	
1.0	0	0	0	0	0	0	0	0	0	0	0	0	0	0	0	0	0	0	0	0	
0	0	0	0	0	0	0	0	0	0	0	0	0	0	0	0	0	0	0	0	
0	0	0	0	0	0	0	0	0	0	0	0	0	0	0	0	0	0	0	
1.0	1.0	0	0	0	0	0	0	0	0	0	0	0	0	0	0	0	0	
1.0	0	0	0	0	0	0	0	0	0	0	0	0	0	0	0	0	
0	0	0	0	0	0	0	0	0	0	0	0	0	0	0	0	
0	0	0	0	0	0	0	0	0	0	0	0	0	0	0	
0	0	0	0	0	0	0	0	0	0	0	0	0	0	
1.0	0	0	0	0	0	0	0	0	0	0	0	0	
0	0	0	0	0	0	0	0	0	0	0	0	
0	0	0	0	0	0	0	0	0	0	0	
0	0	0	0	0	1.0	0	0	0	0	
0	0	0	0	0	0	0	0	0	
1.0	0	0	0	0	0	0	0	
0	0	0	0	0	0	0	
0	0	0	0	0	0	
0	0	0	0	0	
0	0	0	0	
0	0	0	
0	0	
0	

0	0	0	0	0	0	0	0	0	0	0	0	0	0	0	0	0	0	0	0	0	0	0	
0	0	0	0	0	0	0	0	0	0	0	0	0	0	0	0	0	0	0	0	0	0	
0	0	0	0	0	0	0	0	0	0	0	0	0	0	0	0	0	0	0	0	0	
0	0	0	0	0	0	0	0	0	0	0	0	0	0	0	0	0	0	0	0	
0	0	0	0	0	0	0	0	0	0	0	0	0	0	0	0	0	0	0	
0	0	0	0	0	0	0	0	0	0	0	0	0	0	0	0	0	0	
0	0	0	0	0	0	0	0	0	0	0	0	0	0	0	0	0	
0	0	0	0	0	0	0	0	0	0	0	0	0	0	0	0	
0	0	0	0	0	0	0	0	0	0	0	0	0	0	0	
0	0	0	0	0	0	0	0	0	0	0	0	0	0	
0	0	0	0	0	0	0	0	0	0	0	0	0	
0	0	0	0	0	0	0	0	0	0	0	0	
0	0	0	0	0	0	0	0	0	0	0	
0	0	0	0	0	0	0	0	0	0	
0	0	0	0	0	0	0	0	0	
0	0	0	0	0	0	0	0	
0	0	0	0	0	0	0	
0	0	0	0	0	0	
0	0	0	0	0	
0	0	0	0	
0	0	0	
0	0	
0	

0	0	0	0	0	0	0	0	0	0	0	0	0	0	0	0	0	0	0	0	0	0	0	
0	0	0	0	0	0	0	0	0	0	0	0	0	0	0	0	0	0	0	0	0	0	
0	0	0	0	0	0	0	0	0	0	0	0	0	0	0	0	0	0	0	0	0	
0	0	0	0	0	0	0	0	0	0	0	0	0	0	0	0	0	0	0	0	
0	0	0	0	0	0	0	0	0	0	0	0	0	0	0	0	0	0	0	
0	0	0	0	0	0	0	0	0	0	0	0	0	0	0	0	0	0	
0	0	0	0	0	0	0	0	0	0	0	0	0	0	0	0	0	
0	0	0	0	0	0	0	0	0	0	0	0	0	0	0	0	
0	0	0	0	0	0	0	0	0	0	0	0	0	0	0	
0	0	0	0	0	0	0	0	0	0	0	0	0	0	
0	0	0	0	0	0	0	0	0	0	0	0	0	
0	0	0	0	0	0	0	0	0	0	0	0	
0	0	0	0	0	0	0	0	0	0	0	
0	0	0	0	0	0	0	0	0	0	
0	0	0	0	0	0	0	0	0	
0	0	0	0	0	0	0	0	
0	0	0	0	0	0	0	
0	0	0	0	0	0	
0	0	0	0	0	
0	0	0	0	
0	0	0	
0	0	
0	

0	0	0	0	0	0	0	0	0	0	0	0	0	0	0	0	0	0	0	0	0	0	0	
0	0	0	0.12852097694981818	0	0	0	0	0	0	0	0	0	0	0	0	0	0	0.41750171489831533	0	0	0	
0.017057400162477844	0.027365968532890268	0	0	0.02047166066784535	0	0	0	0	0	0.028546999908434633	0	0.33037326369653336	0.25251091055903957	0	0	0.02598898729803749	0	0.01742966316550171	0	0	
0.014480774502963529	0	0	0.010832633293280594	0.11609040933081288	0	0	0	0	0.20924377595076454	0	0.01748178847625217	0.013361681502150204	0	0	0.013752141246926914	0	0.009222952283194155	0	0	
0	0	0.017379289868825656	0	0	0	0	0	0.024234799235085328	0	0.028046834147218896	0.02143675777383108	0	0	0.022063190230544205	0	0.014796804879881272	0	0	
0	0.16727219689733	0.13948157002358308	0	0	0	0	0	0	0	0	0	0	0	0.15689666752011405	0	0	0	
0	0.07785825057230947	0	0	0	0	0	0	0.11187405488164003	0.08550758360411267	0	0.0673159789131939	0	0	0	0.11551007595545956	0	
0	0	0	0	0	0.018129326784021783	0	0.02098099582257183	0.016036195848037716	0	0	0.016504811189378292	0	0.011069046144125454	0	0	
0	0	0.14024203532538154	0	0	0	0	0	0	0.07034228058693846	0	0	0	0	0	
0	0	0	0	0	0	0	0	0	0	0	0	0	0	
0	0	0	0	0	0	0	0	0	0	0	0	0	
0	0	0	0	0	0	0	0	0	0	0	0	
0	0	0	0	0.37940656180129206	0	0	0	0	0	0	
0	0.029257249597077484	0.022361902575134596	0	0	0.6146004195234849	0	0.015435389653518808	0	0	
0	0	0	0.08961521351150978	0	0	0	0	0	
0.7643200534259492	0	0	0.02663559360328081	0	0.0178633133871066	0.23360218540993422	0	
0	0	0.020358118325891458	0	0.013653288642397787	0.17854683483293943	0	
0	0	0	0	0	0	
0	0	0	0	0	
0	0.014052269833336633	0	0	
0	0	0	
0	0	
0	

0	0	0	0	0	0	0	0	0	0	0	0	0	0	0	0	0	0	0	0	0	0	0	
0	0	0	0	0	0	0	0	0	0	0	0	0	0	0	0	0	0	0	0	0	0	
0	0	0	0	0	0	0	0	0	0	0	0	0	0	0	0	0	0	0	0	0	
0	0	0	0	0	0	0	0	0	0	0	0	0	0	0	0	0	0	0	0	
0	0	0	0	0	0	0	0	0	0	0	0	0	0	0	0	0	0	0	
0	0	0	0	0	0	0	0	0	0	0	0	0	0	0	0	0	0	
0	0	0	0	0	0	0	0	0	0	0	0	0	0	0	0	0	
0	0	0	0	0	0	0	0	0	0	0	0	0	0	0	0	
0	0	0	0	0	0	0	0	0	0	0	0	0	0	0	
0	0	0	0	0	0	0	0	0	0	0	0	0	0	
0	0	0	0	0	0	0	0	0	0	0	0	0	
0	0	0	0	0	0	0	0	0	0	0	0	
0	0	0	0	0	0	0	0	0	0	0	
0	0	0	0	0	0	0	0	0	0	
0	0	0	0	0	0	0	0	0	
0	0	0	0	0	0	0	0	
0	0	0	0	0	0	0	
0	0	0	0	0	0	
0	0	0	0	0	
0	0	0	0	
0	0	0	
0	0	
0	

