0:76 75 85 84 87 86 93 92 95 94 89 88 91 90 102 100 101 98 99 96 97 109 206 216 
1:0 1 2 3 4 5 6 7 8 9 10 11 12 13 14 15 17 16 19 18 21 20 23 22 25 24 27 26 29 28 31 30 34 35 32 33 38 39 36 37 42 43 40 41 46 47 44 45 51 50 49 48 55 54 53 52 59 58 57 56 63 62 61 60 68 69 70 71 64 65 66 67 78 79 73 74 81 80 83 82 103 110 111 106 107 104 105 119 118 117 116 115 114 113 112 127 126 125 124 123 122 121 120 137 136 139 138 141 140 143 142 129 128 131 130 133 132 135 134 152 153 154 155 156 157 158 159 144 146 147 148 149 150 151 171 170 169 168 174 173 172 163 162 161 160 167 166 165 164 186 187 184 185 190 191 188 189 178 179. 176 177 182 183 180 181 205 204 207 201 200 203 202 197 196 199 198 193 192 195 194 213 214 215 209 
2:175. 
3:212. 
4:145. 
5:77. 
6:108. 
7:208. 211 
8:72. 
9:210. 
