38
0	0	0	0	0	0	0	0	0	0	0	0	0	0	0	0	0	0	0	0	0	0	0	0	0	0	0	0	0	0	0	0	0	0	0	0	0	
0	0	0	0	0	0	0	0	0	0	0	0	0	0	0	0	0	0	0	0	0	0	0	0	0	0	0	0	0	0	0	0	0	0	0	0	
0	0	0	0	0	0	0	0	0	0	0	0	0	0	0	0	0	0	0	0	0	0	0	0	0	0	0	0	0	0	0	0	0	0	0	
0	0	0	0	0	0	0	0	0	0	0	0	0	0	0	0	0	0	0	0	0	0	0	0	0	0	0	0	0	0	0	0	0	0	
0	0	0	0	0	0	0	0	0	0	0	0	0	0	0	0	0	0	0	0	0	0	0	0	0	0	0	0	0	0	0	0	0	
0	0	0	0	0	0	0	0	0	0	0	0	0	0	0	0	0	0	0	0	0	0	0	0	0	0	0	0	0	0	0	0	
0	0	0	0	0	0	0	0	0	0	0	0	0	0	0	0	0	0	0	0	0	0	0	0	0	0	0	0	0	0	0	
0	0	0	0	0	0	0	0	0	0	0	0	0	0	0	0	0	0	0	0	0	0	0	0	0	0	0	0	0	0	
0	0	0	0	0	0	0	0	0	0	0	0	0	0	0	0	0	0	0	0	0	0	0	0	0	0	0	0	0	
0	0	0	0	0	0	0	0	0	0	0	0	0	0	0	0	0	0	0	0	0	0	0	0	0	0	0	0	
0	0	0	0	0	0	0	0	0	0	0	0	0	0	0	0	0	0	0	0	0	0	0	0	0	0	0	
0	0	0	0	0	0	0	0	0	0	0	0	0	0	0	0	0	0	0	0	0	0	0	0	0	0	
0	0	0	0	0	0	0	0	0	0	0	0	0	0	0	0	0	0	0	0	0	0	0	0	0	
0	0	0	0	0	0	0	0	0	0	0	0	0	0	0	0	0	0	0	0	0	0	0	0	
0	0	0	0	0	0	0	0	0	0	0	0	0	0	0	0	0	0	0	0	0	0	0	
0	0	0	0	0	0	0	0	0	0	0	0	0	0	0	0	0	0	0	0	0	0	
0	0	0	0	0	0	0	0	0	0	0	0	0	0	0	0	0	0	0	0	0	
0	0	0	0	0	0	0	0	0	0	0	0	0	0	0	0	0	0	0	0	
0	0	0	0	0	0	0	0	0	0	0	0	0	0	0	0	0	0	0	
0	0	0	0	0	0	0	0	0	0	0	0	0	0	0	0	0	0	
0	0	0	0	0	0	0	0	0	0	0	0	0	0	0	0	0	
0	0	0	0	0	0	0	0	0	0	0	0	0	1.0	0	0	
0	0	0	0	0	0	0	0	0	0	0	0	0	0	0	
0	0	0	0	0	0	0	0	0	0	0	0	0	0	
0	0	0	0	0	0	0	0	0	0	0	0	0	
0	0	0	0	0	0	0	0	0	0	0	0	
0	0	0	0	0	0	0	0	0	0	0	
0	0	0	0	0	0	0	0	0	0	
0	0	0	0	0	0	0	0	0	
0	0	0	0	0	0	0	0	
0	0	0	0	0	0	0	
0	0	0	0	0	0	
0	0	0	0	0	
0	0	0	0	
0	0	0	
0	0	
0	

0	1.0	1.0	1.0	0	1.0	1.0	0	0	0	0	0	1.0	0	0	0	1.0	0	0	0	0	1.0	0	0	1.0	0	1.0	0	0	0	0	1.0	1.0	0	0	0	0	
0	0	0	0	0	0	0	0	0	0	0	0	0	0	0	0	0	0	0	0	0	0	0	0	0	0	0	0	0	0	0	0	0	0	0	0	
1.0	1.0	0	1.0	1.0	0	0	0	0	0	1.0	0	0	0	1.0	0	0	0	0	1.0	0	0	1.0	0	1.0	0	0	0	0	1.0	1.0	0	0	0	0	
1.0	0	1.0	1.0	0	0	0	0	0	1.0	0	0	0	1.0	0	0	0	0	1.0	0	0	1.0	0	1.0	0	0	0	0	1.0	1.0	0	0	0	0	
0	1.0	1.0	0	0	0	0	0	1.0	0	0	0	1.0	0	0	0	0	1.0	0	0	1.0	0	1.0	0	0	0	0	1.0	1.0	0	0	0	0	
0	0	0	0	0	0	0	0	0	0	0	0	0	4.0	0	0	0	0	0	0	0	0	0	0	0	0	0	0	0	0	0	0	
2.0	0	0	0	0	0	1.0	0	0	0	1.0	0	0	0	0	1.0	0	0	1.0	1.0	1.0	0	0	1.0	0	1.0	1.0	0	0	0	0	
0	0	0	0	0	1.0	0	0	0	1.0	0	0	0	0	1.0	0	0	1.0	1.0	1.0	0	0	1.0	0	1.0	1.0	0	0	0	0	
0	0	0	0	0	0	0	0	0	0	0	0	0	0	0	0	0	0	0	0	0	0	0	0	0	0	0	0	0	
0	0	0	0	0	0	0	0	0	0	0	0	0	0	1.0	0	0	0	0	0	0	0	0	0	0	0	0	1.0	
0	0	0	0	0	0	0	0	0	0	0	0	0	0	0	0	0	0	0	0	0	0	0	0	0	0	0	
0	0	0	0	0	0	0	0	0	0	0	0	0	0	0	0	0	0	0	0	0	0	0	0	0	0	
0	0	0	0	0	0	0	0	0	0	0	0	0	0	0	0	0	0	0	0	0	0	0	0	0	
0	0	0	1.0	0	0	0	0	1.0	0	0	1.0	0	1.0	0	0	0	0	1.0	1.0	0	0	0	0	
0	0	0	0	0	0	0	0	0	0	0	0	0	0	0	0	0	0	0	0	0	0	0	
0	0	0	0	0	1.0	0	0	0	0	0	0	0	0	0	0	0	0	0	0	0	0	
0	0	0	0	0	0	0	0	0	0	0	0	0	0	0	0	0	0	0	0	0	
0	0	0	0	1.0	0	0	1.0	0	3.0	0	0	0	0	1.0	1.0	0	0	0	0	
0	0	0	0	0	0	0	0	0	0	0	0	0	0	0	0	0	0	0	
0	0	0	0	0	0	0	0	0	0	0	0	0	0	0	0	0	0	
0	0	0	0	0	0	0	0	0	0	0	0	0	0	0	0	0	
0	0	0	0	0	0	0	0	0	0	0	0	0	0	0	0	
0	0	1.0	0	1.0	0	0	0	0	1.0	1.0	0	0	0	0	
0	0	0	0	0	0	0	0	0	0	0	0	0	0	
0	0	0	0	0	0	0	0	0	0	0	0	1.0	
0	1.0	0	0	0	0	1.0	1.0	0	0	0	0	
0	0	0	1.0	0	0	0	0	0	0	0	
0	0	0	0	1.0	1.0	0	0	0	0	
0	0	0	0	0	0	0	0	0	
0	0	0	0	0	0	0	0	
0	0	0	0	0	0	0	
0	0	0	0	0	0	
1.0	0	0	0	0	
0	0	0	0	
0	0	0	
0	0	
0	

0	0	0	0	0	0	0	0	0	0	0	0	0	0	0	0	0	0	0	0	0	0	0	0	1.0	0	0	0	0	0	0	0	0	0	0	0	0	
0	0	0	0	0	0	0	0	0	0	0	0	0	0	0	0	0	0	0	0	0	0	0	0	0	0	0	0	0	0	0	0	0	0	0	0	
0	0	0	0	0	0	0	0	0	0	0	0	0	0	0	0	0	0	0	0	0	0	1.0	0	0	0	0	0	0	0	0	0	0	0	0	
0	0	0	0	0	0	0	0	0	0	0	0	0	0	0	0	0	0	0	0	0	1.0	0	0	0	0	0	0	0	0	0	0	0	0	
0	0	0	0	0	0	0	0	0	0	0	0	0	0	0	0	0	0	0	0	1.0	0	0	0	0	0	0	0	0	0	0	0	0	
0	0	0	0	0	0	0	0	0	0	0	0	0	0	0	0	0	0	0	0	0	0	0	0	0	0	0	0	0	0	0	0	
0	0	0	0	0	0	0	0	0	0	0	0	0	0	0	0	0	0	1.0	0	0	0	0	0	0	0	0	0	0	0	0	
0	0	0	0	0	0	0	0	0	0	0	0	0	0	0	0	0	1.0	0	0	0	0	0	0	0	0	0	0	0	0	
0	0	0	0	0	0	0	0	0	0	0	0	0	0	0	0	0	0	0	0	0	0	0	0	0	0	0	0	0	
0	0	0	0	0	0	0	0	0	0	0	0	0	0	0	0	0	0	0	0	0	0	0	0	0	0	0	0	
0	0	0	0	0	0	0	0	0	0	0	0	0	0	0	0	0	0	0	0	0	0	0	0	0	0	0	
0	0	0	0	0	0	0	0	0	0	0	0	0	0	0	0	0	0	0	0	0	0	0	0	0	0	
0	0	0	0	0	0	0	0	0	0	0	0	0	0	0	0	0	0	0	0	0	0	0	0	0	
0	0	0	0	0	0	0	0	0	0	0	1.0	0	0	0	0	0	0	0	0	0	0	0	0	
0	0	0	0	0	0	0	0	0	0	0	0	0	0	0	0	0	0	0	0	0	0	0	
0	0	0	0	0	0	0	0	0	0	0	0	0	0	0	0	0	0	0	0	0	0	
0	0	0	0	0	0	0	0	0	0	0	0	0	0	0	0	0	0	0	0	0	
0	0	0	0	0	0	0	1.0	0	0	0	0	0	0	0	0	0	0	0	0	
0	0	0	0	0	0	0	0	0	0	0	0	0	0	0	0	0	0	0	
0	0	0	0	0	0	0	0	0	0	0	0	0	0	0	0	0	0	
0	0	0	0	0	0	0	0	0	0	0	0	0	0	0	0	0	
0	0	0	0	0	0	0	0	0	0	0	0	0	0	0	0	
0	0	1.0	0	0	0	0	0	0	0	0	0	0	0	0	
0	0	0	0	0	0	0	0	0	0	0	0	0	0	
0	0	0	0	0	0	0	0	0	0	0	0	0	
0	0	0	0	0	0	0	0	0	0	0	0	
0	0	0	0	0	0	0	0	0	0	0	
0	0	0	0	0	0	0	0	0	0	
0	0	0	0	0	0	0	0	0	
0	0	0	0	0	0	0	0	
0	0	0	0	0	0	0	
0	0	0	0	0	0	
0	0	0	0	0	
0	0	0	0	
0	0	0	
0	0	
0	

1.0	1.0	1.0	1.0	0	0	0	0	0	0	0	0	0	0	0	0	0	0	0	0	0	0	0	0	0	0	0	0	0	0	0	0	0	0	0	0	0	
1.0	1.0	1.0	0	0	0	0	0	0	0	0	0	0	0	0	0	0	0	0	0	0	0	0	0	0	0	0	0	0	0	0	0	0	0	0	0	
1.0	1.0	0	0	0	0	0	0	0	0	0	0	0	0	0	0	0	0	0	0	0	0	0	0	0	0	0	0	0	0	0	0	0	0	0	
1.0	0	0	0	0	0	0	0	0	0	0	0	0	0	0	0	0	0	0	0	0	0	0	0	0	0	0	0	0	0	0	0	0	0	
0	0	0	0	0	0	0	0	0	0	0	0	0	0	0	0	0	0	0	0	0	0	0	0	0	0	0	0	0	0	0	0	0	
0	0	0	0	0	0	0	0	0	0	0	0	0	0	0	0	0	0	0	0	0	0	0	0	0	0	0	0	0	0	0	0	
0	0	0	0	0	0	0	0	0	0	0	0	0	0	0	0	0	0	0	0	0	0	0	0	0	0	0	0	0	0	0	
0	0	0	0	0	0	0	0	0	0	0	0	0	0	0	0	0	0	0	0	0	0	0	0	0	0	0	0	0	0	
1.0	1.0	1.0	0	0	0	0	0	0	0	0	0	0	0	0	0	0	0	0	0	0	0	0	0	0	0	0	0	0	
1.0	1.0	0	0	0	0	0	0	0	0	0	0	0	0	0	0	0	0	0	0	0	0	0	0	0	0	0	0	
1.0	0	0	0	0	0	0	0	0	0	0	0	0	0	0	0	0	0	0	0	0	0	0	0	0	0	0	
0	0	0	0	0	0	0	0	0	0	0	0	0	0	0	0	0	0	0	0	0	0	0	0	0	0	
0	0	0	0	0	0	0	0	0	0	0	0	0	0	0	0	0	0	0	0	0	0	0	0	0	
0	0	0	0	0	0	0	0	0	0	0	0	0	0	0	0	0	0	0	0	0	0	0	0	
1.0	0	0	0	0	0	0	0	0	0	0	0	0	0	0	0	0	0	0	0	0	0	0	
0	0	0	0	0	0	0	0	0	0	0	0	0	0	0	0	0	0	0	0	0	0	
0	0	0	0	0	0	0	0	0	0	0	0	0	0	0	0	0	0	0	0	0	
0	0	0	0	0	0	0	0	0	0	0	0	0	0	0	0	0	0	0	0	
0	0	0	0	0	0	0	0	0	0	0	0	0	0	0	0	0	0	0	
0	0	0	0	0	0	0	0	0	0	0	0	0	0	0	0	0	0	
0	0	0	0	0	0	0	0	0	0	0	0	0	0	0	0	0	
0	0	0	0	0	0	0	0	0	0	0	0	0	0	0	0	
0	0	0	0	0	0	0	0	0	0	0	0	0	0	0	
0	0	0	0	0	0	0	0	0	0	0	0	0	0	
0	0	0	0	0	0	0	0	0	0	0	0	0	
0	0	0	0	0	0	0	0	0	0	0	0	
0	0	0	0	0	0	0	0	0	0	0	
1.0	1.0	1.0	1.0	1.0	1.0	0	1.0	0	0	
1.0	1.0	1.0	1.0	1.0	0	1.0	0	0	
1.0	1.0	1.0	1.0	0	1.0	0	0	
1.0	1.0	1.0	0	1.0	0	0	
1.0	1.0	0	1.0	0	0	
1.0	0	1.0	0	0	
0	1.0	0	0	
0	0	0	
0	0	
0	

0	0	0	0	0	0	0	0	0	0	0	0	0	0	0	0	0	0	0	0	0	0	0	0	0	0	0	0	0	0	0	0	0	0	0	0	0	
0	0	0	0	0	0	0	0	0	0	0	0	0	0	0	0	0	0	0	0	0	0	0	0	0	0	0	0	0	0	0	0	0	0	0	0	
0	0	0	0	0	0	0	0	0	0	0	0	0	0	0	0	0	0	0	0	0	0	0	0	0	0	0	0	0	0	0	0	0	0	0	
0	0	0	0	0	0	0	0	0	0	1.0	0	0	0	0	0	0	0	0	0	0	0	0	0	0	0	0	0	0	0	0	0	0	0	
0	0	0	0	0	0	0	0	0	0	0	0	0	0	0	0	0	0	0	0	0	0	0	0	0	0	0	0	0	0	0	0	0	
0	0	0	0	0	0	0	0	0	0	0	0	0	0	0	0	0	0	0	0	0	0	0	0	0	0	0	0	0	0	0	0	
0	0	0	0	0	0	0	0	0	0	0	0	0	0	0	0	0	0	0	0	0	0	0	0	0	0	0	0	0	0	0	
0	0	0	0	0	0	0	0	0	0	0	0	0	0	0	0	0	0	0	0	0	0	0	0	0	0	0	0	0	0	
0	0	0	0	0	0	0	0	0	0	0	0	0	0	0	0	0	0	0	0	0	0	0	0	1.0	0	0	0	0	
0	0	0	0	0	0	0	0	0	0	0	0	0	0	0	0	0	0	0	0	0	0	0	0	0	0	0	0	
0	0	0	0	0	0	0	0	0	0	0	0	0	0	0	0	0	0	0	0	0	0	0	0	0	0	0	
0	0	0	0	0	0	0	0	0	0	0	0	0	0	0	0	0	0	0	0	0	0	0	0	0	0	
0	0	0	0	0	0	0	0	0	0	0	0	0	0	0	0	0	0	0	0	0	0	0	0	0	
0	0	0	0	0	0	0	0	0	0	0	0	0	0	0	0	0	0	0	0	0	0	0	0	
0	0	0	0	0	0	0	0	0	0	0	0	0	0	0	0	0	0	0	0	0	0	0	
0	0	0	0	0	0	0	0	0	0	0	0	0	0	0	0	0	0	0	0	0	0	
0	0	0	0	0	0	0	0	0	0	0	0	0	0	0	0	0	0	0	0	0	
0	0	0	0	0	0	0	0	0	0	0	0	0	0	0	0	0	0	0	0	
0	0	0	0	0	0	0	0	0	0	0	0	0	0	0	0	0	0	0	
0	0	0	0	0	0	0	0	0	0	0	0	0	0	0	0	0	0	
0	0	0	0	0	0	0	0	0	0	0	0	0	0	0	0	0	
0	0	0	0	0	0	0	0	0	0	0	0	0	0	0	0	
0	0	0	0	0	0	0	0	0	0	0	0	0	0	0	
0	0	0	0	0	0	0	0	0	0	0	0	0	0	
0	0	0	0	0	0	0	0	0	0	0	0	0	
0	0	0	0	0	0	0	0	0	0	0	0	
0	0	0	0	0	0	0	0	0	0	0	
0	0	0	0	0	0	0	0	0	0	
0	0	0	0	0	0	0	0	0	
0	0	0	0	0	0	0	0	
0	0	0	0	0	0	0	
0	0	0	0	0	0	
0	0	0	0	0	
0	0	0	0	
0	0	0	
0	0	
0	

0	0	0	0	0	0	0	0	0	0	0	0	0	0	0	0	0	0	0	0	0	0	0	0	0	0	0	0	0	0	0	0	0	0	0	0	0	
0	0	0	0	0	0	0	0	0	0	0	0	0	0	0	0	0	0	0	0	0	0	0	0	0	0	0	0	0	0	0	0	0	0	0	0	
0	0	0	0	0	0	0	0	0	0	0	0	0	0	0	0	0	0	0	0	0	0	0	0	0	0	0	0	0	0	0	0	0	0	0	
0	0	0	0	0	0	0	0	0	0	0	0	0	0	0	0	0	0	0	0	0	0	0	0	0	0	0	0	0	0	0	0	0	0	
0	0	0	0	0	0	0	0	0	0	0	0	0	0	0	0	0	0	0	0	0	0	0	0	0	0	0	0	0	0	0	0	0	
0	0	0	0	0	0	0	0	0	0	0	0	0	0	0	0	0	0	0	0	0	0	0	0	0	0	0	0	0	0	0	0	
0	0	0	0	0	0	0	0	0	0	0	0	0	0	0	0	0	0	0	0	0	0	0	0	0	0	0	0	0	0	0	
0	0	0	0	0	0	0	0	0	0	0	0	0	0	0	0	0	0	0	0	0	0	0	0	0	0	0	0	0	0	
0	0	0	0	0	0	0	0	0	0	0	0	0	0	0	0	0	0	0	0	0	0	0	0	0	0	0	0	0	
0	0	0	0	0	0	0	0	0	0	0	0	0	0	0	0	0	0	0	0	0	0	0	0	0	0	0	0	
0	0	0	0	0	0	0	0	0	0	0	0	0	0	0	0	0	0	0	0	0	0	0	0	0	0	0	
0	0	0	0	0	0	0	0	0	0	0	0	0	0	0	0	0	0	0	0	0	0	0	0	0	0	
0	0	0	0	0	0	0	0	0	0	0	0	0	0	0	0	0	0	0	0	0	0	0	0	0	
0	0	0	0	0	0	0	0	0	0	0	0	0	0	0	0	0	0	0	0	0	0	0	0	
0	0	0	0	0	0	0	0	0	0	0	0	0	0	0	0	0	0	0	0	0	0	0	
0	0	0	0	0	0	0	0	0	0	0	0	0	0	0	0	0	0	0	0	0	0	
0	0	0	0	0	0	0	0	0	0	0	0	0	0	0	0	0	0	0	0	0	
0	0	0	0	0	0	0	0	0	0	0	0	0	0	0	0	0	0	0	0	
0	0	0	0	0	0	0	0	0	0	0	0	0	0	0	0	0	0	0	
0	0	0	0	0	0	0	0	0	0	0	0	0	0	0	0	0	0	
0	0	0	0	0	0	0	0	0	0	0	0	0	0	0	0	0	
0	0	0	0	0	0	0	0	0	0	0	0	0	0	0	0	
0	0	0	0	0	0	0	0	0	0	0	0	0	0	0	
0	0	0	0	0	0	0	0	0	0	0	0	0	0	
0	0	0	0	0	0	0	0	0	0	0	0	0	
0	0	0	0	0	0	0	0	0	0	0	0	
0	0	0	0	0	0	0	0	0	0	0	
0	0	0	0	0	0	0	0	0	0	
0	0	0	0	0	0	0	0	0	
0	0	0	0	0	0	0	0	
0	0	0	0	0	0	0	
0	0	0	0	0	0	
0	0	0	0	0	
0	0	0	0	
0	0	0	
0	0	
0	

0.02928396767421428	0.2573875728511505	0	0.04272852040523539	0	0	0	0	0	0	0	0	0.06799861442723887	0.07766832570067035	0.08006614796295622	0.024176666873581866	0	0	0	0	0	0.2375052620581348	0	0	0.08220981632319985	0	0	0	0	0	0	0.13458448490941374	0	0.025811798044734893	0.02344631016853973	0	0	
0.02928396767421428	0	0	0	0	0	0	0	0	0	0	0.028031583302404385	0.024347428518411363	0.02509909666117341	0.4818296935838566	0	0	0	0	0	0	0	0	0.03388997458183525	0	0	0	0	0	0	0.03298204648079111	0	0.033476873546334975	0.030408930028044234	0	0	
0	0.04272852040523539	0	0	0	0	0	0	0	0	0.06799861442723887	0.07766832570067035	0.08006614796295622	0.024176666873581866	0	0	0	0	0	0.2375052620581348	0	0	0.08220981632319985	0	0	0	0	0	0	0.13458448490941374	0	0.025811798044734893	0.02344631016853973	0	0	
0	0	0	0	0	0	0	0	0	0	0	0	0	0	0.13694773505647767	0	0	0	0	0	0	0	0	0	0	0	0	0	0.1768427276138988	0	0	0	0	0	
0	0	0	0	0	0	0	0	0.040901154257949386	0	0	0	0	0	0	0	0	0.04321922801381092	0	0	0.04944918962357479	0	0	0	0	0	0	0.09624884590361217	0	0	0	0	0	
0	0	0	0	0	0	0	0	0	0	0	0	0	0.14871622696581738	0.1744878351339363	0	0	0	0	0	0	0	0	0	0	0	0	0	0	0	0	0	
0	0.6661967572780023	0	0	0.7343227655065745	0	0	0	0	0	0	0	0	0	0	0	0	0	0	0	0	0	0	0	0	0	0.09931619992702165	0	0	0	0	
0	0	0.2716412610183006	0	0	0	0	0	0	0	0	0	0	0	0	0.12607419841290915	0	0	0	0	0	0	0	0	0	0	0	0	0	0	
0	0	0.4892034451758949	0	0	0	0	0	0	0	0	0	0	0	0	0	0	0	0	0	0	0	0	0.18623343839844955	0.08559135459317765	0	0	0	0	
0.07583027589050094	0	0	0	0	0	0	0	0	0	0	0	0	0.08460928079999548	0.42538126136437193	0.19949527504824566	0	0	0	0	0	0	0	0	0	0	0	0.34940998965520853	
0	0	0	0	0	0	0	0	0	0	0	0	0.8962406390116129	0.09231784826684554	0.07655362173811668	0	0	0	0	0	0	0	0	0	0	0	0.07583027589050094	
0	0	0.08343060411910418	0.08600632283208036	0	0	0	0	0	0	0	0	0	0	0	0	0	0	0	0	0	0.07293014659001439	0	0	0	0	
0	0	0	0	0	0	0	0	0	0	0	0	0	0	0	0	0	0	0	0	0	0	0	0	0	
0.01796983858071152	0.018524614013422327	0.1415409843727517	0	0	0	0	0	0.04691802214407286	0	0	0.38633088205597976	0	0	0	0	0	0	0.12882872436959283	0	0.02470790758702196	0.022443584282540934	0	0	
0.14888532185162714	0.020101089957024487	0	0	0	0	0	0.05957201334215279	0	0	0.021725400458837422	0	0	0	0	0	0	0.02114336692749367	0	0.02146057920898572	0.019493852991501748	0	0	
0.0207216626365608	0	0	0	0	0	0.061411155598824	0	0	0.022396119808164486	0	0	0	0	0	0	0.02179611739508854	0.12921823609579242	0.022123122840828312	0.020095678694052554	0	0	
0	0	0	0	0	0	0	0	0.17112199160969446	0	0	0	0	0	0	0.027229778404557495	0.16143168395253213	0.027638304641738803	0.02510542899954938	0	0	
0	0	0	0	0	0	0	0	0.135905516165312	0.9999999999999999	0	0	0.29025530266724436	0	0	0	0	0	0	0	
0	0	0	0	0	0	0	0	0	0	0	0	0	0	0	0	0.1468946731788603	0	0	
0	0	0	0	0	0	0	0	0	0	0	0	0	0	0	0	0	0	
0	0	0	0	0	0	0	0	0	0	0	0	0	0	0	0	0	
0	0	0	0	0	0	0	0	0	0	0	0	0	0	0.0668181217965635	0	
0	0	0.05672353790148655	0	0	0	0	0	0	0.11040777614654869	0	0	0	0	0	
0.10300564853726672	0.08541636967337378	0	0	0	0	0	0	0	0	0	0	0	0.08460928079999548	
0.2428709946730341	0	0	0	0	0	0	0	0	0	0	0	0.42538126136437193	
0	0	0	0	0	0	0.15575296433295902	0	0.02987167549764074	0.027134125555988427	0	0.19949527504824566	
0.135905516165312	0	0	0.10161412868280155	0	0	0	0	0	0	0	
0	0	0.29025530266724436	0	0	0	0	0	0	0	
0	0	0	0	0	0	0	0	0	
0	0	0	0	0	0	0	0	
0	0	0	0	0	0	0	
0	0	0	0	0	0	
0	0.029071399488460246	0.026407189776498457	0	0	
0	0	0	0	
0.026803374780784796	0	0	
0	0	
0	

0	0	0	0	0	1.0	1.0	1.0	1.0	0	0	0	0	0	0	0	1.0	0	0	0	1.0	0	1.0	1.0	1.0	1.0	1.0	0	1.0	1.0	0	0	1.0	0	0	0	0	
0	0	0	0	0	0	0	0	0	0	0	0	0	0	0	0	0	0	0	0	0	0	0	0	0	0	0	0	0	0	0	0	0	0	0	0	
0	0	0	0	0	0	0	0	0	0	0	0	0	0	0	0	0	0	0	0	0	0	0	0	0	0	0	0	0	0	0	0	0	0	0	
0	0	0	0	0	0	0	0	0	0	0	0	0	0	0	0	0	0	0	0	0	0	0	0	0	0	0	0	0	0	0	0	0	0	
0	0	0	0	0	0	0	0	0	0	0	0	0	0	0	0	0	0	0	0	0	0	0	0	0	0	0	0	0	0	0	0	0	
0	0	0	0	0	0	0	0	0	0	0	0	0	0	0	0	0	0	0	0	0	0	0	0	0	0	0	0	0	0	0	0	
1.0	1.0	1.0	0	0	0	0	0	0	0	1.0	0	0	0	1.0	0	1.0	1.0	1.0	1.0	1.0	0	1.0	1.0	0	0	1.0	0	0	0	0	
1.0	1.0	0	0	0	0	0	0	0	1.0	0	0	0	1.0	0	1.0	1.0	1.0	1.0	1.0	0	1.0	1.0	0	0	1.0	0	0	0	0	
1.0	0	0	0	0	0	0	0	1.0	0	0	0	1.0	0	1.0	1.0	1.0	1.0	1.0	0	1.0	1.0	0	0	1.0	0	0	0	0	
0	0	0	0	0	0	0	1.0	0	0	0	1.0	0	1.0	1.0	1.0	1.0	1.0	0	1.0	1.0	0	0	1.0	0	0	0	0	
0	0	0	0	0	0	0	0	0	0	0	0	0	0	0	0	0	0	0	0	0	0	0	0	0	0	0	
0	0	0	0	0	0	0	0	0	0	0	0	0	0	0	0	0	0	0	0	0	0	0	0	0	0	
0	0	0	0	0	0	0	0	0	0	0	0	0	0	0	0	0	0	0	0	0	0	0	0	0	
0	0	0	0	0	0	0	0	0	0	0	0	0	0	0	0	0	0	0	0	0	0	0	0	
0	0	0	0	0	0	0	0	0	0	0	0	0	0	0	0	0	0	0	0	0	0	0	
0	0	0	0	0	0	0	0	0	0	0	0	0	0	0	0	0	0	0	0	0	0	
0	0	0	0	0	0	0	0	0	0	0	0	0	0	0	0	0	0	0	0	0	
0	0	0	1.0	0	1.0	1.0	1.0	1.0	1.0	0	1.0	1.0	0	0	1.0	0	0	0	0	
0	0	0	0	0	0	0	0	0	0	0	0	0	0	0	0	0	0	0	
0	0	0	0	0	0	0	0	0	0	0	0	0	0	0	0	0	0	
0	0	0	0	0	0	0	0	0	0	0	0	0	0	0	0	0	
0	1.0	1.0	1.0	1.0	1.0	0	1.0	1.0	0	0	1.0	0	0	0	0	
0	0	0	0	0	0	0	0	0	0	0	0	0	0	0	
1.0	1.0	1.0	1.0	0	1.0	1.0	0	0	1.0	0	0	0	0	
1.0	1.0	1.0	0	1.0	1.0	0	0	1.0	0	0	0	0	
1.0	1.0	0	1.0	1.0	0	0	1.0	0	0	0	0	
1.0	0	1.0	1.0	0	0	1.0	0	0	0	0	
0	1.0	1.0	0	0	1.0	0	0	0	0	
0	0	0	0	0	0	0	0	0	
1.0	0	0	1.0	0	0	0	0	
0	0	1.0	0	0	0	0	
0	0	0	0	0	0	
0	0	0	0	0	
0	0	0	0	
0	0	0	
0	0	
0	

