0 1 0.10350623220784055
0 2 0.09840170474521072
0 3 0.12761713817648632
0 4 0.08793201378592154
0 5 0.0426329088262796
0 6 0.0
0 7 0.0
0 8 0.0
0 9 0.0
0 10 0.10730893273867087
0 11 0.0977820995182606
0 12 0.1023077868263236
0 13 0.0
0 14 0.1404189982777696
0 15 0.1417181932764726
0 16 0.12863296579010336
0 17 0.1848017692317587
0 18 0.42281752106541715
0 19 0.4370060129093701
0 20 0.4370060129093701
0 21 0.2716820836442534
0 22 0.4273559206826273
0 23 0.11000811321855622
0 24 0.11790352096789722
0 25 0.11000811321855622
0 26 0.10047679780755304
0 27 0.10786670060449761
0 28 0.36197191805421547
0 29 0.1711351193479711
0 30 0.1362825196225571
0 31 0.0
0 32 0.1454360200261454
0 33 0.10039214087466311
0 34 0.12353434128289265
0 35 0.0
0 36 0.21046161061981689
0 37 0.11809181659970791
0 38 0.14766528895153921
0 39 0.09512717957936517
0 40 0.12523935488430563
0 41 0.08657083151583361
0 42 0.12655514630694595
0 43 0.08285389497185447
0 44 0.11225175707186748
0 45 0.0
0 46 0.09849993975731125
0 47 0.17202642589274006
0 48 0.0902101808081642
0 49 0.18691052848143286
0 50 0.14854374845588034
0 51 0.0
0 52 0.14539503271264245
0 53 0.0
0 54 0.3577860519235588
0 55 0.1040772798468279
0 56 0.28405129143069463
0 57 0.09552064745271903
0 58 0.09098771401202635
0 59 0.14750034898000788
0 60 0.11966807629177818
0 61 0.19434216241367824
0 62 0.11317684659231192
0 63 0.10850657718470326
0 64 0.11219276853285082
0 65 0.1368043758355632
0 66 0.3310479228381177
0 67 0.1843401024855016
0 68 0.1117144021977153
0 69 0.10541682403174266
0 70 0.10571337388280407
0 71 0.12684623844682189
0 72 0.11444393675331226
0 73 0.12242630678697791
0 74 0.0
0 75 0.0
1 2 0.6274887356718674
1 3 0.05779061476714855
1 4 0.4706996749837351
1 5 0.0
1 6 0.17177152548768046
1 7 0.0
1 8 0.0
1 9 0.0
1 10 0.21564090006797998
1 11 0.04428000600176416
1 12 0.12476075512464721
1 13 0.14473896596395827
1 14 0.06358785623477227
1 15 0.06417618848191621
1 16 0.05825062588420705
1 17 0.04881754015960998
1 18 0.1705449765637841
1 19 0.1762679560725449
1 20 0.1762679560725449
1 21 0.10744240244374416
1 22 0.0628034496345289
1 23 0.6878163699339918
1 24 0.5639026682295146
1 25 0.6878163699339918
1 26 0.30478085303010694
1 27 0.21676175330494943
1 28 0.5098195459941541
1 29 0.3582530602032792
1 30 0.06171467800909126
1 31 0.0
1 32 0.1559535122621622
1 33 0.10765219627233252
1 34 0.13246797048349027
1 35 0.0
1 36 0.04314214746482528
1 37 0.1972127954388697
1 38 0.06686929318597135
1 39 0.104615789204905
1 40 0.05671385062557892
1 41 0.09520597479291139
1 42 0.13917858773261998
1 43 0.08476720323915823
1 44 0.1874599226473636
1 45 0.07394756055936785
1 46 0.10832497063312474
1 47 0.1891854713704969
1 48 0.09229336452323106
1 49 0.20555421210062397
1 50 0.16336047746692287
1 51 0.053502993104780544
1 52 0.14875257574919493
1 53 0.0
1 54 0.06634600510643013
1 55 0.17380858294220897
1 56 0.08016578062583639
1 57 0.09772646341986914
1 58 0.09308885295668812
1 59 0.23039010766576515
1 60 0.17670855195549287
1 61 0.05133774615781525
1 62 0.05125141995373531
1 63 0.04913651795820036
1 64 0.12338361207645242
1 65 0.15045014272478646
1 66 0.0486502012546572
1 67 0.08347725079169
1 68 0.13623179240643485
1 69 0.5642957857233026
1 70 0.21243457102332847
1 71 0.2972203811700389
1 72 0.22997892998253391
1 73 0.13463791064336086
1 74 0.0
1 75 0.0
2 3 0.06398460820613845
2 4 0.7939277247896345
2 5 0.0
2 6 0.19018198376300563
2 7 0.0
2 8 0.0
2 9 0.0
2 10 0.23875327437963412
2 11 0.04902593348079266
2 12 0.1381326028165111
2 13 0.08634413286701481
2 14 0.0704031975476234
2 15 0.07105458719765946
2 16 0.06449392327769549
2 17 0.05404980018443562
2 18 0.18882397342417492
2 19 0.19516034141602362
2 20 0.19516034141602362
2 21 0.11895807048927896
2 22 0.06953471831110537
2 23 0.6669052713516759
2 24 0.7444778191553817
2 25 0.6669052713516759
2 26 0.3809700649239786
2 27 0.23999426057632084
2 28 0.05590940175137849
2 29 0.2740771385497042
2 30 0.06832925223049206
2 31 0.0
2 32 0.06261183280547603
2 33 0.04321993917530334
2 34 0.0531829152141856
2 35 0.0
2 36 0.04776611935745458
2 37 0.13376821410657602
2 38 0.07403633864711853
2 39 0.04769481123078605
2 40 0.0627924365705476
2 41 0.04340483430179948
2 42 0.0634521473261846
2 43 0.09385254525914546
2 44 0.12715290107465474
2 45 0.0818732541478431
2 46 0.049385843811854443
2 47 0.08625051164074256
2 48 0.1021853599038402
2 49 0.09371309453709646
2 50 0.0744767801741217
2 51 0.05923743959912234
2 52 0.16469586484441878
2 53 0.0
2 54 0.05526286189703177
2 55 0.11789328215156729
2 56 0.08875794254051114
2 57 0.1082007779028923
2 58 0.10306610872356375
2 59 0.14346438316749185
2 60 0.19564816033024096
2 61 0.056840121658669016
2 62 0.056744543018984475
2 63 0.05440296599780336
2 64 0.05625114652084487
2 65 0.06859090020196561
2 66 0.16333149984141515
2 67 0.09242433581219003
2 68 0.15083310495081995
2 69 0.6247769626151373
2 70 0.23520329124606465
2 71 0.31109769577403373
2 72 0.25462805318631565
2 73 0.061382032114340325
2 74 0.0
2 75 0.0
3 4 0.05717680872945233
3 5 0.0
3 6 0.0
3 7 0.0
3 8 0.0
3 9 0.0
3 10 0.06977643361038313
3 11 0.06358171683559227
3 12 0.06652449440250226
3 13 0.0
3 14 0.09130588349831215
3 15 0.09215067051892961
3 16 0.0836421476618164
3 17 0.07009716789367222
3 18 0.08922187158864267
3 19 0.09221589083871491
3 20 0.09221589083871491
3 21 0.06828631518847987
3 22 0.09017955306514426
3 23 0.06142080874423783
3 24 0.07666544614027437
3 25 0.06142080874423783
3 26 0.06533391426672996
3 27 0.07013911592830951
3 28 0.07250888454773056
3 29 0.1112786977638578
3 30 0.08861618450587971
3 31 0.0
3 32 0.17535824663102897
3 33 0.1210469716934729
3 34 0.14895048339601719
3 35 0.0
3 36 0.06194786431778262
3 37 0.16582732482176166
3 38 0.09601770298263372
3 39 0.13357983780498855
3 40 0.08143549011687061
3 41 0.12156481127331265
3 42 0.1777117327752193
3 43 0.05387481875292079
3 44 0.15762657496299443
3 45 0.0
3 46 0.13831594750063322
3 47 0.11185825987821625
3 48 0.12667527171516382
3 49 0.2624641894040807
3 50 0.20858864851687148
3 51 0.0
3 52 0.20416714732094027
3 53 0.0
3 54 0.19671248875698835
3 55 0.14614778050393717
3 56 0.11511014617868538
3 57 0.062111232916992457
3 58 0.05916374363336455
3 59 0.17784729374435013
3 60 0.07781282850879045
3 61 0.41841843236425114
3 62 0.07359197898009757
3 63 0.07055518851964065
3 64 0.07295209322565956
3 65 0.08895551567311501
3 66 0.06985688574759794
3 67 0.1198650903940594
3 68 0.07264104086521615
3 69 0.06854611108081217
3 70 0.068738939305515
3 71 0.07082203597192543
3 72 0.07441589018898753
3 73 0.171913918566505
3 74 0.0
3 75 0.0
4 5 0.0
4 6 0.1699471046907492
4 7 0.0
4 8 0.0
4 9 0.0
4 10 0.2866434047846008
4 11 0.04380969892608034
4 12 0.12343564541485087
4 13 0.0771573368698708
4 14 0.06291247649987369
4 15 0.06349455994888799
4 16 0.05763193397356769
4 17 0.04829903899785248
4 18 0.16873358319592677
4 19 0.17439577775906542
4 20 0.17439577775906542
4 21 0.10630123452936428
4 22 0.1568606229420366
4 23 0.5002672982393226
4 24 0.7457963346986362
4 25 0.5002672982393226
4 26 0.2386590589240787
4 27 0.2881333131832742
4 28 0.12612380980390298
4 29 0.2449160285155679
4 30 0.061059193686436294
4 31 0.0
4 32 0.05595009313780098
4 33 0.0386214476388371
4 34 0.04752438838227416
4 35 0.0
4 36 0.042683925819324744
4 37 0.11953561655658244
4 38 0.16701565034858024
4 39 0.04262020469585944
4 40 0.05611148112189316
4 41 0.03878667039441948
4 42 0.056701000332049084
4 43 0.0838668732918742
4 44 0.11362415599573883
4 45 0.07316214826833875
4 46 0.044131315713864305
4 47 0.0770736767038143
4 48 0.09131309766481617
4 49 0.08374225977175868
4 50 0.06655264030190144
4 51 0.11701723489658157
4 52 0.14717264396467228
4 53 0.0
4 54 0.049383034031387406
4 55 0.10534973696097173
4 56 0.07931432333708748
4 57 0.09668849049759606
4 58 0.09210013705156658
4 59 0.12820013790550322
4 60 0.05361535924504225
4 61 0.050792477368404546
4 62 0.05070706805274135
4 63 0.04861462886746071
4 64 0.05026616768634349
4 65 0.06129300297962122
4 66 0.21933082169916537
4 67 0.08259062169537956
4 68 0.21108668899502062
4 69 0.6303028294064742
4 70 0.21017825963375575
4 71 0.3523888601590673
4 72 0.22753627633825327
4 73 0.054851140110443564
4 74 0.0
4 75 0.0
5 6 0.0
5 7 0.0
5 8 0.0
5 9 0.0
5 10 0.0
5 11 0.0
5 12 0.0
5 13 0.0
5 14 0.0
5 15 0.0
5 16 0.0
5 17 0.0
5 18 0.0
5 19 0.0
5 20 0.0
5 21 0.0
5 22 0.0
5 23 0.0
5 24 0.0
5 25 0.0
5 26 0.0
5 27 0.0
5 28 0.0
5 29 0.0
5 30 0.0
5 31 0.0
5 32 0.0
5 33 0.0
5 34 0.0
5 35 0.0
5 36 0.0
5 37 0.0
5 38 0.0
5 39 0.0
5 40 0.0
5 41 0.0
5 42 0.0
5 43 0.0
5 44 0.0
5 45 0.0
5 46 0.0
5 47 0.0
5 48 0.0
5 49 0.0
5 50 0.0
5 51 0.0
5 52 0.0
5 53 0.0
5 54 0.0
5 55 0.0
5 56 0.0
5 57 0.0
5 58 0.0
5 59 0.0
5 60 0.0
5 61 0.0
5 62 0.0
5 63 0.0
5 64 0.0
5 65 0.0
5 66 0.0
5 67 0.0
5 68 0.0
5 69 0.0
5 70 0.0
5 71 0.0
5 72 0.0
5 73 0.0
5 74 0.0
5 75 0.0
6 7 0.0
6 8 0.0
6 9 0.0
6 10 0.0
6 11 0.0
6 12 0.0
6 13 0.45928862496343514
6 14 0.12911561157542772
6 15 0.0
6 16 0.0
6 17 0.0
6 18 0.0
6 19 0.0
6 20 0.0
6 21 0.0
6 22 0.0
6 23 0.18256158127395813
6 24 0.22787334394640324
6 25 0.18256158127395813
6 26 0.0
6 27 0.0
6 28 0.0
6 29 0.0
6 30 0.0
6 31 0.0
6 32 0.0
6 33 0.0
6 34 0.0
6 35 0.0
6 36 0.0
6 37 0.0
6 38 0.0
6 39 0.0
6 40 0.0
6 41 0.0
6 42 0.0
6 43 0.0
6 44 0.0
6 45 0.0
6 46 0.11306115868316026
6 47 0.3556357633815182
6 48 0.0
6 49 0.0
6 50 0.0
6 51 0.0
6 52 0.0
6 53 0.0
6 54 0.0
6 55 0.0
6 56 0.0
6 57 0.0
6 58 0.0
6 59 0.0
6 60 0.0
6 61 0.0
6 62 0.0
6 63 0.0
6 64 0.23193971900540564
6 65 0.0
6 66 0.0
6 67 0.0
6 68 0.0
6 69 0.20374017674046724
6 70 0.0
6 71 0.0
6 72 0.0
6 73 0.0
6 74 0.0
6 75 0.0
7 8 0.42940171678652944
7 9 0.17430435072743683
7 10 0.0
7 11 0.0
7 12 0.0
7 13 0.0
7 14 0.0
7 15 0.0
7 16 0.0
7 17 0.0
7 18 0.0
7 19 0.0
7 20 0.0
7 21 0.0
7 22 0.0
7 23 0.0
7 24 0.0
7 25 0.0
7 26 0.0
7 27 0.0
7 28 0.0
7 29 0.0
7 30 0.0
7 31 0.0
7 32 0.0
7 33 0.0
7 34 0.0
7 35 0.0
7 36 0.0
7 37 0.0
7 38 0.0
7 39 0.0
7 40 0.0
7 41 0.0
7 42 0.0
7 43 0.0
7 44 0.0
7 45 0.0
7 46 0.0
7 47 0.0
7 48 0.0
7 49 0.0
7 50 0.0
7 51 0.0
7 52 0.0
7 53 0.0
7 54 0.0
7 55 0.0
7 56 0.0
7 57 0.0
7 58 0.0
7 59 0.0
7 60 0.0
7 61 0.0
7 62 0.0
7 63 0.0
7 64 0.0
7 65 0.0
7 66 0.0
7 67 0.0
7 68 0.0
7 69 0.0
7 70 0.0
7 71 0.0
7 72 0.0
7 73 0.0
7 74 0.42940171678652944
7 75 0.0
8 9 0.060556615443833
8 10 0.0
8 11 0.0
8 12 0.0
8 13 0.0
8 14 0.0
8 15 0.0
8 16 0.0
8 17 0.0
8 18 0.0
8 19 0.0
8 20 0.0
8 21 0.0
8 22 0.0
8 23 0.0
8 24 0.0
8 25 0.0
8 26 0.0
8 27 0.0
8 28 0.0
8 29 0.0
8 30 0.0
8 31 0.0
8 32 0.0
8 33 0.0
8 34 0.0
8 35 0.0
8 36 0.0
8 37 0.0
8 38 0.0
8 39 0.0
8 40 0.0
8 41 0.0
8 42 0.0
8 43 0.0
8 44 0.0
8 45 0.0
8 46 0.0
8 47 0.0
8 48 0.0
8 49 0.0
8 50 0.0
8 51 0.0
8 52 0.0
8 53 0.0
8 54 0.0
8 55 0.0
8 56 0.0
8 57 0.0
8 58 0.0
8 59 0.0
8 60 0.0
8 61 0.0
8 62 0.0
8 63 0.0
8 64 0.0
8 65 0.0
8 66 0.0
8 67 0.0
8 68 0.0
8 69 0.0
8 70 0.0
8 71 0.0
8 72 0.0
8 73 0.0
8 74 1.0
8 75 0.0
9 10 0.0
9 11 0.0
9 12 0.0
9 13 0.0
9 14 0.0
9 15 0.0
9 16 0.0
9 17 0.0
9 18 0.0
9 19 0.0
9 20 0.0
9 21 0.0
9 22 0.0
9 23 0.0
9 24 0.0
9 25 0.0
9 26 0.0
9 27 0.0
9 28 0.0
9 29 0.0
9 30 0.0
9 31 0.0
9 32 0.0
9 33 0.0
9 34 0.0
9 35 0.0
9 36 0.0
9 37 0.0
9 38 0.0
9 39 0.0
9 40 0.0
9 41 0.0
9 42 0.0
9 43 0.0
9 44 0.0
9 45 0.0
9 46 0.0
9 47 0.0
9 48 0.0
9 49 0.0
9 50 0.0
9 51 0.0
9 52 0.0
9 53 0.0
9 54 0.0
9 55 0.0
9 56 0.0
9 57 0.0
9 58 0.0
9 59 0.0
9 60 0.0
9 61 0.0
9 62 0.0
9 63 0.0
9 64 0.0
9 65 0.0
9 66 0.0
9 67 0.0
9 68 0.0
9 69 0.0
9 70 0.0
9 71 0.0
9 72 0.0
9 73 0.0
9 74 0.060556615443833
9 75 0.0
10 11 0.05346371398709924
10 12 0.15063623362049494
10 13 0.0
10 14 0.07677602750670821
10 15 0.07748638032349504
10 16 0.07033185139402846
10 17 0.058942336289275456
10 18 0.2059161385068337
10 19 0.21282606845576427
10 20 0.21282606845576427
10 21 0.05741965153143054
10 22 0.19142682297272728
10 23 0.22918666869831977
10 24 0.3843454190485243
10 25 0.22918666869831977
10 26 0.3882194247578144
10 27 0.506681104548367
10 28 0.15391676865199752
10 29 0.09357049111283776
10 30 0.07451435064738977
10 31 0.0649172336560409
10 32 0.06827939589628647
10 33 0.04713216664224307
10 34 0.057996981722445634
10 35 0.0
10 36 0.05208986269687458
10 37 0.0645683324249415
10 38 0.2038196376713783
10 39 0.052012099826930336
10 40 0.06847634774105986
10 41 0.047333798298363816
10 42 0.06919577488195067
10 43 0.045301511885262345
10 44 0.06137519918478453
10 45 0.0
10 46 0.05385620305634722
10 47 0.09405782528155704
10 48 0.04932366280958735
10 49 0.1021959140286483
10 50 0.08121834692794364
10 51 0.078203890221844
10 52 0.07949674308887177
10 53 0.06490257124363331
10 54 0.06026520318535098
10 55 0.05690569081355184
10 56 0.09679222642294813
10 57 0.05222723382331353
10 58 0.04974878983213605
10 59 0.06924855837663765
10 60 0.06543017419108706
10 61 0.22494639186062282
10 62 0.06188100466224074
10 63 0.05932747033355249
10 64 0.1076124272396411
10 65 0.07479968274244608
10 66 0.14828729181848352
10 67 0.10079049809926534
10 68 0.2576022808546442
10 69 0.34364091143873915
10 70 0.2564936677224221
10 71 0.5116144812731493
10 72 0.5658522084222942
10 73 0.06693827482537866
10 74 0.0
10 75 0.0
11 12 0.2178900883544612
11 13 0.0
11 14 0.0699598902969263
11 15 0.07060717834696478
11 16 0.0640878249070133
11 17 0.16286131485018498
11 18 0.06836309018950867
11 19 0.07065715110055404
11 20 0.07065715110055404
11 21 0.13508454324817376
11 22 0.06909687960666808
11 23 0.04706151320221114
11 24 0.058742175159365875
11 25 0.04706151320221114
11 26 0.050059791326083715
11 27 0.16295877545068704
11 28 0.055557357468705694
11 29 0.08526334984851464
11 30 0.17530125582749476
11 31 0.1240519158631873
11 32 0.1606330021501838
11 33 0.11088237273051238
11 34 0.13644276091541202
11 35 0.0
11 36 0.12254576826220737
11 37 0.05883598826091506
11 38 0.07357015462592927
11 39 0.047394491694518745
11 40 0.0623970519376006
11 41 0.17958192877640664
11 42 0.16278886052652583
11 43 0.04127966638415804
11 44 0.1443903006639467
11 45 0.0
11 46 0.049074876364264004
11 47 0.08570741873419079
11 48 0.044944732767006154
11 49 0.09312301204452987
11 50 0.07400782282829334
11 51 0.0
11 52 0.0724390621144662
11 53 0.0
11 54 0.05491488867668683
11 55 0.22165866748749233
11 56 0.2674428985161613
11 57 0.1443070720798782
11 58 0.04533211722574449
11 59 0.2697365229338346
11 60 0.15392996926171418
11 61 0.05648221691940275
11 62 0.056387240108973974
11 63 0.054060407277087004
11 64 0.14431442325136518
11 65 0.17597252349817416
11 66 0.05352535757980161
11 67 0.09184236823637511
11 68 0.055658617553150394
11 69 0.05252102304648517
11 70 0.052668770824935957
11 71 0.05426486965971325
11 72 0.05701853280972764
11 73 0.15747790241564577
11 74 0.0
11 75 0.0
12 13 0.07123132686015318
12 14 0.07319787137066211
12 15 0.07387511810769089
12 16 0.06705402687252614
12 17 0.056195321509851806
12 18 0.071527165936858
12 19 0.07392740376985729
12 20 0.07392740376985729
12 21 0.14133671420692454
12 22 0.07229491761774859
12 23 0.1325977671317952
12 24 0.16550851710035444
12 25 0.1325977671317952
12 26 0.141045540214598
12 27 0.15141920711951665
12 28 0.05812874046011596
12 29 0.2073440174366691
12 30 0.18341479268643532
12 31 0.2384528952651674
12 32 0.16806764246439984
12 33 0.11601438512773726
12 34 0.14275779479578643
12 35 0.0
12 36 0.12821760217468672
12 37 0.06155911740869983
12 38 0.07697523098124542
12 39 0.04958806956399295
12 40 0.06528499919385491
12 41 0.1878935897023319
12 42 0.1703232812805142
12 43 0.04319022939268673
12 44 0.1510731736472599
12 45 0.0
12 46 0.05134622813724403
12 47 0.08967424885016445
12 48 0.0470249274820924
12 49 0.226457199575446
12 50 0.07743315595287852
12 51 0.0
12 52 0.07579178767092866
12 53 0.10863489370365154
12 54 0.05745653603271811
12 55 0.2319177826334395
12 56 0.15338215687784906
12 57 0.04979317721420757
12 58 0.047430241407848635
12 59 0.28222084434211786
12 60 0.16105437047267582
12 61 0.059096405543933826
12 62 0.13712288946109738
12 63 0.1314644809171667
12 64 0.1509937843705971
12 65 0.1841171289023032
12 66 0.056002692722449114
12 67 0.09609314462916661
12 68 0.15682046553580709
12 69 0.1479801627609858
12 70 0.14839644826028714
12 71 0.15289352298680026
12 72 0.16065208322595254
12 73 0.1647665140099364
12 74 0.0
12 75 0.13832494057440736
13 14 0.0
13 15 0.0
13 16 0.0
13 17 0.0
13 18 0.0
13 19 0.0
13 20 0.0
13 21 0.0
13 22 0.0
13 23 0.08288440954309374
13 24 0.1034563100944292
13 25 0.08288440954309374
13 26 0.0
13 27 0.0
13 28 0.08375424521202773
13 29 0.31555716990612304
13 30 0.0
13 31 0.10959546596120985
13 32 0.09379472206273476
13 33 0.06474498510705365
13 34 0.07966987272993949
13 35 0.0
13 36 0.0
13 37 0.08869687135268037
13 38 0.0
13 39 0.07144850043161369
13 40 0.0
13 41 0.06502196449295244
13 42 0.09505354269429193
13 43 0.0
13 44 0.08431049621215145
13 45 0.05890360990472102
13 46 0.19484945266736434
13 47 0.34029721248672457
13 48 0.0
13 49 0.27052110052479117
13 50 0.11156882946170815
13 51 0.0
13 52 0.0
13 53 0.2434664812455339
13 54 0.0
13 55 0.07817077734185553
13 56 0.06162728872288534
13 57 0.0
13 58 0.0
13 59 0.09512605085211433
13 60 0.199705085679914
13 61 0.0
13 62 0.07879885981996547
13 63 0.07554720618715761
13 64 0.2219361716943552
13 65 0.10275157477762685
13 66 0.0
13 67 0.0
13 68 0.0
13 69 0.09249966028722197
13 70 0.0
13 71 0.0
13 72 0.0
13 73 0.09195243748409926
13 74 0.0
13 75 0.31000616286345706
14 15 0.10139472667846625
14 16 0.09203267489223149
14 17 0.07712893611613421
14 18 0.09817212650246834
14 19 0.10146648954748579
14 20 0.10146648954748579
14 21 0.07513642847550644
14 22 0.09922587739769335
14 23 0.06758221160976839
14 24 0.08435610846129403
14 25 0.06758221160976839
14 26 0.07188785868409524
14 27 0.07717509215040717
14 28 0.0797825831225759
14 29 0.12244157401528886
14 30 0.09750568017208801
14 31 0.0
14 32 0.08934693627152883
14 33 0.061674750252917805
14 34 0.07589189332851433
14 35 0.0
14 36 0.06816213854381015
14 37 0.08449082782004953
14 38 0.10564967889428861
14 39 0.06806038201691068
14 40 0.08960465741408635
14 41 0.061938595158006114
14 42 0.09054606309094407
14 43 0.05927924877315113
14 44 0.08031245646263215
14 45 0.0
14 46 0.07047348148204217
14 47 0.3531900795170173
14 48 0.06454243040492773
14 49 0.13372836267909752
14 50 0.10627818790418686
14 51 0.0
14 52 0.10402538489567725
14 53 0.0
14 54 0.07885997229048623
14 55 0.074463885684177
14 56 0.12665737258318188
14 57 0.06834189539605488
14 58 0.06509872995169963
14 59 0.09061513288094558
14 60 0.08561859001456151
14 61 0.08111071821329725
14 62 0.08097432772213649
14 63 0.3060013980559345
14 64 0.23034468474081213
14 65 0.09787905120413318
14 66 0.07686455016658313
14 67 0.13188930704848958
14 68 0.07992799664604594
14 69 0.0754222856846497
14 70 0.07563445739245754
14 71 0.07792651903396369
14 72 0.08188088924103028
14 73 0.08759201361467324
14 74 0.0
14 75 0.0
15 16 0.09288418638571701
15 17 0.07784255413995135
15 18 0.09908044188235547
15 19 0.10240528527579083
15 20 0.10240528527579083
15 21 0.0758316112733689
15 22 0.10014394236922941
15 23 0.06820750072592496
15 24 0.08513659426141465
15 25 0.06820750072592496
15 26 0.0725529848252538
15 27 0.07788913722248432
15 28 0.08052075341468563
15 29 0.12357443696506798
15 30 0.09840782940814878
15 31 0.0
15 32 0.09017359857632452
15 33 0.06224538191998284
15 34 0.07659406589393504
15 35 0.0
15 36 0.06879279330266151
15 37 0.08527256008054424
15 38 0.10662717863518917
15 39 0.0686900952965288
15 40 0.09043370422542019
15 41 0.06251166799033603
15 42 0.09138382004522241
15 43 0.24972358691216787
15 44 0.08105552928788762
15 45 0.0
15 46 0.07112552141827316
15 47 0.12421803779260562
15 48 0.06513959463351983
15 49 0.13496565408630254
15 50 0.10726150278244288
15 51 0.0
15 52 0.10498785622400328
15 53 0.0
15 54 0.0795896063346986
15 55 0.07515284593208806
15 56 0.12782924125499381
15 57 0.06897421331449494
15 58 0.0657010412159337
15 59 0.09145352888782245
15 60 0.08641075663949983
15 61 0.08186117677471975
15 62 0.08172352436141056
15 63 0.327041374063716
15 64 0.08101293443345825
15 65 0.09878465497115804
15 66 0.07757572201924395
15 67 0.13310958300972986
15 68 0.08066751234386822
15 69 0.07612011331163797
15 70 0.07633424809014872
15 71 0.0786475165132007
15 72 0.08263847363556404
15 73 0.08840243889480091
15 74 0.0
15 75 0.0
16 17 0.07065513871013314
16 18 0.08993207432624829
16 19 0.0929499258567915
16 20 0.0929499258567915
16 21 0.06882987168560711
16 22 0.090897378911235
16 23 0.06190971606863498
16 24 0.07727570020420628
16 25 0.06190971606863498
16 26 0.06585396976371227
16 27 0.20287434817475572
16 28 0.07308605253792864
16 29 0.1121644720071224
16 30 0.0893215659971177
16 31 0.0
16 32 0.08184762416643457
16 33 0.05649809596065689
16 34 0.06952192679057487
16 35 0.0
16 36 0.06244096698469541
16 37 0.07739911192825077
16 38 0.09678200028219351
16 39 0.06234775136569715
16 40 0.08208371355120865
16 41 0.056739795111529504
16 42 0.08294610258482289
16 43 0.05430366028118125
16 44 0.0735714510955349
16 45 0.0
16 46 0.06455830794816438
16 47 0.11274864741408389
16 48 0.05912507811702264
16 49 0.12250390696876375
16 50 0.09735775555007464
16 51 0.0
16 52 0.09529404098239039
16 53 0.0
16 54 0.07224088080862315
16 55 0.0682137786004084
16 56 0.11602641860703346
16 57 0.06260563599180224
16 58 0.059634684804483876
16 59 0.08300937501977375
16 60 0.07843221569316347
16 61 0.07430271095156755
16 62 0.07417776836118621
16 63 0.07111680516303448
16 64 0.07353278914024199
16 65 0.08966359822766443
16 66 0.07041294392722552
16 67 0.12081921199928299
16 68 0.2101110574494478
16 69 0.06909173554345803
16 70 0.06928609867356729
16 71 0.07138577671098956
16 72 0.28261480539807443
16 73 0.08024000049120344
16 74 0.0
16 75 0.0
17 18 0.07536850606181979
17 19 0.0778976477843635
17 20 0.0778976477843635
17 21 0.05768358664286766
17 22 0.07617748956420342
17 23 0.05188407857554097
17 24 0.06476170068249171
17 25 0.05188407857554097
17 26 0.05518960122420542
17 27 0.179657757151339
17 28 0.061250523075409964
17 29 0.09400059713647975
17 30 0.07485686323527997
17 31 0.0
17 32 0.06859324889755174
17 33 0.04734881431117196
17 34 0.05826357058924764
17 35 0.0
17 36 0.052329298906411977
17 37 0.06486512715565416
17 38 0.08110915743455246
17 39 0.05225117859173936
17 40 0.06879110605097317
17 41 0.04755137278715678
17 42 0.06951384010992318
17 43 0.04550974476840971
17 44 0.06165731636251495
17 45 0.0
17 46 0.0541037584241724
17 47 0.09449017138494
17 48 0.04955038390755517
17 49 0.10266566766243351
17 50 0.08159167509827277
17 51 0.0
17 52 0.07986215773675698
17 53 0.0
17 54 0.06054221815660694
17 55 0.0571672634536794
17 56 0.29484875043140324
17 57 0.1590947455222684
17 58 0.04997746506854042
17 59 0.06956686622916779
17 60 0.06573093046277954
17 61 0.15122523130961354
17 62 0.062165446824910944
17 63 0.05960017492294201
17 64 0.06162491531056896
17 65 0.07514350688755225
17 66 0.059010296726367775
17 67 0.10125379159962855
17 68 0.06136215965104068
17 69 0.057903044360324625
17 70 0.05806593239398314
17 71 0.05982558931368506
17 72 0.06286143039750312
17 73 0.06724596323090257
17 74 0.0
17 75 0.0
18 19 0.6848899386859539
18 20 0.6848899386859539
18 21 0.07342147642867719
18 22 0.5005996337456919
18 23 0.18125798505554735
18 24 0.22624619530224585
18 25 0.18125798505554735
18 26 0.19280588937035664
18 27 0.20698644460515214
18 28 0.4025072182569097
18 29 0.11964690527424048
18 30 0.0952801609508342
18 31 0.0
18 32 0.08730763636939504
18 33 0.06026705439446474
18 34 0.07415969816776204
18 35 0.0
18 36 0.06660637123647702
18 37 0.08256236620631276
18 38 0.10323827690536283
18 39 0.06650693725228586
18 40 0.08755947515355589
18 41 0.06052487716928672
18 42 0.08847939370858493
18 43 0.05792622905847097
18 44 0.0784793641212604
18 45 0.0
18 46 0.06886495890827876
18 47 0.12027005071708463
18 48 0.06306928115660608
18 49 0.13067607853479055
18 50 0.10385244050605222
18 51 0.0
18 52 0.10165105661885211
18 53 0.0
18 54 0.39785259935358885
18 55 0.0727642840959731
18 56 0.1237664803120866
18 57 0.0667820252269283
18 58 0.06361288343967056
18 59 0.08854688701458074
18 60 0.0836643877830837
18 61 0.07925940593985015
18 62 0.07912612849460772
18 63 0.07586097004234897
18 64 0.07843812304714957
18 65 0.09564500997260254
18 66 0.387785592534487
18 67 0.12887899844496803
18 68 0.0781036794110075
18 69 0.20228535299231698
18 70 0.20285440534096022
18 71 0.20900179923155116
18 72 0.21960756602763182
18 73 0.08559276895955434
18 74 0.0
18 75 0.0
19 20 0.9999999999999999
19 21 0.23790166281415517
19 22 0.5173982607339707
19 23 0.18734046109895167
19 24 0.23383834117331223
19 25 0.18734046109895167
19 26 0.1992758785560086
19 27 0.21393229082668244
19 28 0.41601415706346595
19 29 0.12366189768836781
19 30 0.09847747827849594
19 31 0.0
19 32 0.09023741960879472
19 33 0.06228943655020005
19 34 0.13149952364634537
19 35 0.0
19 36 0.06884148191179325
19 37 0.08533291236670826
19 38 0.10670264481084725
19 39 0.06873871122038581
19 40 0.0904977093495906
19 41 0.06255591108649239
19 42 0.0914484976209035
19 43 0.05987006011465823
19 44 0.08111289693926499
19 45 0.0
19 46 0.07117586103301143
19 47 0.12430595402915945
19 48 0.06518569766422767
19 49 0.13506117702791512
19 50 0.10733741790571574
19 51 0.0
19 52 0.10506216215707943
19 53 0.0
19 54 0.41120334306638445
19 55 0.0752060359155886
19 56 0.12791971334755278
19 57 0.06902303032498416
19 58 0.06574754161461989
19 59 0.09151825580045334
19 60 0.0864719144927111
19 61 0.08191911462907482
19 62 0.08178136479125027
19 63 0.07840663738368345
19 64 0.08107027193801183
19 65 0.09885457054258923
19 66 0.40079851759732227
19 67 0.13320379230328674
19 68 0.08072460537337875
19 69 0.20907344463490193
19 70 0.20966159267898174
19 71 0.2160152747287257
19 72 0.22697693934877983
19 73 0.08846500637588435
19 74 0.0
19 75 0.0
20 21 0.23790166281415517
20 22 0.5173982607339707
20 23 0.18734046109895167
20 24 0.23383834117331223
20 25 0.18734046109895167
20 26 0.1992758785560086
20 27 0.21393229082668244
20 28 0.41601415706346595
20 29 0.12366189768836781
20 30 0.09847747827849594
20 31 0.0
20 32 0.09023741960879472
20 33 0.06228943655020005
20 34 0.13149952364634537
20 35 0.0
20 36 0.06884148191179325
20 37 0.08533291236670826
20 38 0.10670264481084725
20 39 0.06873871122038581
20 40 0.0904977093495906
20 41 0.06255591108649239
20 42 0.0914484976209035
20 43 0.05987006011465823
20 44 0.08111289693926499
20 45 0.0
20 46 0.07117586103301143
20 47 0.12430595402915945
20 48 0.06518569766422767
20 49 0.13506117702791512
20 50 0.10733741790571574
20 51 0.0
20 52 0.10506216215707943
20 53 0.0
20 54 0.41120334306638445
20 55 0.0752060359155886
20 56 0.12791971334755278
20 57 0.06902303032498416
20 58 0.06574754161461989
20 59 0.09151825580045334
20 60 0.0864719144927111
20 61 0.08191911462907482
20 62 0.08178136479125027
20 63 0.07840663738368345
20 64 0.08107027193801183
20 65 0.09885457054258923
20 66 0.40079851759732227
20 67 0.13320379230328674
20 68 0.08072460537337875
20 69 0.20907344463490193
20 70 0.20966159267898174
20 71 0.2160152747287257
20 72 0.22697693934877983
20 73 0.08846500637588435
20 74 0.0
20 75 0.0
21 22 0.07420956108439172
21 23 0.11419153919902578
21 24 0.06308868158061252
21 25 0.11419153919902578
21 26 0.053763862614809185
21 27 0.057718106055894
21 28 0.05966820985594016
21 29 0.09157223603817559
21 30 0.18827231166667105
21 31 0.13323088220899382
21 32 0.17251871073036018
21 33 0.11908688582129792
21 34 0.14653856235351903
21 35 0.0
21 36 0.1316132903143485
21 37 0.14276149665952592
21 38 0.07901382688740365
21 39 0.05090134961939253
21 40 0.06701399344815683
21 41 0.19286972420531082
21 42 0.17483408741276846
21 43 0.10016228381300361
21 44 0.23071110357641084
21 45 0.08737762088398268
21 46 0.05270607089630967
21 47 0.0920491628876202
21 48 0.10905531642174618
21 49 0.10001345777145905
21 50 0.0794838794481404
21 51 0.06321999282065048
21 52 0.1757684238805156
21 53 0.0
21 54 0.05897820290718153
21 55 0.2139100956372507
21 56 0.09472516922000726
21 57 0.11547515301979723
21 58 0.1099952782843204
21 59 0.2603072826867547
21 60 0.16531970071110644
21 61 0.06066150237930263
21 62 0.06055949795514866
21 63 0.058060495914043164
21 64 0.15499267215241141
21 65 0.18899324840787884
21 66 0.05748585631497718
21 67 0.09863805535893913
21 68 0.15311737668948538
21 69 0.12743866599053305
21 70 0.05656588818514069
21 71 0.1316699903858176
21 72 0.06123750186075757
21 73 0.16913015588084493
21 74 0.0
21 75 0.0
22 23 0.06674853147043452
22 24 0.21032635271051764
22 25 0.06674853147043452
22 26 0.07100106497585992
22 27 0.19242181684496637
22 28 0.5269523245562294
22 29 0.12093116016445582
22 30 0.09630287033358961
22 31 0.0
22 32 0.08824477100487549
22 33 0.060913943331103455
22 34 0.07495570667972935
22 35 0.0
22 36 0.06732130454615086
22 37 0.0834485664996273
22 38 0.26341793181544076
22 39 0.06722080326665307
22 40 0.08849931295289473
22 41 0.061174533500189546
22 42 0.08942910564466126
22 43 0.05854799226053259
22 44 0.07932173866427684
22 45 0.0
22 46 0.06960413523749283
22 47 0.12156099426824324
22 48 0.06374624837579229
22 49 0.13207871734527885
22 50 0.1049671622305715
22 51 0.10107125720326382
22 52 0.1027421493325257
22 53 0.0
22 54 0.4021230328021901
22 55 0.07354531464138572
22 56 0.1250949535159795
22 57 0.06749884395516526
22 58 0.06429568552678552
22 59 0.08949732340406506
22 60 0.08456241685371468
22 61 0.0801101532236224
22 62 0.07997544521726002
22 63 0.07667523950907744
22 64 0.07928005492053757
22 65 0.09667163553805674
22 66 0.5076791425018248
22 67 0.1302623479233322
22 68 0.199285674987424
22 69 0.18805151814728124
22 70 0.07470144641996265
22 71 0.19429536078422469
22 72 0.08087082358136524
22 73 0.08651149670977427
22 74 0.0
22 75 0.0
23 24 0.5993249608996911
23 25 0.8116763190510914
23 26 0.3239260658204539
23 27 0.2303779298152961
23 28 0.07133858111373063
23 29 0.26309514084692576
23 30 0.06559136721389207
23 31 0.0
23 32 0.07989066549370945
23 33 0.05514723892590858
23 34 0.06785967282825191
23 35 0.0
23 36 0.04585217857483408
23 37 0.12840825512642642
23 38 0.07106977636743635
23 39 0.04578372769371111
23 40 0.06027640623755958
23 41 0.041665645863412454
23 42 0.06090968304091132
23 43 0.09009196733612058
23 44 0.12205801109261329
23 45 0.07859267447699417
23 46 0.04740700228511688
23 47 0.08279453962602333
23 48 0.09809089440533218
23 49 0.08995810426547986
23 50 0.07149256984154696
23 51 0.05686385445065487
23 52 0.15809666573226622
23 53 0.0
23 54 0.07051361725438411
23 55 0.11316941586847441
23 56 0.08520150026940043
23 57 0.10386528060218286
23 58 0.09893635249790458
23 59 0.1577844017094539
23 60 0.18780873359560332
23 61 0.054562594650089474
23 62 0.05447084575121076
23 63 0.05222309338685277
23 64 0.053997219158864095
23 65 0.06584253121199642
23 66 0.05170622805572928
23 67 0.08872098481786321
23 68 0.1447893728072415
23 69 0.5997427725893097
23 70 0.22577892984978645
23 71 0.31589067291099127
23 72 0.24442536094444536
23 73 0.058922515281821616
23 74 0.0
23 75 0.0
24 25 0.5993249608996911
24 26 0.2678572457460737
24 27 0.3863431606964173
24 28 0.16911293866155497
24 29 0.3283953233888369
24 30 0.08187113672408874
24 31 0.0
24 32 0.07502060620934732
24 33 0.0517855154845235
24 34 0.06372301145925847
24 35 0.0
24 36 0.05723268382188095
24 37 0.07094315022651246
24 38 0.2239427073827984
24 39 0.05714724344023702
24 40 0.07523700306809214
24 41 0.05200705419140003
24 42 0.07602745909841595
24 43 0.049774120570641595
24 44 0.06743475961702813
24 45 0.0
24 46 0.059173414591393816
24 47 0.10334413447467329
24 48 0.054193377604882
24 49 0.11228569500223883
24 50 0.08923701713926264
24 51 0.08592494376024601
24 52 0.08734543971734615
24 53 0.0
24 54 0.06621517394737836
24 55 0.06252397762978057
24 56 0.10634850246232046
24 57 0.057383617570573815
24 58 0.05466047732843583
24 59 0.07608545389636759
24 60 0.0718900814479161
24 61 0.06810502412690048
24 62 0.06799050316227583
24 63 0.0651848589294892
24 64 0.06739932250626468
24 65 0.082184639596531
24 66 0.2940894336626008
24 67 0.11074152265544863
24 68 0.28303529955040235
24 69 0.7653932567503674
24 70 0.2818172332781513
24 71 0.39010484894500014
24 72 0.3050917063439268
24 73 0.07354707653880868
24 74 0.0
24 75 0.0
25 26 0.3239260658204539
25 27 0.2303779298152961
25 28 0.07133858111373063
25 29 0.26309514084692576
25 30 0.06559136721389207
25 31 0.0
25 32 0.07989066549370945
25 33 0.05514723892590858
25 34 0.06785967282825191
25 35 0.0
25 36 0.04585217857483408
25 37 0.12840825512642642
25 38 0.07106977636743635
25 39 0.04578372769371111
25 40 0.06027640623755958
25 41 0.041665645863412454
25 42 0.06090968304091132
25 43 0.09009196733612058
25 44 0.12205801109261329
25 45 0.07859267447699417
25 46 0.04740700228511688
25 47 0.08279453962602333
25 48 0.09809089440533218
25 49 0.08995810426547986
25 50 0.07149256984154696
25 51 0.05686385445065487
25 52 0.15809666573226622
25 53 0.0
25 54 0.07051361725438411
25 55 0.11316941586847441
25 56 0.08520150026940043
25 57 0.10386528060218286
25 58 0.09893635249790458
25 59 0.1577844017094539
25 60 0.18780873359560332
25 61 0.054562594650089474
25 62 0.05447084575121076
25 63 0.05222309338685277
25 64 0.053997219158864095
25 65 0.06584253121199642
25 66 0.05170622805572928
25 67 0.08872098481786321
25 68 0.1447893728072415
25 69 0.5997427725893097
25 70 0.22577892984978645
25 71 0.31589067291099127
25 72 0.24442536094444536
25 73 0.058922515281821616
25 74 0.0
25 75 0.0
26 27 0.5106623691139986
26 28 0.05708841802954559
26 29 0.08761305397747159
26 30 0.06977017805210935
26 31 0.0
26 32 0.06393218980753806
26 33 0.044131360335838615
26 34 0.054304435402091365
26 35 0.0
26 36 0.048773410269236206
26 37 0.06045740197259252
26 38 0.07559761538602931
26 39 0.0487005983983051
26 40 0.06411660214097646
26 41 0.04432015452684025
26 42 0.06479022486303436
26 43 0.04241725953194252
26 44 0.057467568836099034
26 45 0.0
26 46 0.05042729143857241
26 47 0.08806936060065239
26 48 0.04618332853347709
26 49 0.0956893142868262
26 50 0.07604734493461114
26 51 0.0
26 52 0.07443535200514652
26 53 0.0
26 54 0.14680068849684003
26 55 0.053282624699070295
26 56 0.09062966815004697
26 57 0.048902035263852596
26 58 0.04658138860915762
26 59 0.06483964774319809
26 60 0.19977398458514123
26 61 0.21062452636222484
26 62 0.05794117073848759
26 63 0.055550214590754016
26 64 0.057437369505461286
26 65 0.07003734365045515
26 66 0.055000419888901676
26 67 0.24551671168194408
26 68 0.15401387026850852
26 69 0.47240298297630173
26 70 0.2401632532626632
26 71 0.5156345100195784
26 72 0.4140322539745062
26 73 0.06267645510551459
26 74 0.0
26 75 0.0
27 28 0.15471679363943303
27 29 0.09405684962745899
27 30 0.07490165959990051
27 31 0.0
27 32 0.06863429694652576
27 33 0.04737714911787588
27 34 0.05829843708030015
27 35 0.0
27 36 0.05236061416933959
27 37 0.06490394419609159
27 38 0.2048790466265899
27 39 0.05228244710536506
27 40 0.06883227250300074
27 41 0.04757982881031241
27 42 0.0695554390654919
27 43 0.045536979026329735
27 44 0.06169421376251178
27 45 0.0
27 46 0.054136135571503485
27 47 0.09454671685034527
27 48 0.049580036192845754
27 49 0.10272710556517016
27 50 0.08164050175583944
27 51 0.07861037657703508
27 52 0.07990994940451783
27 53 0.0
27 54 0.1575976370679323
27 55 0.05720147388499258
27 56 0.2950251958708912
27 57 0.1591899521061621
27 58 0.050007372930709115
27 59 0.06960849691699551
27 60 0.06577026562325246
27 61 0.22611561296562702
27 62 0.0622026483038724
27 63 0.05963584127405407
27 64 0.061661793320902984
27 65 0.07518847478746041
27 66 0.14905805604263478
27 67 0.2635740609799394
27 68 0.5084571853402017
27 69 0.4717729462613328
27 70 0.2578268645215368
27 71 0.6448146455427418
27 72 0.44448364353343456
27 73 0.06728620502781948
27 74 0.0
27 75 0.0
28 29 0.23613788376822675
28 30 0.07743233880954195
28 31 0.0
28 32 0.19567217377757187
28 33 0.13506934823710187
28 34 0.16620527081708186
28 35 0.0
28 36 0.054129706047813544
28 37 0.16294698463089707
28 38 0.2118012316163302
28 39 0.13125962082064999
28 40 0.07115788720775088
28 41 0.1194532894714519
28 42 0.17462496618321863
28 43 0.04707552285442888
28 44 0.1548886778190693
28 45 0.0
28 46 0.13591346658832396
28 47 0.23736773794469512
28 48 0.051255181543118755
28 49 0.25790531375306336
28 50 0.2049655648765423
28 51 0.08126636106026608
28 52 0.08260984215297944
28 53 0.0
28 54 0.3439450822369045
28 55 0.14360926445150968
28 56 0.10058261805136137
28 57 0.0542724566389769
28 58 0.051696956575190856
28 59 0.1984495581815293
28 60 0.06799242524847897
28 61 0.06441258194079241
28 62 0.06430426994601098
28 63 0.06165073900085859
28 64 0.15480728348678352
28 65 0.18876719122950744
28 66 0.4081994984424442
28 67 0.10473746237870751
28 68 0.16023567991339732
28 69 0.15120285424919633
28 70 0.06006371034130927
28 71 0.17659715623579944
28 72 0.0650241990676661
28 73 0.16892785719484407
28 74 0.0
28 75 0.0
29 30 0.11883467634733243
29 31 0.18175982593812526
29 32 0.2644461438396738
29 33 0.18254291145578172
29 34 0.22462234718855986
29 35 0.0
29 36 0.08307234674636346
29 37 0.25007319264906686
29 38 0.12876014377259157
29 39 0.2014428957914075
29 40 0.10920533495303683
29 41 0.18332383098849303
29 42 0.2679952802354132
29 43 0.07224635866995324
29 44 0.2377061855740714
29 45 0.0
29 46 0.20858510877469646
29 47 0.3642860172845543
29 48 0.07866084123820508
29 49 0.6116296766247131
29 50 0.31455870943485653
29 51 0.0
29 52 0.12678054164810787
29 53 0.28522468813343255
29 54 0.09611029088110669
29 55 0.2203957768026325
29 56 0.25656965649838576
29 57 0.08329142472541061
29 58 0.07933882919209793
29 59 0.26819971074398946
29 60 0.10434733049129488
29 61 0.09885337890228937
29 62 0.229372003649146
29 63 0.21990691353700217
29 64 0.237581270463894
29 65 0.2896992189520334
29 66 0.09367837776741084
29 67 0.16073959064866636
29 68 0.09741194149674268
29 69 0.29361626976308997
29 70 0.09217920688390523
29 71 0.0949726482798916
29 72 0.09979202190904773
29 73 0.2592519810769802
29 74 0.0
29 75 0.36317693782660526
30 31 0.17289573184796922
30 32 0.2238801414104889
30 33 0.15454085371341136
30 34 0.1901653097389055
30 35 0.0
30 36 0.17079655836942592
30 37 0.08200188750481158
30 38 0.102537438762709
30 39 0.0660554516233634
30 40 0.36299613758813837
30 41 0.2502899595416935
30 42 0.2268848407667593
30 43 0.05753299399100181
30 44 0.20124208909900157
30 45 0.0
30 46 0.06839746573286037
30 47 0.11945359153655499
30 48 0.24690914964179841
30 49 0.1297889775203716
30 50 0.4065706363436009
30 51 0.0
30 52 0.10096099339952057
30 53 0.0
30 54 0.07653690635118243
30 55 0.18658709467422868
30 56 0.12292628544653068
30 57 0.0663286721497009
30 58 0.24903729150410236
30 59 0.2270579116631775
30 60 0.21453787717548017
30 61 0.07872134954728122
30 62 0.07858897686255961
30 63 0.07534598409975003
30 64 0.20113633594970332
30 65 0.24525939824182472
30 66 0.074600265596787
30 67 0.12800409699751306
30 68 0.07757346872507152
30 69 0.07320048750428705
30 70 0.07340640903404669
30 71 0.07563095086574928
30 72 0.0794688327901977
30 73 0.21948276250778892
30 74 0.0
30 75 0.0
31 32 0.15842875930690553
31 33 0.1093608194178971
31 34 0.1345704621023466
31 35 0.0
31 36 0.12086416716498415
31 37 0.27861487680029917
31 38 0.0
31 39 0.2885582634722729
31 40 0.0
31 41 0.21965733115400773
31 42 0.45913750627598665
31 43 0.0
31 44 0.14240894389032596
31 45 0.0
31 46 0.0
31 47 0.0
31 48 0.0
31 49 0.19851463131720432
31 50 0.0
31 51 0.0
31 52 0.0
31 53 0.3227444442956681
31 54 0.0
31 55 0.13203833857563052
31 56 0.09400900870330545
31 57 0.0
31 58 0.0
31 59 0.16067750810313197
31 60 0.1518177069708435
31 61 0.0
31 62 0.12020328740950739
31 63 0.11524307025568586
31 64 0.25326268505110155
31 65 0.17355778822993947
31 66 0.0
31 67 0.0
31 68 0.0
31 69 0.0
31 70 0.0
31 71 0.0
31 72 0.06923360053188393
31 73 0.2378429695701958
31 74 0.0
31 75 0.21282470767492084
32 33 0.5576449326869094
32 34 0.8494067787380634
32 35 0.18104222403272682
32 36 0.15650523322432985
32 37 0.2696102243696438
32 38 0.09395766472690169
32 39 0.36355269264220386
32 40 0.079688309963588
32 41 0.5051155047473502
32 42 0.41630730106519775
32 43 0.0527189466147202
32 44 0.3692558334457122
32 45 0.0
32 46 0.22488087340025537
32 47 0.2658234331981716
32 48 0.12395748220674699
32 49 0.4267271939066137
32 50 0.3391336885404207
32 51 0.0
32 52 0.19978678702299724
32 53 0.0
32 54 0.09322239561322375
32 55 0.5025091452794607
32 56 0.11264048384158608
32 57 0.060778650362473007
32 58 0.05789439879953638
32 59 0.6380350980290922
32 60 0.1965865168674945
32 61 0.15577784019942378
32 62 0.07201307959691353
32 63 0.06904144279384325
32 64 0.2862850349048218
32 65 0.34908707596201966
32 66 0.06835812195096366
32 67 0.11729341179659075
32 68 0.07108254364574398
32 69 0.06707546966030588
32 70 0.06726416079874929
32 71 0.09211893658022464
32 72 0.07281931397583448
32 73 0.40272534815970074
32 74 0.0
32 75 0.0
33 34 0.47366738595319197
33 35 0.12497052969469619
33 36 0.10803304036135176
33 37 0.18610759302476068
33 38 0.06485746180225335
33 39 0.14991631878066652
33 40 0.0550075561644918
33 41 0.2567228739144266
33 42 0.28737022099597276
33 43 0.03639103926494534
33 44 0.25489135114814643
33 45 0.0
33 46 0.15523164287882138
33 47 0.1834936321044809
33 48 0.0855658523516467
33 49 0.2945629051043956
33 50 0.23409851994831432
33 51 0.0
33 52 0.13790959945207076
33 53 0.0
33 54 0.06434991738218553
33 55 0.23632947203665866
33 56 0.07775391075733382
33 57 0.04195452287723747
33 58 0.039963570504006646
33 59 0.3059037075574346
33 60 0.1357005045371353
33 61 0.10753093267843736
33 62 0.04970946833124282
33 63 0.04765819533498967
33 64 0.1976179460171278
33 65 0.24096918288332606
33 66 0.047186509969090434
33 67 0.08096575194120638
33 68 0.04906713436004396
33 69 0.04630111576321367
33 70 0.046431366215261276
33 71 0.06358821739431215
33 72 0.05026599893027927
33 73 0.2779948177829546
33 74 0.0
33 75 0.0
34 35 0.15377849233121332
34 36 0.13293660600872736
34 37 0.2290087521966657
34 38 0.07980827733342853
34 39 0.3088041215587637
34 40 0.06768779066925161
34 41 0.4290485337780977
34 42 0.3536142435629268
34 43 0.04477983062247342
34 44 0.31364840801736127
34 45 0.0
34 46 0.19101533827471315
34 47 0.22579222610595173
34 48 0.10529032566171376
34 49 0.3624649711761497
34 50 0.28806245394467644
34 51 0.0
34 52 0.1697002511996316
34 53 0.0
34 54 0.07918373476407377
34 55 0.42683467437824424
34 56 0.0956775905353785
34 57 0.051625797620435225
34 58 0.04917589479129101
34 59 0.5419513373387157
34 60 0.1669819200357545
34 61 0.13231875344256536
34 62 0.06116839796742208
34 63 0.05864426952294668
34 64 0.24317244929941878
34 65 0.29651692869198876
34 66 0.05806385216695176
34 67 0.09962981908133933
34 68 0.0603779944226392
34 69 0.05697435861650312
34 70 0.05713463414858475
34 71 0.07824644918138458
34 72 0.061853218914129204
34 73 0.3420776406964965
34 74 0.0
34 75 0.0
35 36 0.0
35 37 0.0
35 38 0.0
35 39 0.0
35 40 0.0
35 41 0.0
35 42 0.0
35 43 0.08589318864503115
35 44 0.0
35 45 0.12430763848363026
35 46 0.0
35 47 0.0
35 48 0.0
35 49 0.0
35 50 0.0
35 51 0.08993982593004791
35 52 0.15072849595157603
35 53 0.0
35 54 0.0
35 55 0.0
35 56 0.0
35 57 0.0
35 58 0.08722101876025762
35 59 0.0
35 60 0.0
35 61 0.0
35 62 0.0
35 63 0.0
35 64 0.0
35 65 0.0
35 66 0.0
35 67 0.0
35 68 0.0
35 69 0.0
35 70 0.0
35 71 0.0
35 72 0.0
35 73 0.0
35 74 0.0
35 75 0.0
36 37 0.057324086218280945
36 38 0.0716796302998555
36 39 0.04617660055474928
36 40 0.31590310613344424
36 41 0.17496723132740355
36 42 0.15860569274056663
36 43 0.20899023953805884
36 44 0.1406799186857894
36 45 0.0
36 46 0.047813804560929714
36 47 0.08350500444179415
36 48 0.043789792818097
36 49 0.09073004005089219
36 50 0.07210605178964266
36 51 0.0
36 52 0.36674368446506034
36 53 0.0
36 54 0.05350374670702841
36 55 0.13043522567326804
36 56 0.18983552765417222
36 57 0.04636759758524391
36 58 0.04416722270019333
36 59 0.15872667935794868
36 60 0.14997444744881733
36 61 0.05503079948498742
36 62 0.05493826328340935
36 63 0.05267122282376567
36 64 0.1406059910868927
36 65 0.1714505765471937
36 66 0.05214992224082589
36 67 0.08948230480850927
36 68 0.05422836406279303
36 69 0.051171395983656276
36 70 0.05131534710338445
36 71 0.05287043115860463
36 72 0.055553333723740765
36 73 0.15343120974727234
36 74 0.0
36 75 0.0
37 38 0.08885095789618343
37 39 0.37375206971119135
37 40 0.07535715892868011
37 41 0.18690376228392216
37 42 0.49723168577031984
37 43 0.11263237350263712
37 44 0.3274017426295629
37 45 0.09825603467219343
37 46 0.2126583400323931
37 47 0.2513756247514232
37 48 0.1855729032501327
37 49 0.40353408153722753
37 50 0.32070138364193396
37 51 0.07109080956563717
37 52 0.29909460436633123
37 53 0.0
37 54 0.06632092166306593
37 55 0.3035594602602085
37 56 0.10651834436609801
37 57 0.12985167739866807
37 58 0.12368956453085263
37 59 0.3694016310861408
37 60 0.07200489216939442
37 61 0.1473111359349747
37 62 0.06809908613456514
37 63 0.06528896119968317
37 64 0.1639429938521289
37 65 0.1999069925793565
37 66 0.06464277962826215
37 67 0.1109183803506634
37 68 0.06721912587950168
37 69 0.14330463404090293
37 70 0.06360827651925043
37 71 0.14806275348025458
37 72 0.06886150075038358
37 73 0.26431463046334247
37 74 0.0
37 75 0.0
38 39 0.07157262265038067
38 40 0.09422868551078023
38 41 0.0651349223640442
38 42 0.09521867221485017
38 43 0.06233834100996677
38 44 0.08445696262910886
38 45 0.0
38 46 0.07411024956809
38 47 0.12943075281699554
38 48 0.06787312794045981
38 49 0.14062938461476984
38 50 0.11176264977388221
38 51 0.10761452706706028
38 52 0.1093935913752144
38 53 0.0
38 54 0.08292952333949657
38 55 0.0783065776773111
38 56 0.13319349767288047
38 57 0.07186866346383829
38 58 0.06845813519962846
38 59 0.09529130633575608
38 60 0.09003691800388773
38 61 0.08529641849702317
38 62 0.08515298960538803
38 63 0.0816391313004909
38 64 0.08441258031416578
38 65 0.3431554990034462
38 66 0.20405464144856425
38 67 0.13869542493394035
38 68 0.21218726528632684
38 69 0.20022581839428105
38 70 0.07953755647406775
38 71 0.20687388225584463
38 72 0.08610633402659654
38 73 0.09211217968292236
38 74 0.0
38 75 0.0
39 40 0.06070288523292176
39 41 0.25202814990472183
39 42 0.4005378969243554
39 43 0.04015886605470933
39 44 0.19522004995132913
39 45 0.0
39 46 0.1713038945779177
39 47 0.20249205140657386
39 48 0.09442510224644379
39 49 0.32506112740144755
39 50 0.2583364283104151
39 51 0.0
39 52 0.15218837504839375
39 53 0.0
39 54 0.053423873106268116
39 55 0.302993558310856
39 56 0.08580433399002795
39 57 0.04629837725572162
39 58 0.044101287222217116
39 59 0.36871298477300524
39 60 0.058002514528239964
39 61 0.11866438577727215
39 62 0.05485624815030118
39 63 0.052592592064570086
39 64 0.13206194185168285
39 65 0.16103222839502243
39 66 0.05207206971039372
39 67 0.0893487202592155
39 68 0.054147408709801524
39 69 0.05109500425588577
39 70 0.0512387404767522
39 71 0.1408956831316303
39 72 0.05547040037660434
39 73 0.2627878553363494
39 74 0.0
39 75 0.0
40 41 0.05524287877829799
40 42 0.08075780818768842
40 43 0.27473461391853843
40 44 0.07163047992022532
40 45 0.0
40 46 0.06285512263663053
40 47 0.1097740985717387
40 48 0.05756523295080391
40 49 0.11927199365526371
40 50 0.09478925113155844
40 51 0.0
40 52 0.4821143072579805
40 53 0.0
40 54 0.07033501290414979
40 55 0.06641415420737565
40 56 0.1129653951973114
40 57 0.06095396631473933
40 58 0.058061395131239965
40 59 0.08081941136138912
40 60 0.0763630072215457
40 61 0.07234244758776523
40 62 0.07222080124834657
40 63 0.06924059276208139
40 64 0.07159283794944662
40 65 0.08729808202480409
40 66 0.06855530088095797
40 67 0.11763174451804886
40 68 0.0712875811672165
40 69 0.06726894878113328
40 70 0.06745818419896465
40 71 0.06950246826919745
40 72 0.07302936120947519
40 73 0.07812309881614998
40 74 0.0
40 75 0.0
41 42 0.37690052157518755
41 43 0.03654672032180492
41 44 0.5084211245469457
41 45 0.0
41 46 0.155895724661303
41 47 0.18427861882511426
41 48 0.08593190351683083
41 49 0.29582304675752097
41 50 0.23509999464458448
41 51 0.0
41 52 0.13849957744191235
41 53 0.0
41 54 0.04861858764295003
41 55 0.42097541082444156
41 56 0.07808654239540103
41 57 0.042134004546172915
41 58 0.04013453486824614
41 59 0.5122851492501864
41 60 0.21977666729713094
41 61 0.10799095057247428
41 62 0.04992212569750799
41 63 0.04786207734461719
41 64 0.27674326864549165
41 65 0.3374521426722302
41 66 0.047388374106248486
41 67 0.08131212385270546
41 68 0.049277043818211054
41 69 0.046499192179314766
41 70 0.046629999843479444
41 71 0.048043096964413314
41 72 0.05048103713736632
41 73 0.3646042079602366
41 74 0.0
41 75 0.0
42 43 0.05342648853406384
42 44 0.37421162254814594
42 45 0.0
42 46 0.2278990035983436
42 47 0.2693910542188662
42 48 0.12562111777819593
42 49 0.4324543071590721
42 50 0.34368520780080325
42 51 0.0
42 52 0.2024681290418888
42 53 0.0
42 54 0.07107396757838993
42 55 0.34696051783798565
42 56 0.1141522337768706
42 57 0.061594361709037974
42 58 0.05867140055462139
42 59 0.4222163957663505
42 60 0.19922490800375955
42 61 0.15786853736094733
42 62 0.07297956841787225
42 63 0.06996804922446132
42 64 0.29012727144562855
42 65 0.35377217981186143
42 66 0.06927555752040668
42 67 0.11886760876064299
42 68 0.07203654372716622
42 69 0.06797569073056296
42 70 0.06816691429612848
42 71 0.07023267605161078
42 72 0.07379662328271966
42 73 0.4081303322138717
42 74 0.0
42 75 0.0
43 44 0.10706230281563081
43 45 0.0689369967495355
43 46 0.04158270963779161
43 47 0.07262263241530485
43 48 0.08603971952575339
43 49 0.0789061013970082
43 50 0.06270919125198292
43 51 0.04987771920878367
43 52 0.49868054437549203
43 53 0.0
43 54 0.04653113853379273
43 55 0.09926573571631721
43 56 0.0747338805583785
43 57 0.09110468067043846
43 58 0.08678130698498397
43 59 0.1207965143077441
43 60 0.05051904479956546
43 61 0.047859185796514415
43 62 0.047778708912557165
43 63 0.35228353429047704
43 64 0.04736327076804342
43 65 0.05775330067780362
43 66 0.04535374446955551
43 67 0.07782097100913597
43 68 0.04716132375707626
43 69 0.10054335211094026
43 70 0.04462793116250264
43 71 0.10388167596472503
43 72 0.048313623374226865
43 73 0.051683458687315866
43 74 0.0
43 75 0.0
44 45 0.09339692497282936
44 46 0.20214163023284223
44 47 0.2389442077856517
44 48 0.17639566444612206
44 49 0.38357788875819593
44 50 0.30484156180958594
44 51 0.06757511667767871
44 52 0.2843033144679288
44 53 0.0
44 54 0.06304111666382176
44 55 0.5872325771504989
44 56 0.10125063412319742
44 57 0.12343005100969752
44 58 0.11757267649718486
44 59 0.5015158670607535
44 60 0.3780462923403971
44 61 0.14002607734458822
44 62 0.06473134459015759
44 63 0.06206019030855982
44 64 0.2573367969979661
44 65 0.31378849415344967
44 66 0.06144596470963165
44 67 0.10543307270927749
44 68 0.0638949014933501
44 69 0.13621771119127735
44 70 0.06046262145159287
44 71 0.14074052473419607
44 72 0.06545605509683892
44 73 0.5679816573821934
44 74 0.0
44 75 0.0
45 46 0.0
45 47 0.0
45 48 0.07505765351477998
45 49 0.0
45 50 0.0
45 51 0.17373138281992465
45 52 0.12097315281212662
45 53 0.08983389307521546
45 54 0.0
45 55 0.08659550773006562
45 56 0.0
45 57 0.07947612559673284
45 58 0.16847962561065713
45 59 0.10537810870001706
45 60 0.0
45 61 0.0
45 62 0.0
45 63 0.0
45 64 0.0
45 65 0.0
45 66 0.0
45 67 0.0
45 68 0.0
45 69 0.08771004981831264
45 70 0.0
45 71 0.09062227171441613
45 72 0.0
45 73 0.0
45 74 0.0
45 75 0.11438560390269119
46 47 0.4111699017947896
46 48 0.09777297008046897
46 49 0.33658625860733143
46 50 0.3475824797647078
46 51 0.0
46 52 0.15758425552313546
46 53 0.0
46 54 0.05531803114355267
46 55 0.18742112878436318
46 56 0.08884655012695553
46 57 0.047939898888152054
46 58 0.04566491042640514
46 59 0.22807284811220482
46 60 0.06005900954981656
46 61 0.12287166404053762
46 62 0.05680119143665715
46 63 0.05445727680509006
46 64 0.46616511779551306
46 65 0.16674167010976937
46 66 0.05391829918843603
46 67 0.09251660358103005
46 68 0.05606721989986234
46 69 0.05290659161092199
46 70 0.053055424038824205
46 71 0.05466324019174817
46 72 0.057437118598170536
46 73 0.22046383845432024
46 74 0.0
46 75 0.0
47 48 0.07907052291476432
47 49 0.39786627238449207
47 50 0.3161969952379201
47 51 0.0
47 52 0.12744084052159943
47 53 0.0
47 54 0.09661085284412374
47 55 0.22154364288092238
47 56 0.15516714536981088
47 57 0.08372522342356058
47 58 0.07975204196795978
47 59 0.26959654944315325
47 60 0.10489079263366761
47 61 0.099368227426215
47 62 0.09920113629888955
47 63 0.09510757789002508
47 64 0.6521833372438021
47 65 0.29120803146725643
47 66 0.09416627383179292
47 67 0.16157675516343398
47 68 0.09791928272118276
47 69 0.09239936474497366
47 70 0.092659294961094
47 71 0.09546728516861687
47 72 0.10031175907686077
47 73 0.2606022181782755
47 74 0.0
47 75 0.0
48 49 0.18553105264801253
48 50 0.43641456487243635
48 51 0.05430617437661434
48 52 0.22847796837685205
48 53 0.0
48 54 0.05066246338532546
48 55 0.16355005401449765
48 56 0.08136922084299418
48 57 0.09919352274919807
48 58 0.21751106325174932
48 59 0.1990241274819572
48 60 0.1259951812395637
48 61 0.1125307797812553
48 62 0.05202080084764369
48 63 0.04987415016710991
48 64 0.05156847751216351
48 65 0.06288099911516236
48 66 0.049380532928665816
48 67 0.08473040244862166
48 68 0.05134860038533436
48 69 0.10947021834118885
48 70 0.0485902773868539
48 71 0.11310493941915908
48 72 0.05260320835329586
48 73 0.12152275077566249
48 74 0.0
48 75 0.0
49 50 0.5075920315835746
49 51 0.0
49 52 0.2990271522272291
49 53 0.19846979417259128
49 54 0.10496983511937967
49 55 0.35564470715396357
49 56 0.28022050804723686
49 57 0.09096931286057824
49 58 0.08665236305612199
49 59 0.43278418928935014
49 60 0.11396617340767866
49 61 0.2331575807842592
49 62 0.25051574793210496
49 63 0.24017815619917723
49 64 0.2594817533004696
49 65 0.316403987219499
49 66 0.10231374578462674
49 67 0.17555672938727873
49 68 0.10639147321092778
49 69 0.10039395985939947
49 70 0.10067637980628388
49 71 0.10372732346761436
49 72 0.1089909518532262
49 73 0.41834556100308284
49 74 0.0
49 75 0.2527118271927371
50 51 0.0
50 52 0.2376463992842017
50 53 0.0
50 54 0.08342287034396399
50 55 0.28264217296026445
50 56 0.13398586461827391
50 57 0.07229620951025424
50 58 0.2714429766031135
50 59 0.3439473756336066
50 60 0.20746878391146056
50 61 0.18529775348657812
50 62 0.08565956399110207
50 63 0.08212480177407529
50 64 0.2062184115807293
50 65 0.2514563233533399
50 66 0.0813119915763344
50 67 0.1395205227961863
50 68 0.08455269140210304
50 69 0.07978627657310264
50 70 0.08001072469750611
50 71 0.08243540677113663
50 72 0.08661857984988178
50 73 0.3324725379900102
50 74 0.0
50 75 0.0
51 52 0.08752723838096683
51 53 0.0
51 54 0.0
51 55 0.06265411350881589
51 56 0.0
51 57 0.05750305442980551
51 58 0.2599611649490507
51 59 0.07624381630067964
51 60 0.0
51 61 0.0
51 62 0.0
51 63 0.0
51 64 0.0
51 65 0.0
51 66 0.07829405920557266
51 67 0.0
51 68 0.08141447895064831
51 69 0.1402854856685773
51 70 0.0
51 71 0.14494336083699666
51 72 0.0
51 73 0.0
51 74 0.0
51 75 0.0
52 53 0.0
52 54 0.081654536718829
52 55 0.2635995764619978
52 56 0.1311457356617854
52 57 0.15987381197773473
52 58 0.1522869983627663
52 59 0.32077443218277446
52 60 0.08865265988689422
52 61 0.18136995470908135
52 62 0.08384381866017161
52 63 0.08038398360471878
52 64 0.08311479267253187
52 65 0.10134759559782693
52 66 0.07958840273027486
52 67 0.1365630744269363
52 68 0.08276040870210097
52 69 0.17643713640951705
52 70 0.07831471910250974
52 71 0.18229534870106126
52 72 0.08478250604088378
52 73 0.19586264173365545
52 74 0.0
52 75 0.0
53 54 0.0
53 55 0.0
53 56 0.09398777553026329
53 57 0.0
53 58 0.0
53 59 0.0
53 60 0.0
53 61 0.0
53 62 0.12017613791354943
53 63 0.11521704109011544
53 64 0.11090352268561006
53 65 0.0
53 66 0.0
53 67 0.0
53 68 0.0
53 69 0.0
53 70 0.0
53 71 0.0
53 72 0.06921796321115581
53 73 0.0
53 74 0.0
53 75 0.47279038640213417
54 55 0.05845029166604873
54 56 0.09941947430115776
54 57 0.05364484652133622
54 58 0.051099129703014244
54 59 0.0945456007612896
54 60 0.06720615654697658
54 61 0.06366771077348343
54 62 0.06356065130545308
54 63 0.060937805959807044
54 64 0.06300798842185047
54 65 0.07682998326386536
54 66 0.31150146351521213
54 67 0.5979254425947744
54 68 0.06273933562987669
54 69 0.1540182677462552
54 70 0.059369129799949134
54 71 0.17927044390817282
54 72 0.26827529109607845
54 73 0.06875519181350048
54 74 0.0
54 75 0.0
55 56 0.09387728849145831
55 57 0.11444154011967851
55 58 0.10901071549645096
55 59 0.7411114796377233
55 60 0.3505159365815228
55 61 0.1298289988308672
55 62 0.06001743261317484
55 63 0.05754079902692359
55 64 0.2385968338909502
55 65 0.29093756543885857
55 66 0.05697130300105913
55 67 0.09775515056257879
55 68 0.05924190156998018
55 69 0.12629796822398276
55 70 0.05605956946456874
55 71 0.130491418224948
55 72 0.06068936773632415
55 73 0.5266196934929475
55 74 0.0
55 75 0.0
56 57 0.3745153158262065
56 58 0.08207055267063301
56 59 0.11423931068055942
56 60 0.10794012427875248
56 61 0.10225700987125763
56 62 0.4102452456353495
56 63 0.39331637830960237
56 64 0.10119742669787743
56 65 0.12339699765510814
56 66 0.0969038277341442
56 67 0.16627403220995943
56 68 0.10076594218450227
56 69 0.09508555196720798
56 70 0.09535303874204645
56 71 0.09824266140923425
56 72 0.10322797139299328
56 73 0.11042803710953439
56 74 0.0
56 75 0.11967474741964433
57 58 0.10004848453792975
57 59 0.19298788120648094
57 60 0.058242426256323546
57 61 0.05517592643527486
57 62 0.05508314619768692
57 63 0.052810127110235444
57 64 0.05460419562386068
57 65 0.06658265945311759
57 66 0.05228745175599499
57 67 0.08971828709702921
57 68 0.05437137483438207
57 69 0.11591447926456797
57 70 0.051450675681158194
57 71 0.11976316804412022
57 72 0.05569983869871985
57 73 0.05958485642811741
57 74 0.0
57 75 0.0
58 59 0.13265518417952854
58 60 0.05547853123797114
58 61 0.05255755220175161
58 62 0.052469174851422225
58 63 0.05030402191131802
58 64 0.05201295288267176
58 65 0.06342297857098493
58 66 0.04980615012211867
58 67 0.08546070473479603
58 68 0.05179118060647756
58 69 0.11041375629701355
58 70 0.04900908326568806
58 71 0.11407980550557371
58 72 0.053056602202614746
58 73 0.05675725637028093
58 74 0.0
58 75 0.0
59 60 0.19937687952067765
59 61 0.1579889616660042
59 62 0.07303523824263274
59 63 0.07002142182070434
59 64 0.29034858454338675
59 65 0.35404204212650936
59 66 0.0693284018743944
59 67 0.11895828261762598
59 68 0.07209149419964202
59 69 0.15369204907932316
59 70 0.06821891296172211
59 71 0.18193528874241693
59 72 0.07385291636823833
59 73 0.4084416596794396
59 74 0.0
59 75 0.0
60 61 0.06912429040427386
60 62 0.06900805550798574
60 63 0.06616042173640299
60 64 0.17661544901092283
60 65 0.21535939063472087
60 66 0.06550561509684331
60 67 0.11239889083048017
60 68 0.06811634976605775
60 69 0.06427648643068153
60 70 0.06445730370205018
60 71 0.06641064769926795
60 72 0.0697806466412138
60 73 0.4123125781996724
60 74 0.0
60 75 0.0
61 62 0.06537473863799731
61 63 0.06267703454847383
61 64 0.06480630217882997
61 65 0.07902279118096434
61 66 0.06205670388411125
61 67 0.10648101960202466
61 68 0.06452998175575482
61 69 0.060892289603614695
61 70 0.061063586733637334
61 71 0.2283172216147375
61 72 0.23990314679278932
61 73 0.15271810393302074
61 74 0.0
61 75 0.0
62 63 0.4403367751492866
62 64 0.06469732812978705
62 65 0.078889911611661
62 66 0.06195235338014562
62 67 0.10630196806749592
62 68 0.06442147234910503
62 69 0.060789897102723506
62 70 0.06096090619066967
62 71 0.06280829373767179
62 72 0.06599549173640042
62 73 0.07059862275879093
62 74 0.0
62 75 0.15302042068270327
63 64 0.062027577545491396
63 65 0.07563450070508146
63 66 0.05939587482969703
63 67 0.10191539215217135
63 68 0.06176310501900157
63 69 0.05828138758616825
63 70 0.058445339943555955
63 71 0.06021649460543591
63 72 0.06327217212309764
63 73 0.06768535385249784
63 74 0.0
63 75 0.14670599674378443
64 65 0.31362359762698816
64 66 0.061413674723432406
64 67 0.10537766740351308
64 68 0.06386132458562033
64 69 0.060261326058584225
64 70 0.06043084821438409
64 71 0.06226217263887427
64 72 0.11476761069720098
64 73 0.28066191994376344
64 74 0.0
64 75 0.0
65 66 0.07488592667937785
65 67 0.12849425328089698
65 68 0.07787051486665103
65 69 0.07348078852385279
65 70 0.07368749857315252
65 71 0.075920558672489
65 72 0.07977313670420492
65 73 0.3422304243029249
65 74 0.0
65 75 0.0
66 67 0.1009067094125048
66 68 0.15437509009024208
66 69 0.1456726383239805
66 70 0.05786689144455999
66 71 0.15050938220759516
66 72 0.06264595122972673
66 73 0.0670154545692051
66 74 0.0
66 75 0.0
67 68 0.10492835922420572
67 69 0.25758774719114336
67 70 0.09929186077499758
67 71 0.26614038943786333
67 72 0.4486768282210292
67 73 0.11498957380894931
67 74 0.0
67 75 0.0
68 69 0.25306014716558184
68 70 0.16204065223114247
68 71 0.2614624602771737
68 72 0.17542312267854787
68 73 0.06968636408373037
68 74 0.0
68 75 0.0
69 70 0.25197108148860475
69 71 0.5500355503109037
69 72 0.2727806468982284
69 73 0.06575799570609701
69 74 0.0
69 75 0.0
70 71 0.2603372345373833
70 72 0.27354801075075486
70 73 0.0659429806362716
70 74 0.0
70 75 0.0
71 72 0.44881142533123597
71 73 0.06794134727568181
71 74 0.0
71 75 0.0
72 73 0.07138902135153558
72 74 0.0
72 75 0.0
73 74 0.0
73 75 0.0
74 75 0.0
