0 1 0.0
0 2 0.0
0 3 0.0
0 4 0.0
0 5 0.0
0 6 0.0
0 7 0.0
0 8 0.0
0 9 0.0
0 10 0.0
0 11 0.0
0 12 0.0
0 13 0.0
0 14 0.0
0 15 0.0
0 16 0.0
0 17 0.0
0 18 0.0
0 19 0.0
0 20 0.0
0 21 0.0
0 22 0.0
0 23 0.0
0 24 0.0
0 25 0.0
0 26 0.0
0 27 0.0
0 28 0.0
0 29 0.0
0 30 0.0
0 31 0.0
0 32 0.0
0 33 0.0
0 34 0.0
0 35 0.0
0 36 0.0
0 37 0.0
0 38 0.0
0 39 0.0
0 40 0.0
0 41 0.0
0 42 0.0
0 43 0.0
0 44 0.0
0 45 0.0
0 46 0.0
0 47 0.0
0 48 0.0
0 49 0.0
0 50 0.0
0 51 0.0
0 52 0.0
0 53 0.0
0 54 0.0
0 55 0.0
0 56 0.0
0 57 0.0
0 58 0.0
0 59 0.0
0 60 0.0
0 61 0.0
0 62 0.0
0 63 0.0
0 64 0.0
0 65 0.0
0 66 0.0
1 2 0.0
1 3 0.0
1 4 0.0
1 5 0.0
1 6 0.0
1 7 0.0
1 8 0.0
1 9 0.10034404481154725
1 10 0.18102278466008542
1 11 0.19628736413752942
1 12 0.07009552627221456
1 13 0.0
1 14 0.0569174990140503
1 15 0.20327810239364033
1 16 0.07294820413290634
1 17 0.0
1 18 0.0
1 19 0.0
1 20 0.0
1 21 0.0
1 22 0.0
1 23 0.0
1 24 0.0
1 25 0.0
1 26 0.090041200535729
1 27 0.0
1 28 0.0
1 29 0.0
1 30 0.0
1 31 0.0
1 32 0.0
1 33 0.0
1 34 0.0
1 35 0.35336936311306244
1 36 0.0
1 37 0.0
1 38 0.07330991684875707
1 39 0.0
1 40 0.0
1 41 0.0
1 42 0.09460489027424739
1 43 0.0
1 44 0.0
1 45 0.0
1 46 0.18102278466008542
1 47 0.0
1 48 0.0
1 49 0.10034404481154725
1 50 0.0
1 51 0.0
1 52 0.0
1 53 0.22930000619156854
1 54 0.14590590499846545
1 55 0.0
1 56 0.09590126670195698
1 57 0.0
1 58 0.18463561324533856
1 59 0.0
1 60 0.0
1 61 0.0
1 62 0.19684524551541968
1 63 0.0
1 64 0.08842579781485578
1 65 0.0
1 66 0.2296884657829729
2 3 0.0
2 4 0.0
2 5 0.0
2 6 0.0
2 7 0.0
2 8 0.0
2 9 0.0
2 10 0.0
2 11 0.1992259345018219
2 12 0.0
2 13 0.0
2 14 0.0
2 15 0.0
2 16 0.0
2 17 0.0
2 18 0.0
2 19 0.0
2 20 0.0
2 21 0.0
2 22 0.0
2 23 0.0
2 24 0.0
2 25 0.0
2 26 0.0
2 27 0.0
2 28 0.0
2 29 0.0
2 30 0.0
2 31 0.0
2 32 0.0
2 33 0.0
2 34 0.0
2 35 0.0
2 36 0.0
2 37 0.0
2 38 0.0
2 39 0.0
2 40 0.0
2 41 0.0
2 42 0.0
2 43 0.0
2 44 0.0
2 45 0.0
2 46 0.0
2 47 0.0
2 48 0.41151295376111763
2 49 0.0
2 50 0.0
2 51 0.0
2 52 0.0
2 53 0.0
2 54 0.0
2 55 0.0
2 56 0.0
2 57 0.0
2 58 0.0
2 59 0.0
2 60 0.13123615003732725
2 61 0.0
2 62 0.0
2 63 0.0
2 64 0.0
2 65 0.0
2 66 0.0
3 4 0.0
3 5 0.12018529972484701
3 6 0.08372167020560602
3 7 0.23591230729152707
3 8 0.25929141533114486
3 9 0.3590091883859635
3 10 0.21929541890164436
3 11 0.0
3 12 0.06496720706365319
3 13 0.0
3 14 0.0
3 15 0.0
3 16 0.0
3 17 0.25544900543660665
3 18 0.0
3 19 1.0
3 20 0.0
3 21 0.22126641434440172
3 22 0.1405355678556191
3 23 0.30899509078846815
3 24 0.09862269242009898
3 25 0.0
3 26 0.0834536186624427
3 27 0.3474243200149425
3 28 0.0
3 29 0.08372167020560602
3 30 0.0
3 31 0.08411387974361784
3 32 0.1285972475370811
3 33 0.1285972475370811
3 34 0.0
3 35 0.0
3 36 0.0
3 37 0.0
3 38 0.06794642684094264
3 39 0.0
3 40 0.0
3 41 0.0
3 42 0.0
3 43 0.0
3 44 0.0
3 45 0.0
3 46 0.21929541890164436
3 47 0.0
3 48 0.0
3 49 0.3590091883859635
3 50 0.0
3 51 0.0
3 52 0.0
3 53 0.2777796231913624
3 54 0.0
3 55 0.0
3 56 0.08888495147745794
3 57 0.0
3 58 0.09184862795537592
3 59 0.0
3 60 0.0
3 61 0.0
3 62 0.0
3 63 0.0
3 64 0.0
3 65 0.0
3 66 0.0
4 5 0.6123918297857026
4 6 0.0
4 7 0.0
4 8 0.0
4 9 0.0
4 10 0.0
4 11 0.0
4 12 0.0
4 13 0.0
4 14 0.0
4 15 0.0
4 16 0.0
4 17 0.0
4 18 0.0
4 19 0.0
4 20 0.0
4 21 0.0
4 22 0.0
4 23 0.0
4 24 0.7869604065589291
4 25 0.0
4 26 0.0
4 27 0.0
4 28 0.0
4 29 0.0
4 30 0.0
4 31 0.0
4 32 0.0
4 33 0.0
4 34 0.18035822025429113
4 35 0.0
4 36 0.0
4 37 0.0
4 38 0.0
4 39 0.0
4 40 0.0
4 41 0.0
4 42 0.0
4 43 0.9999999999999999
4 44 0.0
4 45 0.22743016576426478
4 46 0.0
4 47 0.0
4 48 0.0
4 49 0.0
4 50 0.5806577045106273
4 51 0.0
4 52 0.0
4 53 0.0
4 54 0.0
4 55 0.0
4 56 0.0
4 57 0.0
4 58 0.0
4 59 0.0
4 60 0.0
4 61 0.14262478309709792
4 62 0.0
4 63 0.0
4 64 0.0
4 65 0.0
4 66 0.2691831701715581
5 6 0.09961966255135596
5 7 0.0
5 8 0.0
5 9 0.11066306177580952
5 10 0.0
5 11 0.0
5 12 0.07730389549911099
5 13 0.0
5 14 0.0
5 15 0.0
5 16 0.0
5 17 0.0
5 18 0.0
5 19 0.12018529972484701
5 20 0.0
5 21 0.0
5 22 0.16722200849383573
5 23 0.09524642802062348
5 24 0.8205886464142155
5 25 0.0
5 26 0.09930071043046873
5 27 0.1070920751668856
5 28 0.0
5 29 0.09961966255135596
5 30 0.0
5 31 0.10008634915388319
5 32 0.15301670849633142
5 33 0.15301670849633142
5 34 0.2523966703152155
5 35 0.0
5 36 0.0
5 37 0.0
5 38 0.08084884232292656
5 39 0.0
5 40 0.0
5 41 0.0
5 42 0.0
5 43 0.6123918297857026
5 44 0.0
5 45 0.31827003220149713
5 46 0.0
5 47 0.0
5 48 0.0
5 49 0.11066306177580952
5 50 0.3958459050146238
5 51 0.0
5 52 0.0
5 53 0.0
5 54 0.0
5 55 0.0
5 56 0.10576340450844347
5 57 0.0
5 58 0.10928985650010249
5 59 0.0
5 60 0.0
5 61 0.19959179186500578
5 62 0.0
5 63 0.0
5 64 0.0
5 65 0.0
5 66 0.3766999683208441
6 7 0.0
6 8 0.0
6 9 0.07708843247175855
6 10 0.0
6 11 0.0
6 12 0.05385027336456509
6 13 0.0
6 14 0.0
6 15 0.0
6 16 0.0
6 17 0.0
6 18 0.0
6 19 0.08372167020560602
6 20 0.0
6 21 0.0
6 22 0.11648767260465212
6 23 0.06634912966278565
6 24 0.0817467640492581
6 25 0.0
6 26 0.06917336270638208
6 27 0.07460086565730267
6 28 0.0
6 29 1.0
6 30 0.0
6 31 0.06972064250060854
6 32 0.10659219084202785
6 33 0.10659219084202785
6 34 0.0
6 35 0.0
6 36 0.0
6 37 0.0
6 38 0.05631970073679256
6 39 0.0
6 40 0.0
6 41 0.0
6 42 0.0
6 43 0.0
6 44 0.0
6 45 0.0
6 46 0.0
6 47 0.0
6 48 0.0
6 49 0.07708843247175855
6 50 0.0
6 51 0.0
6 52 0.0
6 53 0.0
6 54 0.0
6 55 0.0
6 56 0.07367530714945995
6 57 0.0
6 58 0.07613185093075023
6 59 0.0
6 60 0.0
6 61 0.0
6 62 0.0
6 63 0.0
6 64 0.0
6 65 0.0
6 66 0.0
7 8 0.24868835528438232
7 9 0.0
7 10 0.21032789295550172
7 11 0.0
7 12 0.0
7 13 0.0
7 14 0.0
7 15 0.0
7 16 0.0
7 17 0.24500307092670012
7 18 0.0
7 19 0.23591230729152707
7 20 0.0
7 21 0.21221828957471237
7 22 0.16717365417736557
7 23 0.0
7 24 0.0
7 25 0.0
7 26 0.0
7 27 0.0
7 28 0.0
7 29 0.0
7 30 0.0
7 31 0.0
7 32 0.0
7 33 0.0
7 34 0.3164372165078249
7 35 0.0
7 36 0.0
7 37 0.0
7 38 0.0
7 39 0.0
7 40 0.0
7 41 0.0
7 42 0.0
7 43 0.0
7 44 0.0
7 45 0.0
7 46 0.21032789295550172
7 47 0.0
7 48 0.0
7 49 0.0
7 50 0.0
7 51 0.0
7 52 0.0
7 53 0.2664205351139434
7 54 0.0
7 55 0.0
7 56 0.0
7 57 0.0
7 58 0.0
7 59 0.0
7 60 0.0
7 61 0.0
7 62 0.0
7 63 0.0
7 64 0.0
7 65 0.0
7 66 0.0
8 9 0.0
8 10 0.23117156401957786
8 11 0.0
8 12 0.0
8 13 0.0
8 14 0.0
8 15 0.0
8 16 0.0
8 17 0.26928308128730916
8 18 0.0
8 19 0.25929141533114486
8 20 0.0
8 21 0.23324930053345388
8 22 0.0
8 23 0.0
8 24 0.0
8 25 0.0
8 26 0.0
8 27 0.0
8 28 0.0
8 29 0.0
8 30 0.0
8 31 0.0
8 32 0.0
8 33 0.0
8 34 0.0
8 35 0.0
8 36 0.0
8 37 0.0
8 38 0.0
8 39 0.0
8 40 0.0
8 41 0.0
8 42 0.0
8 43 0.0
8 44 0.0
8 45 0.0
8 46 0.23117156401957786
8 47 0.0
8 48 0.0
8 49 0.0
8 50 0.0
8 51 0.0
8 52 0.0
8 53 0.2928230341862137
8 54 0.0
8 55 0.0
8 56 0.0
8 57 0.0
8 58 0.0
8 59 0.0
8 60 0.0
8 61 0.0
8 62 0.0
8 63 0.0
8 64 0.0
8 65 0.0
8 66 0.0
9 10 0.0
9 11 0.0
9 12 0.12742757697296225
9 13 0.0
9 14 0.05489738511948963
9 15 0.0
9 16 0.07035912901005606
9 17 0.0
9 18 0.0
9 19 0.3590091883859635
9 20 0.0
9 21 0.0
9 22 0.12940098550246923
9 23 0.2845135211929485
9 24 0.09080885207066423
9 25 0.0
9 26 0.16368707993498088
9 27 0.3198980164483767
9 28 0.0
9 29 0.07708843247175855
9 30 0.0
9 31 0.07744956738953494
9 32 0.1184085339968826
9 33 0.1184085339968826
9 34 0.0
9 35 0.11903957680233337
9 36 0.0
9 37 0.0
9 38 0.3588135675563202
9 39 0.0
9 40 0.0
9 41 0.0
9 42 0.09124717680041364
9 43 0.0
9 44 0.0
9 45 0.0
9 46 0.0
9 47 0.0
9 48 0.0
9 49 0.9999999999999999
9 50 0.0
9 51 0.0
9 52 0.0
9 53 0.0
9 54 0.0
9 55 0.0
9 56 0.17434017111178068
9 57 0.0
9 58 0.08457149429022692
9 59 0.0
9 60 0.0
9 61 0.0
9 62 0.0
9 63 0.0
9 64 0.08528739247558907
9 65 0.0
9 66 0.0
10 11 0.1833129451312177
10 12 0.0
10 13 0.0
10 14 0.0
10 15 0.18984160184837293
10 16 0.0
10 17 0.22774585899270575
10 18 0.0
10 19 0.21929541890164436
10 20 0.0
10 21 0.19727033000176364
10 22 0.0
10 23 0.0
10 24 0.0
10 25 0.0
10 26 0.0
10 27 0.0
10 28 0.0
10 29 0.0
10 30 0.0
10 31 0.0
10 32 0.0
10 33 0.0
10 34 0.0
10 35 0.21474992081479977
10 36 0.0
10 37 0.0
10 38 0.0
10 39 0.0
10 40 0.0
10 41 0.0
10 42 0.0
10 43 0.0
10 44 0.0
10 45 0.0
10 46 1.0
10 47 0.0
10 48 0.0
10 49 0.0
10 50 0.0
10 51 0.0
10 52 0.0
10 53 0.4617982284256305
10 54 0.1362616553277692
10 55 0.0
10 56 0.0
10 57 0.0
10 58 0.17243136453957933
10 59 0.0
10 60 0.0
10 61 0.0
10 62 0.18383395104957767
10 63 0.0
10 64 0.0
10 65 0.0
10 66 0.21450626386651547
11 12 0.0
11 13 0.0
11 14 0.0
11 15 0.20584981995738713
11 16 0.3738958304291576
11 17 0.0
11 18 0.0
11 19 0.0
11 20 0.0
11 21 0.0
11 22 0.0
11 23 0.0
11 24 0.0
11 25 0.0
11 26 0.0
11 27 0.0
11 28 0.0
11 29 0.0
11 30 0.0
11 31 0.0
11 32 0.0
11 33 0.0
11 34 0.0
11 35 0.2328585099639927
11 36 0.0
11 37 0.04268190039553305
11 38 0.0
11 39 0.0
11 40 0.0
11 41 0.0
11 42 0.0
11 43 0.0
11 44 0.0
11 45 0.0
11 46 0.1833129451312177
11 47 0.0
11 48 0.3084015795896004
11 49 0.0
11 50 0.2854993775937755
11 51 0.0
11 52 0.0
11 53 0.2322009327859549
11 54 0.3484447796226286
11 55 0.0
11 56 0.0
11 57 0.0
11 58 0.186971480433614
11 59 0.0
11 60 0.09835276289811343
11 61 0.0
11 62 0.4700954234450212
11 63 0.0
11 64 0.13653720431073912
11 65 0.0
11 66 0.5485298682219162
12 13 0.0
12 14 0.03834867438467304
12 15 0.0
12 16 0.25246662995465513
12 17 0.0
12 18 0.0
12 19 0.06496720706365319
12 20 0.0
12 21 0.0
12 22 0.09039330830218828
12 23 0.05148628347606396
12 24 0.06343469897016143
12 25 0.0
12 26 0.32314290953851976
12 27 0.05788955086996374
12 28 0.0
12 29 0.05385027336456509
12 30 0.0
12 31 0.05410254485874644
12 32 0.0827145100760157
12 33 0.0827145100760157
12 34 0.0
12 35 0.0831553262463369
12 36 0.0
12 37 0.0
12 38 0.09309675616197048
12 39 0.0
12 40 0.0
12 41 0.0
12 42 0.06374089155655373
12 43 0.0
12 44 0.0
12 45 0.0
12 46 0.0
12 47 0.0
12 48 0.0
12 49 0.12742757697296225
12 50 0.0
12 51 0.0
12 52 0.0
12 53 0.0
12 54 0.0
12 55 0.0
12 56 0.12178566318927095
12 57 0.0
12 58 0.05907758064800334
12 59 0.0
12 60 0.0
12 61 0.0
12 62 0.0
12 63 0.0
12 64 0.24564167593338812
12 65 0.0
12 66 0.0
13 14 0.0
13 15 0.0
13 16 0.0
13 17 0.0
13 18 0.0
13 19 0.0
13 20 0.0
13 21 0.1724690789134182
13 22 0.0
13 23 0.0
13 24 0.0
13 25 0.382956394101115
13 26 0.0
13 27 0.0
13 28 0.0
13 29 0.0
13 30 0.20191270693126787
13 31 0.0
13 32 0.0
13 33 0.0
13 34 0.0
13 35 0.0
13 36 0.0
13 37 0.0
13 38 0.0
13 39 0.0
13 40 0.17289993461565734
13 41 0.2435644385079376
13 42 0.0
13 43 0.0
13 44 0.0
13 45 0.3963309018405977
13 46 0.0
13 47 0.0
13 48 0.0
13 49 0.0
13 50 0.0
13 51 0.0
13 52 0.0
13 53 0.0
13 54 0.0
13 55 0.2392729460692677
13 56 0.0
13 57 0.0
13 58 0.06662241678724581
13 59 0.0
13 60 0.2441867031688186
13 61 0.0
13 62 0.0
13 63 0.3049686437178606
13 64 0.0
13 65 0.0
13 66 0.0
14 15 0.0
14 16 0.03990935051083829
14 17 0.0
14 18 0.0
14 19 0.0
14 20 0.0
14 21 0.0
14 22 0.0
14 23 0.0
14 24 0.0
14 25 0.0
14 26 0.04926078544785036
14 27 0.0
14 28 0.0
14 29 0.0
14 30 0.0
14 31 0.0
14 32 0.0
14 33 0.0
14 34 0.0
14 35 0.0675220438642322
14 36 0.0
14 37 0.0
14 38 0.040107240503233624
14 39 0.0
14 40 0.0
14 41 0.0
14 42 0.051757541818513185
14 43 0.0
14 44 0.0
14 45 0.0
14 46 0.0
14 47 0.0
14 48 0.0
14 49 0.05489738511948963
14 50 0.0
14 51 0.0
14 52 0.0
14 53 0.0
14 54 0.0
14 55 0.0
14 56 0.05246677848667281
14 57 0.0
14 58 0.0
14 59 0.0
14 60 0.0
14 61 0.0
14 62 0.0
14 63 0.0
14 64 0.048377012171046556
14 65 0.0
14 66 0.0
15 16 0.0
15 17 0.0
15 18 0.12496196085194054
15 19 0.0
15 20 0.0
15 21 0.0
15 22 0.0
15 23 0.0
15 24 0.0
15 25 0.0
15 26 0.0
15 27 0.0
15 28 0.0
15 29 0.0
15 30 0.0
15 31 0.0
15 32 0.0
15 33 0.0
15 34 0.0
15 35 0.4693510207800281
15 36 0.0
15 37 0.0
15 38 0.0
15 39 0.0
15 40 0.0
15 41 0.0
15 42 0.0
15 43 0.0
15 44 0.0
15 45 0.0
15 46 0.18984160184837293
15 47 0.0
15 48 0.0
15 49 0.0
15 50 0.0
15 51 0.0
15 52 0.0
15 53 0.2404707261629452
15 54 0.15301394670321125
15 55 0.0
15 56 0.0
15 57 0.0
15 58 0.1936304352105153
15 59 0.0
15 60 0.0
15 61 0.0
15 62 0.20643487942721542
15 63 0.0
15 64 0.0
15 65 0.0
15 66 0.24087811019045333
16 17 0.0
16 18 0.0
16 19 0.0
16 20 0.0
16 21 0.0
16 22 0.0
16 23 0.0
16 24 0.0
16 25 0.0
16 26 0.06313499178363448
16 27 0.0
16 28 0.0
16 29 0.0
16 30 0.0
16 31 0.0
16 32 0.16233237186989932
16 33 0.16233237186989932
16 34 0.0
16 35 0.08653949882905361
16 36 0.0
16 37 0.0
16 38 0.051403368351009636
16 39 0.0
16 40 0.0
16 41 0.04505148442422416
16 42 0.06633495482755329
16 43 0.0
16 44 0.0
16 45 0.0
16 46 0.0
16 47 0.0
16 48 0.0
16 49 0.07035912901005606
16 50 0.3953703701291429
16 51 0.0
16 52 0.0
16 53 0.0
16 54 0.2779272611541914
16 55 0.04425769816403859
16 56 0.0672439466515735
16 57 0.0
16 58 0.0
16 59 0.0636282645769606
16 60 0.0
16 61 0.0
16 62 0.37495850464654173
16 63 0.0
16 64 0.4642778429478548
16 65 0.0
16 66 0.43751955216919614
17 18 0.0
17 19 0.25544900543660665
17 20 0.0
17 21 0.22979280576628522
17 22 0.0
17 23 0.0
17 24 0.0
17 25 0.0
17 26 0.0
17 27 0.0
17 28 0.0
17 29 0.0
17 30 0.0
17 31 0.0
17 32 0.0
17 33 0.0
17 34 0.0
17 35 0.0
17 36 0.0
17 37 0.0
17 38 0.0
17 39 0.0
17 40 0.0
17 41 0.0
17 42 0.0
17 43 0.0
17 44 0.0
17 45 0.0
17 46 0.22774585899270575
17 47 0.0
17 48 0.0
17 49 0.0
17 50 0.0
17 51 0.0
17 52 0.0
17 53 0.28848372305835057
17 54 0.0
17 55 0.0
17 56 0.0
17 57 0.0
17 58 0.0
17 59 0.0
17 60 0.0
17 61 0.0
17 62 0.0
17 63 0.0
17 64 0.0
17 65 0.0
17 66 0.0
18 19 0.0
18 20 0.0
18 21 0.0
18 22 0.0
18 23 0.0
18 24 0.0
18 25 0.0
18 26 0.0
18 27 0.0
18 28 0.0
18 29 0.0
18 30 0.0
18 31 0.0
18 32 0.0
18 33 0.0
18 34 0.0
18 35 0.14135769471251092
18 36 0.0
18 37 0.0
18 38 0.0
18 39 0.0
18 40 0.0
18 41 0.0
18 42 0.0
18 43 0.0
18 44 0.0
18 45 0.0
18 46 0.0
18 47 0.0
18 48 0.0
18 49 0.0
18 50 0.0
18 51 0.0
18 52 0.0
18 53 0.0
18 54 0.0
18 55 0.0
18 56 0.0
18 57 0.0
18 58 0.0
18 59 0.0
18 60 0.0
18 61 0.0
18 62 0.0
18 63 0.0
18 64 0.0
18 65 0.0
18 66 0.0
19 20 0.0
19 21 0.22126641434440172
19 22 0.1405355678556191
19 23 0.30899509078846815
19 24 0.09862269242009898
19 25 0.0
19 26 0.0834536186624427
19 27 0.3474243200149425
19 28 0.0
19 29 0.08372167020560602
19 30 0.0
19 31 0.08411387974361784
19 32 0.1285972475370811
19 33 0.1285972475370811
19 34 0.0
19 35 0.0
19 36 0.0
19 37 0.0
19 38 0.06794642684094264
19 39 0.0
19 40 0.0
19 41 0.0
19 42 0.0
19 43 0.0
19 44 0.0
19 45 0.0
19 46 0.21929541890164436
19 47 0.0
19 48 0.0
19 49 0.3590091883859635
19 50 0.0
19 51 0.0
19 52 0.0
19 53 0.2777796231913624
19 54 0.0
19 55 0.0
19 56 0.08888495147745794
19 57 0.0
19 58 0.09184862795537592
19 59 0.0
19 60 0.0
19 61 0.0
19 62 0.0
19 63 0.0
19 64 0.0
19 65 0.0
19 66 0.0
20 21 0.0
20 22 0.0
20 23 0.0
20 24 0.0
20 25 0.0
20 26 0.0
20 27 0.0
20 28 0.0
20 29 0.0
20 30 0.0
20 31 0.0
20 32 0.0
20 33 0.0
20 34 0.0
20 35 0.0
20 36 0.0
20 37 0.0
20 38 0.0
20 39 0.0
20 40 0.0
20 41 0.0
20 42 0.0
20 43 0.0
20 44 0.0
20 45 0.0
20 46 0.0
20 47 0.10970255549825406
20 48 0.0
20 49 0.0
20 50 0.0
20 51 0.0
20 52 0.0
20 53 0.0
20 54 0.0
20 55 0.0
20 56 0.0
20 57 0.0
20 58 0.0
20 59 0.0
20 60 0.0
20 61 0.0
20 62 0.0
20 63 0.0
20 64 0.0
20 65 0.0
20 66 0.0
21 22 0.0
21 23 0.0
21 24 0.0
21 25 0.23249422348405244
21 26 0.0
21 27 0.0
21 28 0.0
21 29 0.0
21 30 0.26512642348372634
21 31 0.0
21 32 0.0
21 33 0.0
21 34 0.0
21 35 0.0
21 36 0.0
21 37 0.0
21 38 0.0
21 39 0.0
21 40 0.22703049244356696
21 41 0.31981824943495646
21 42 0.0
21 43 0.0
21 44 0.0
21 45 0.24061393590893881
21 46 0.19727033000176364
21 47 0.0
21 48 0.0
21 49 0.0
21 50 0.0
21 51 0.0
21 52 0.0
21 53 0.24988063229584742
21 54 0.0
21 55 0.31418320021510066
21 56 0.0
21 57 0.0
21 58 0.0
21 59 0.0
21 60 0.3206353292835063
21 61 0.0
21 62 0.0
21 63 0.18514757580845473
21 64 0.0
21 65 0.0
21 66 0.0
22 23 0.1113739440575723
22 24 0.1372204816006231
22 25 0.0
22 26 0.11611471420183361
22 27 0.12522534478734954
22 28 0.0
22 29 0.11648767260465212
22 30 0.0
22 31 0.11703338049777155
22 32 0.17892612548424583
22 33 0.17892612548424583
22 34 0.0
22 35 0.0
22 36 0.0
22 37 0.0
22 38 0.09453850006893064
22 39 0.0
22 40 0.0
22 41 0.0
22 42 0.061281257937798504
22 43 0.0
22 44 0.0
22 45 0.0
22 46 0.0
22 47 0.1185197362599885
22 48 0.0
22 49 0.12940098550246923
22 50 0.0
22 51 0.0
22 52 0.0
22 53 0.0
22 54 0.0
22 55 0.0
22 56 0.12367169816080906
22 57 0.0
22 58 0.12779526347452042
22 59 0.048801278590736685
22 60 0.0
22 61 0.0
22 62 0.0
22 63 0.0
22 64 0.0
22 65 0.1416986170337769
22 66 0.0
23 24 0.07815813744523242
23 25 0.0
23 26 0.06613669975604854
23 27 0.5051396482246724
23 28 0.0
23 29 0.06634912966278565
23 30 0.0
23 31 0.06665995434447941
23 32 0.10191286712461943
23 33 0.10191286712461943
23 34 0.0
23 35 0.0
23 36 0.0
23 37 0.0
23 38 0.053847304688515556
23 39 0.0
23 40 0.0
23 41 0.0
23 42 0.0
23 43 0.0
23 44 0.19343805184271906
23 45 0.0
23 46 0.0
23 47 0.0
23 48 0.0
23 49 0.2845135211929485
23 50 0.0
23 51 0.0
23 52 0.0
23 53 0.0
23 54 0.0
23 55 0.0
23 56 0.29739693431487113
23 57 0.0
23 58 0.07278971514297543
23 59 0.0
23 60 0.0
23 61 0.0
23 62 0.0
23 63 0.0
23 64 0.0
23 65 0.0
23 66 0.0
24 25 0.0
24 26 0.0814850355601083
24 27 0.08787854100288407
24 28 0.0
24 29 0.0817467640492581
24 30 0.0
24 31 0.08212972177672558
24 32 0.12556377370376315
24 33 0.12556377370376315
24 34 0.20711384205341768
24 35 0.0
24 36 0.0
24 37 0.0
24 38 0.06634364208592665
24 39 0.0
24 40 0.0
24 41 0.0
24 42 0.0
24 43 0.7869604065589291
24 44 0.0
24 45 0.26116877491843526
24 46 0.0
24 47 0.0
24 48 0.0
24 49 0.09080885207066423
24 50 0.6667966002855521
24 51 0.0
24 52 0.0
24 53 0.0
24 54 0.0
24 55 0.0
24 56 0.08678824894574276
24 57 0.0
24 58 0.08968201541222295
24 59 0.0
24 60 0.0
24 61 0.16378275832189293
24 62 0.0
24 63 0.0
24 64 0.0
24 65 0.0
24 66 0.30911571710867936
25 26 0.0
25 27 0.0
25 28 0.0
25 29 0.0
25 30 0.27218524216224566
25 31 0.0
25 32 0.0
25 33 0.0
25 34 0.0
25 35 0.0
25 36 0.0
25 37 0.0
25 38 0.0
25 39 0.0
25 40 0.23307503172258928
25 41 0.3283332024267369
25 42 0.0
25 43 0.0
25 44 0.0
25 45 0.5342676255169302
25 46 0.0
25 47 0.0
25 48 0.0
25 49 0.0
25 50 0.0
25 51 0.0
25 52 0.0
25 53 0.0
25 54 0.0
25 55 0.322548123684494
25 56 0.0
25 57 0.0
25 58 0.0
25 59 0.0
25 60 0.3291720364951077
25 61 0.0
25 62 0.0
25 63 0.4721073122322526
25 64 0.0
25 65 0.0
25 66 0.0
26 27 0.0743620161800807
26 28 0.0
26 29 0.06917336270638208
26 30 0.0
26 31 0.06949741802638663
26 32 0.10625091478800032
26 33 0.10625091478800032
26 34 0.0
26 35 0.1068171651509285
26 36 0.0
26 37 0.0
26 38 0.1195874278517064
26 39 0.0
26 40 0.0
26 41 0.0
26 42 0.08187835521316053
26 43 0.0
26 44 0.0
26 45 0.0
26 46 0.0
26 47 0.0
26 48 0.0
26 49 0.16368707993498088
26 50 0.0
26 51 0.0
26 52 0.0
26 53 0.0
26 54 0.0
26 55 0.0
26 56 0.15643976020690273
26 57 0.0
26 58 0.07588809970032505
26 59 0.0
26 60 0.0
26 61 0.0
26 62 0.0
26 63 0.0
26 64 0.07653049290056349
26 65 0.0
26 66 0.0
27 28 0.0
27 29 0.07460086565730267
27 30 0.0
27 31 0.07495034711154118
27 32 0.11458760872606555
27 33 0.11458760872606555
27 34 0.0
27 35 0.0
27 36 0.0
27 37 0.0
27 38 0.06054420854489228
27 39 0.0
27 40 0.0
27 41 0.0
27 42 0.0
27 43 0.0
27 44 0.2174956354645748
27 45 0.0
27 46 0.0
27 47 0.0
27 48 0.0
27 49 0.3198980164483767
27 50 0.0
27 51 0.0
27 52 0.0
27 53 0.0
27 54 0.0
27 55 0.0
27 56 0.3343837192209808
27 57 0.4851356369772164
27 58 0.08184245653579618
27 59 0.0
27 60 0.0
27 61 0.0
27 62 0.0
27 63 0.0
27 64 0.0
27 65 0.0
27 66 0.0
28 29 0.0
28 30 0.0
28 31 0.0
28 32 0.0
28 33 0.0
28 34 0.0
28 35 0.0
28 36 0.0
28 37 0.0
28 38 0.0
28 39 0.0
28 40 0.0
28 41 0.0
28 42 0.0
28 43 0.0
28 44 0.0
28 45 0.0
28 46 0.0
28 47 0.0
28 48 0.0
28 49 0.0
28 50 0.0
28 51 0.0
28 52 1.0
28 53 0.0
28 54 0.0
28 55 0.0
28 56 0.0
28 57 0.0
28 58 0.0
28 59 0.0
28 60 0.0
28 61 0.0
28 62 0.0
28 63 0.0
28 64 0.0
28 65 0.0
28 66 0.0
29 30 0.0
29 31 0.06972064250060854
29 32 0.10659219084202785
29 33 0.10659219084202785
29 34 0.0
29 35 0.0
29 36 0.0
29 37 0.0
29 38 0.05631970073679256
29 39 0.0
29 40 0.0
29 41 0.0
29 42 0.0
29 43 0.0
29 44 0.0
29 45 0.0
29 46 0.0
29 47 0.0
29 48 0.0
29 49 0.07708843247175855
29 50 0.0
29 51 0.0
29 52 0.0
29 53 0.0
29 54 0.0
29 55 0.0
29 56 0.07367530714945995
29 57 0.0
29 58 0.07613185093075023
29 59 0.0
29 60 0.0
29 61 0.0
29 62 0.0
29 63 0.0
29 64 0.0
29 65 0.0
29 66 0.0
30 31 0.0
30 32 0.0
30 33 0.0
30 34 0.0
30 35 0.0
30 36 0.0
30 37 0.0
30 38 0.0
30 39 0.0
30 40 0.2657887522448696
30 41 0.37441707740463553
30 42 0.0
30 43 0.0
30 44 0.0
30 45 0.28169113809177215
30 46 0.0
30 47 0.0
30 48 0.0
30 49 0.0
30 50 0.0
30 51 0.0
30 52 0.0
30 53 0.0
30 54 0.0
30 55 0.36782002215948517
30 56 0.0
30 57 0.0
30 58 0.0
30 59 0.0
30 60 0.3753736477361934
30 61 0.0
30 62 0.0
30 63 0.21675565526742516
30 64 0.0
30 65 0.0
30 66 0.0
31 32 0.1070915415337084
31 33 0.1070915415337084
31 34 0.0
31 35 0.0
31 36 0.0
31 37 0.0
31 38 0.05658354071696369
31 39 0.0
31 40 0.0
31 41 0.0
31 42 0.0
31 43 0.0
31 44 0.2718866887850866
31 45 0.0
31 46 0.0
31 47 0.0
31 48 0.0
31 49 0.07744956738953494
31 50 0.0
31 51 0.0
31 52 0.0
31 53 0.0
31 54 0.0
31 55 0.0
31 56 0.07402045265490681
31 57 0.0
31 58 0.07648850456663928
31 59 0.0
31 60 0.0
31 61 0.0
31 62 0.0
31 63 0.0
31 64 0.0
31 65 0.0
31 66 0.0
32 33 1.0000000000000002
32 34 0.0
32 35 0.0
32 36 0.0
32 37 0.0
32 38 0.08650757299845026
32 39 0.0
32 40 0.0
32 41 0.08568844814462466
32 42 0.0
32 43 0.0
32 44 0.0
32 45 0.0
32 46 0.0
32 47 0.0
32 48 0.0
32 49 0.1184085339968826
32 50 0.0
32 51 0.0
32 52 0.0
32 53 0.0
32 54 0.0
32 55 0.0841786574315521
32 56 0.11316594243284903
32 57 0.0
32 58 0.11693921604232736
32 59 0.12102170038161268
32 60 0.0
32 61 0.0
32 62 0.0
32 63 0.0
32 64 0.09838740832893624
32 65 0.0
32 66 0.0
33 34 0.0
33 35 0.0
33 36 0.0
33 37 0.0
33 38 0.08650757299845026
33 39 0.0
33 40 0.0
33 41 0.08568844814462466
33 42 0.0
33 43 0.0
33 44 0.0
33 45 0.0
33 46 0.0
33 47 0.0
33 48 0.0
33 49 0.1184085339968826
33 50 0.0
33 51 0.0
33 52 0.0
33 53 0.0
33 54 0.0
33 55 0.0841786574315521
33 56 0.11316594243284903
33 57 0.0
33 58 0.11693921604232736
33 59 0.12102170038161268
33 60 0.0
33 61 0.0
33 62 0.0
33 63 0.0
33 64 0.09838740832893624
33 65 0.0
33 66 0.0
34 35 0.0
34 36 0.0
34 37 0.0
34 38 0.0
34 39 0.0
34 40 0.0
34 41 0.0
34 42 0.0
34 43 0.18035822025429113
34 44 0.0
34 45 0.20273504211501578
34 46 0.0
34 47 0.0
34 48 0.0
34 49 0.0
34 50 0.0
34 51 0.0
34 52 0.0
34 53 0.0
34 54 0.0
34 55 0.0
34 56 0.0
34 57 0.0
34 58 0.0
34 59 0.0
34 60 0.0
34 61 0.12713810989262556
34 62 0.0
34 63 0.0
34 64 0.0
34 65 0.0
34 66 0.2399543664667157
35 36 0.0
35 37 0.0
35 38 0.08696860380184755
35 39 0.0
35 40 0.0
35 41 0.0
35 42 0.11223113561774252
35 43 0.0
35 44 0.0
35 45 0.0
35 46 0.21474992081479977
35 47 0.0
35 48 0.0
35 49 0.11903957680233337
35 50 0.0
35 51 0.0
35 52 0.0
35 53 0.2720218798143927
35 54 0.17309026376800057
35 55 0.0
35 56 0.11376904553178768
35 57 0.0
35 58 0.21903587108375303
35 59 0.0
35 60 0.0
35 61 0.0
35 62 0.23352033262875257
35 63 0.0
35 64 0.10490078977838665
35 65 0.0
35 66 0.27248271498854204
36 37 0.0
36 38 0.0
36 39 0.0
36 40 0.0
36 41 0.0
36 42 0.0
36 43 0.0
36 44 0.0
36 45 0.0
36 46 0.0
36 47 0.0
36 48 0.0
36 49 0.0
36 50 0.0
36 51 0.0
36 52 0.0
36 53 0.0
36 54 0.0
36 55 0.0
36 56 0.0
36 57 0.0
36 58 0.0
36 59 0.0
36 60 0.0
36 61 0.0
36 62 0.0
36 63 0.0
36 64 0.0
36 65 0.0
36 66 0.0
37 38 0.0
37 39 0.0
37 40 0.0
37 41 0.0
37 42 0.0
37 43 0.0
37 44 0.0
37 45 0.0
37 46 0.0
37 47 0.0
37 48 0.0
37 49 0.0
37 50 0.0
37 51 0.0
37 52 0.0
37 53 0.0
37 54 0.0
37 55 0.0
37 56 0.0
37 57 0.0
37 58 0.0
37 59 0.0
37 60 0.0
37 61 0.0
37 62 0.0
37 63 0.0
37 64 0.017912124215603682
37 65 0.0
37 66 0.0
38 39 0.0
38 40 0.0
38 41 0.0
38 42 0.06666387583324102
38 43 0.0
38 44 0.0
38 45 0.0
38 46 0.0
38 47 0.0
38 48 0.0
38 49 0.3588135675563202
38 50 0.0
38 51 0.0
38 52 0.0
38 53 0.0
38 54 0.0
38 55 0.0
38 56 0.12737042314375532
38 57 0.0
38 58 0.061786718143917216
38 59 0.0
38 60 0.0
38 61 0.0
38 62 0.0
38 63 0.0
38 64 0.06230974306821283
38 65 0.0
38 66 0.0
39 40 0.0
39 41 0.0
39 42 0.0
39 43 0.0
39 44 0.0
39 45 0.0
39 46 0.0
39 47 0.0
39 48 0.0
39 49 0.0
39 50 0.0
39 51 0.0
39 52 0.0
39 53 0.0
39 54 0.0
39 55 0.0
39 56 0.0
39 57 0.0
39 58 0.0
39 59 0.0
39 60 0.0
39 61 0.0
39 62 0.0
39 63 0.0
39 64 0.0
39 65 0.0
39 66 0.0
40 41 0.3206172072383919
40 42 0.0
40 43 0.0
40 44 0.0
40 45 0.2412150285046534
40 46 0.0
40 47 0.0
40 48 0.0
40 49 0.0
40 50 0.0
40 51 0.0
40 52 0.0
40 53 0.0
40 54 0.14997471156612338
40 55 0.3149680807526049
40 56 0.0
40 57 0.0
40 58 0.0
40 59 0.0
40 60 0.32143632828478513
40 61 0.0
40 62 0.0
40 63 0.18561010445008372
40 64 0.0
40 65 0.0
40 66 0.0
41 42 0.0
41 43 0.0
41 44 0.0
41 45 0.33980003004634857
41 46 0.0
41 47 0.0
41 48 0.0
41 49 0.0
41 50 0.0
41 51 0.0
41 52 0.0
41 53 0.0
41 54 0.0
41 55 0.7624105425413642
41 56 0.0
41 57 0.0
41 58 0.0
41 59 0.0
41 60 0.4528079145244918
41 61 0.0
41 62 0.0
41 63 0.2614692768524065
41 64 0.027305082423259748
41 65 0.0
41 66 0.0
42 43 0.0
42 44 0.0
42 45 0.0
42 46 0.0
42 47 0.0
42 48 0.0
42 49 0.09124717680041364
42 50 0.0
42 51 0.0
42 52 0.0
42 53 0.0
42 54 0.0
42 55 0.0
42 56 0.08720716664921692
42 57 0.0
42 58 0.0
42 59 0.03044825655318709
42 60 0.0
42 61 0.0
42 62 0.0
42 63 0.0
42 64 0.08040939970162801
42 65 0.0
42 66 0.0
43 44 0.0
43 45 0.22743016576426478
43 46 0.0
43 47 0.0
43 48 0.0
43 49 0.0
43 50 0.5806577045106273
43 51 0.0
43 52 0.0
43 53 0.0
43 54 0.0
43 55 0.0
43 56 0.0
43 57 0.0
43 58 0.0
43 59 0.0
43 60 0.0
43 61 0.14262478309709792
43 62 0.0
43 63 0.0
43 64 0.0
43 65 0.0
43 66 0.2691831701715581
44 45 0.0
44 46 0.0
44 47 0.0
44 48 0.0
44 49 0.0
44 50 0.0
44 51 0.0
44 52 0.0
44 53 0.0
44 54 0.0
44 55 0.0
44 56 0.21479720919231626
44 57 0.0
44 58 0.0
44 59 0.0
44 60 0.0
44 61 0.0
44 62 0.0
44 63 0.0
44 64 0.0
44 65 0.0
44 66 0.0
45 46 0.0
45 47 0.0
45 48 0.0
45 49 0.0
45 50 0.0
45 51 0.0
45 52 0.0
45 53 0.0
45 54 0.0
45 55 0.3338129111198876
45 56 0.0
45 57 0.0
45 58 0.0
45 59 0.0
45 60 0.3406681598593847
45 61 0.16032006396529735
45 62 0.0
45 63 0.4254658641193469
45 64 0.0
45 65 0.0
45 66 0.3025803939761702
46 47 0.0
46 48 0.0
46 49 0.0
46 50 0.0
46 51 0.0
46 52 0.0
46 53 0.4617982284256305
46 54 0.1362616553277692
46 55 0.0
46 56 0.0
46 57 0.0
46 58 0.17243136453957933
46 59 0.0
46 60 0.0
46 61 0.0
46 62 0.18383395104957767
46 63 0.0
46 64 0.0
46 65 0.0
46 66 0.21450626386651547
47 48 0.0
47 49 0.0
47 50 0.0
47 51 0.0
47 52 0.0
47 53 0.0
47 54 0.0
47 55 0.0
47 56 0.0
47 57 0.0
47 58 0.0
47 59 0.0
47 60 0.0
47 61 0.0
47 62 0.0
47 63 0.0
47 64 0.0
47 65 0.29439687935139974
47 66 0.0
48 49 0.0
48 50 0.0
48 51 0.0
48 52 0.0
48 53 0.0
48 54 0.0
48 55 0.0
48 56 0.0
48 57 0.0
48 58 0.0
48 59 0.0
48 60 0.2031534502371697
48 61 0.0
48 62 0.0
48 63 0.0
48 64 0.0
48 65 0.0
48 66 0.0
49 50 0.0
49 51 0.0
49 52 0.0
49 53 0.0
49 54 0.0
49 55 0.0
49 56 0.17434017111178068
49 57 0.0
49 58 0.08457149429022692
49 59 0.0
49 60 0.0
49 61 0.0
49 62 0.0
49 63 0.0
49 64 0.08528739247558907
49 65 0.0
49 66 0.0
50 51 0.0
50 52 0.0
50 53 0.0
50 54 0.21221969762216575
50 55 0.0
50 56 0.0
50 57 0.0
50 58 0.0
50 59 0.0
50 60 0.0
50 61 0.0
50 62 0.28631081437096534
50 63 0.0
50 64 0.11981426008558069
50 65 0.0
50 66 0.3340811789370302
51 52 0.0
51 53 0.6442392034693952
51 54 0.0
51 55 0.0
51 56 0.0
51 57 0.0
51 58 0.5187505329148746
51 59 0.0
51 60 0.0
51 61 0.34192382485442663
51 62 0.0
51 63 0.0
51 64 0.0
51 65 0.0
51 66 0.0
52 53 0.0
52 54 0.0
52 55 0.0
52 56 0.0
52 57 0.0
52 58 0.0
52 59 0.0
52 60 0.0
52 61 0.0
52 62 0.0
52 63 0.0
52 64 0.0
52 65 0.0
52 66 0.0
53 54 0.17260146820192063
53 55 0.0
53 56 0.0
53 57 0.0
53 58 0.5526167582568225
53 59 0.0
53 60 0.0
53 61 0.2202807325714248
53 62 0.2328608865068642
53 63 0.0
53 64 0.0
53 65 0.0
53 66 0.27171324165121824
54 55 0.0
54 56 0.0
54 57 0.0
54 58 0.13898114726557398
54 59 0.0
54 60 0.0
54 61 0.0
54 62 0.3494351177150916
54 63 0.0
54 64 0.08422393701866045
54 65 0.0
54 66 0.40773764115316025
55 56 0.0
55 57 0.0
55 58 0.0
55 59 0.0
55 60 0.572918564885321
55 61 0.0
55 62 0.0
55 63 0.4047895656478247
55 64 0.026823979535356597
55 65 0.0
55 66 0.0
56 57 0.0
56 58 0.08082705301089033
56 59 0.0
56 60 0.0
56 61 0.0
56 62 0.0
56 63 0.0
56 64 0.08151125447929637
56 65 0.0
56 66 0.0
57 58 0.0
57 59 0.0
57 60 0.0
57 61 0.0
57 62 0.0
57 63 0.0
57 64 0.0
57 65 0.0
57 66 0.0
58 59 0.0
58 60 0.0
58 61 0.17737316635952605
58 62 0.18750288451858305
58 63 0.0
58 64 0.0
58 65 0.0
58 66 0.2187873512626021
59 60 0.0
59 61 0.0
59 62 0.0
59 63 0.0
59 64 0.038564212276847906
59 65 0.0
59 66 0.0
60 61 0.0
60 62 0.0
60 63 0.33761984520990873
60 64 0.0
60 65 0.0
60 66 0.0
61 62 0.0
61 63 0.19187965786745112
61 64 0.0
61 65 0.0
61 66 0.1897525902743134
62 63 0.0
62 64 0.11362858522338648
62 65 0.0
62 66 0.5500888814576496
63 64 0.0
63 65 0.0
63 66 0.0
64 65 0.0
64 66 0.13258727860412037
65 66 0.0
