0 1 0.0
0 2 0.0
0 3 0.0
0 4 0.0
0 5 0.0
0 6 0.0
0 7 0.0
0 8 0.0
0 9 0.0
0 10 0.1619644405604288
0 11 0.0
0 12 0.0
0 13 0.0
0 14 0.0
0 15 0.0
0 16 0.0
0 17 0.0
0 18 0.0
0 19 0.02734802707592272
0 20 0.026169991985201795
0 21 0.0
0 22 0.0
0 23 0.0
0 24 0.0
0 25 0.0
0 26 0.0
0 27 0.0
0 28 0.0
0 29 0.0
0 30 0.0
0 31 0.0
0 32 0.0
0 33 0.0
0 34 0.0
0 35 0.0
0 36 0.0
0 37 0.0
0 38 0.0
0 39 0.0
0 40 0.0
0 41 0.0
0 42 0.0
0 43 0.0
1 2 0.12653711849153257
1 3 0.0
1 4 0.0
1 5 0.0
1 6 0.0
1 7 0.0
1 8 0.0
1 9 0.0
1 10 0.0
1 11 0.0
1 12 0.0
1 13 0.0
1 14 0.0
1 15 0.0
1 16 0.0
1 17 0.0
1 18 0.0
1 19 0.0
1 20 0.0
1 21 0.0
1 22 0.0
1 23 0.0
1 24 0.0
1 25 0.0
1 26 0.0
1 27 0.0
1 28 0.0
1 29 0.0
1 30 0.0
1 31 0.0
1 32 0.0
1 33 0.10499535709335212
1 34 0.0
1 35 0.0
1 36 0.0
1 37 0.0
1 38 0.0
1 39 0.0
1 40 0.0
1 41 0.0
1 42 0.0
1 43 0.0
2 3 0.0
2 4 0.0
2 5 0.0
2 6 0.0
2 7 0.0
2 8 0.0
2 9 0.0
2 10 0.0
2 11 0.0
2 12 0.0
2 13 0.0
2 14 0.0
2 15 0.0
2 16 0.0
2 17 0.0
2 18 0.0
2 19 0.0
2 20 0.0
2 21 0.0
2 22 0.0
2 23 0.0
2 24 0.0
2 25 0.0
2 26 0.0
2 27 0.0
2 28 0.0
2 29 0.0
2 30 0.0
2 31 0.0
2 32 0.0
2 33 0.08402961135865597
2 34 0.0
2 35 0.0
2 36 0.0
2 37 0.0
2 38 0.0
2 39 0.0
2 40 0.0
2 41 0.0
2 42 0.0
2 43 0.0
3 4 0.18093766614540302
3 5 0.1551709207481603
3 6 0.17514100220029377
3 7 0.19731668328965313
3 8 0.1383144301366604
3 9 0.0
3 10 0.1694808372823684
3 11 0.0
3 12 0.0
3 13 0.0
3 14 0.16500974852877195
3 15 0.13791400208998808
3 16 0.0
3 17 0.13475799820296275
3 18 0.0
3 19 0.0
3 20 0.0
3 21 0.0
3 22 0.0
3 23 0.0
3 24 0.0
3 25 0.0
3 26 0.0
3 27 0.0
3 28 0.0
3 29 0.0
3 30 0.0
3 31 0.0
3 32 0.12443552172216861
3 33 0.0
3 34 0.0
3 35 0.1479767412380446
3 36 0.0915899584564042
3 37 0.10819108730932767
3 38 0.0518652487513392
3 39 0.0
3 40 0.0
3 41 0.0
3 42 0.13475799820296275
3 43 0.0518652487513392
4 5 0.25381105619210675
4 6 0.05030541908812806
4 7 0.0
4 8 0.16717738597406734
4 9 0.0
4 10 0.20484748642327533
4 11 0.0
4 12 0.0
4 13 0.0
4 14 0.19944338701335995
4 15 0.16669339804853248
4 16 0.0
4 17 0.27641519035956374
4 18 0.0
4 19 0.0
4 20 0.0
4 21 0.0
4 22 0.0
4 23 0.0
4 24 0.0
4 25 0.0
4 26 0.0
4 27 0.0
4 28 0.0
4 29 0.0
4 30 0.0
4 31 0.0
4 32 0.2552417584336649
4 33 0.0
4 34 0.0
4 35 0.17885599326617435
4 36 0.11070262026229957
4 37 0.0
4 38 0.20299692853036885
4 39 0.0
4 40 0.0
4 41 0.0
4 42 0.27641519035956374
4 43 0.20299692853036885
5 6 0.060598986046392814
5 7 0.0
5 8 0.20138546231306062
5 9 0.0
5 10 0.24676367271000962
5 11 0.0
5 12 0.0
5 13 0.0
5 14 0.17104130200908427
5 15 0.20080244008448664
5 16 0.0
5 17 0.19620730636472616
5 18 0.0
5 19 0.0
5 20 0.0
5 21 0.0
5 22 0.0
5 23 0.0
5 24 0.0
5 25 0.0
5 26 0.0
5 27 0.0
5 28 0.0
5 29 0.0
5 30 0.0
5 31 0.0
5 32 0.18117780657756383
5 33 0.0
5 34 0.0
5 35 0.21545376296861984
5 36 0.13335474909416656
5 37 0.0
5 38 0.0
5 39 0.0
5 40 0.0
5 41 0.0
5 42 0.19620730636472616
5 43 0.0
6 7 0.21811734836090477
6 8 0.0
6 9 0.0
6 10 0.0
6 11 0.0
6 12 0.0
6 13 0.0
6 14 0.0
6 15 0.0
6 16 0.0
6 17 0.0
6 18 0.0
6 19 0.0
6 20 0.0
6 21 0.0
6 22 0.0
6 23 0.0
6 24 0.0
6 25 0.0
6 26 0.0
6 27 0.0
6 28 0.0
6 29 0.0
6 30 0.0
6 31 0.0
6 32 0.0
6 33 0.0
6 34 0.0
6 35 0.0
6 36 0.0
6 37 0.0
6 38 0.0
6 39 0.0
6 40 0.0
6 41 0.0
6 42 0.0
6 43 0.0
7 8 0.0
7 9 0.0
7 10 0.0
7 11 0.0
7 12 0.0
7 13 0.0
7 14 0.1723359254989607
7 15 0.0
7 16 0.0
7 17 0.0
7 18 0.0
7 19 0.0
7 20 0.0
7 21 0.0
7 22 0.0
7 23 0.0
7 24 0.0
7 25 0.0
7 26 0.0
7 27 0.0
7 28 0.0
7 29 0.0
7 30 0.0
7 31 0.0
7 32 0.0
7 33 0.0
7 34 0.0
7 35 0.0
7 36 0.0
7 37 0.0
7 38 0.0
7 39 0.0
7 40 0.0
7 41 0.0
7 42 0.0
7 43 0.0
8 9 0.1488246293908328
8 10 0.2199573000195593
8 11 0.0
8 12 0.0
8 13 0.0
8 14 0.15246078390947101
8 15 0.17898891710137607
8 16 0.0
8 17 0.17489296085657202
8 18 0.0
8 19 0.0
8 20 0.0
8 21 0.0
8 22 0.0
8 23 0.0
8 24 0.0
8 25 0.0
8 26 0.0
8 27 0.0
8 28 0.0
8 29 0.0
8 30 0.0
8 31 0.0
8 32 0.16149614212096455
8 33 0.0
8 34 0.0
8 35 0.19204864095747184
8 36 0.11886818766070677
8 37 0.0
8 38 0.0
8 39 0.0
8 40 0.0
8 41 0.0
8 42 0.17489296085657202
8 43 0.0
9 10 0.0
9 11 0.0
9 12 0.0
9 13 0.0
9 14 0.0
9 15 0.0
9 16 0.0
9 17 0.0
9 18 0.0
9 19 0.0
9 20 0.0
9 21 0.0
9 22 0.0
9 23 0.0
9 24 0.0
9 25 0.0
9 26 0.0
9 27 0.0
9 28 0.0
9 29 0.0
9 30 0.0
9 31 0.0
9 32 0.0
9 33 0.0
9 34 0.0
9 35 0.0
9 36 0.0
9 37 0.0
9 38 0.0
9 39 0.0
9 40 0.0
9 41 0.0
9 42 0.0
9 43 0.0
10 11 0.0
10 12 0.0
10 13 0.0
10 14 0.18681479064890916
10 15 0.21932051127733537
10 16 0.0
10 17 0.21430161272021844
10 18 0.0
10 19 0.0
10 20 0.0
10 21 0.0
10 22 0.0
10 23 0.0
10 24 0.0
10 25 0.0
10 26 0.0
10 27 0.0
10 28 0.0
10 29 0.0
10 30 0.0
10 31 0.0
10 32 0.1978860872107866
10 33 0.0
10 34 0.0
10 35 0.23532298427759085
10 36 0.1456527706550163
10 37 0.0
10 38 0.0
10 39 0.0
10 40 0.0
10 41 0.0
10 42 0.21430161272021844
10 43 0.0
11 12 0.0
11 13 0.0
11 14 0.0
11 15 0.0
11 16 0.0
11 17 0.0
11 18 0.0
11 19 0.0
11 20 0.0
11 21 0.0
11 22 0.0
11 23 0.0
11 24 0.0
11 25 0.13755923567000147
11 26 0.0
11 27 0.0
11 28 0.0
11 29 0.0
11 30 0.0
11 31 0.0
11 32 0.0
11 33 0.0
11 34 0.0
11 35 0.0
11 36 0.0
11 37 0.0
11 38 0.0
11 39 0.0
11 40 0.0
11 41 0.0
11 42 0.0
11 43 0.0
12 13 0.0
12 14 0.0
12 15 0.0
12 16 0.0
12 17 0.0
12 18 0.0
12 19 0.128080463301226
12 20 0.12256330918309671
12 21 0.0
12 22 0.0
12 23 0.0
12 24 0.0
12 25 0.11353459110463705
12 26 0.0
12 27 0.0
12 28 0.0
12 29 0.0
12 30 0.0
12 31 0.0
12 32 0.0
12 33 0.0
12 34 0.0
12 35 0.0
12 36 0.0
12 37 0.0
12 38 0.0
12 39 0.0
12 40 0.0
12 41 0.0
12 42 0.0
12 43 0.0
13 14 0.0
13 15 0.0
13 16 0.0
13 17 0.0
13 18 0.0
13 19 0.0
13 20 0.0
13 21 0.0
13 22 0.0
13 23 0.0
13 24 0.0
13 25 0.0
13 26 0.0
13 27 0.0
13 28 0.0
13 29 0.0
13 30 0.0
13 31 0.0
13 32 0.0
13 33 0.0
13 34 0.0
13 35 0.0
13 36 0.0
13 37 0.0
13 38 0.0
13 39 0.0
13 40 0.0
13 41 0.0
13 42 0.0
13 43 0.0
14 15 0.3614730862859234
14 16 0.0
14 17 0.14854061158908125
14 18 0.0
14 19 0.0
14 20 0.0
14 21 0.0
14 22 0.0
14 23 0.0
14 24 0.0
14 25 0.0
14 26 0.0
14 27 0.0
14 28 0.0
14 29 0.0
14 30 0.0
14 31 0.0
14 32 0.13716238550960425
14 33 0.0
14 34 0.0
14 35 0.16311132502393547
14 36 0.10095748397837
14 37 0.0
14 38 0.057169859099126766
14 39 0.0
14 40 0.0
14 41 0.0
14 42 0.14854061158908125
14 43 0.057169859099126766
15 16 0.0
15 17 0.17438663590823988
15 18 0.0931074700067414
15 19 0.0
15 20 0.0
15 21 0.0
15 22 0.0
15 23 0.0
15 24 0.0
15 25 0.0
15 26 0.0
15 27 0.0
15 28 0.0
15 29 0.0
15 30 0.0
15 31 0.0
15 32 0.16102860171559458
15 33 0.0
15 34 0.0
15 35 0.19149264935132712
15 36 0.11852405757862187
15 37 0.0
15 38 0.0
15 39 0.0
15 40 0.0
15 41 0.0
15 42 0.17438663590823988
15 43 0.0
16 17 0.0
16 18 0.0
16 19 0.0
16 20 0.0
16 21 0.0
16 22 0.0
16 23 0.0
16 24 0.0
16 25 0.0
16 26 0.0
16 27 0.0
16 28 0.0
16 29 0.0
16 30 0.0
16 31 0.0
16 32 0.0
16 33 0.0
16 34 0.0
16 35 0.0
16 36 0.0
16 37 0.0
16 38 0.0
16 39 0.0
16 40 0.0
16 41 0.0
16 42 0.0
16 43 0.0
17 18 0.0
17 19 0.0
17 20 0.0
17 21 0.0
17 22 0.0
17 23 0.0
17 24 0.0
17 25 0.0
17 26 0.0
17 27 0.0
17 28 0.0
17 29 0.0
17 30 0.0
17 31 0.0
17 32 0.26702168242794605
17 33 0.0
17 34 0.0
17 35 0.1871105595233832
17 36 0.11581177035067185
17 37 0.0
17 38 0.11297136061420106
17 39 0.0
17 40 0.0
17 41 0.0
17 42 0.669391679463471
17 43 0.11297136061420106
18 19 0.0
18 20 0.0
18 21 0.0
18 22 0.0
18 23 0.0
18 24 0.0
18 25 0.0
18 26 0.0
18 27 0.0
18 28 0.0
18 29 0.0
18 30 0.0
18 31 0.0
18 32 0.0
18 33 0.0
18 34 0.0
18 35 0.0
18 36 0.0
18 37 0.0
18 38 0.0
18 39 0.0
18 40 0.0
18 41 0.0
18 42 0.0
18 43 0.0
19 20 0.39946243901033307
19 21 0.0
19 22 0.0
19 23 0.0
19 24 0.0
19 25 0.0752591228381553
19 26 0.0
19 27 0.0
19 28 0.0
19 29 0.0
19 30 0.0
19 31 0.0
19 32 0.0
19 33 0.0
19 34 0.0
19 35 0.0
19 36 0.0
19 37 0.0
19 38 0.0
19 39 0.0
19 40 0.0
19 41 0.0
19 42 0.0
19 43 0.0
20 21 0.0
20 22 0.0
20 23 0.0
20 24 0.0
20 25 0.0720172843189051
20 26 0.0
20 27 0.0
20 28 0.0
20 29 0.0
20 30 0.0
20 31 0.0
20 32 0.0
20 33 0.0
20 34 0.0
20 35 0.0
20 36 0.0
20 37 0.0
20 38 0.0
20 39 0.0
20 40 0.0
20 41 0.0
20 42 0.0
20 43 0.0
21 22 0.0
21 23 0.0
21 24 0.13728951479383325
21 25 0.0
21 26 0.4029229444188088
21 27 0.0
21 28 0.3288360682574799
21 29 0.10885498412305672
21 30 0.0
21 31 0.0
21 32 0.0
21 33 0.0
21 34 0.0
21 35 0.0
21 36 0.0
21 37 0.0
21 38 0.0
21 39 0.0
21 40 0.0
21 41 0.832887692773596
21 42 0.0
21 43 0.0
22 23 0.0
22 24 0.0
22 25 0.0
22 26 0.0
22 27 0.0
22 28 0.0
22 29 0.0
22 30 0.0
22 31 0.0
22 32 0.0
22 33 0.0
22 34 0.0
22 35 0.0
22 36 0.0
22 37 0.0
22 38 0.0
22 39 0.4852441017002207
22 40 0.0
22 41 0.0
22 42 0.0
22 43 0.0
23 24 0.0
23 25 0.0
23 26 0.0
23 27 0.15708399654196806
23 28 0.12197480954674153
23 29 0.0
23 30 0.0
23 31 0.0
23 32 0.0
23 33 0.0
23 34 0.0
23 35 0.0
23 36 0.0
23 37 0.0
23 38 0.0
23 39 0.0
23 40 0.15708399654196806
23 41 0.0
23 42 0.0
23 43 0.0
24 25 0.0
24 26 0.2107220362890731
24 27 0.2155641374960534
24 28 0.0
24 29 0.14863396618478403
24 30 0.0
24 31 0.0
24 32 0.0
24 33 0.0
24 34 0.0
24 35 0.0
24 36 0.0
24 37 0.0
24 38 0.0
24 39 0.0
24 40 0.2155641374960534
24 41 0.14043012006930497
24 42 0.0
24 43 0.0
25 26 0.0
25 27 0.0
25 28 0.0
25 29 0.0
25 30 0.0
25 31 0.0
25 32 0.0
25 33 0.0
25 34 0.0
25 35 0.0
25 36 0.0
25 37 0.0
25 38 0.0
25 39 0.0
25 40 0.0
25 41 0.0
25 42 0.0
25 43 0.0
26 27 0.0
26 28 0.0
26 29 0.1670786290495038
26 30 0.0
26 31 0.0
26 32 0.0
26 33 0.0
26 34 0.0
26 35 0.0
26 36 0.0
26 37 0.0
26 38 0.0
26 39 0.0
26 40 0.0
26 41 0.4121401226334058
26 42 0.0
26 43 0.0
27 28 0.2119901066542424
27 29 0.0
27 30 0.0
27 31 0.0
27 32 0.0
27 33 0.0
27 34 0.0
27 35 0.0
27 36 0.0
27 37 0.0
27 38 0.0
27 39 0.0
27 40 0.7250298566150554
27 41 0.0
27 42 0.0
27 43 0.0
28 29 0.0
28 30 0.0
28 31 0.0
28 32 0.0
28 33 0.0
28 34 0.0
28 35 0.0
28 36 0.0
28 37 0.0
28 38 0.0
28 39 0.0
28 40 0.2119901066542424
28 41 0.33635845110139695
28 42 0.0
28 43 0.0
29 30 0.0
29 31 0.0
29 32 0.0
29 33 0.0
29 34 0.0
29 35 0.0
29 36 0.0
29 37 0.0
29 38 0.0
29 39 0.0
29 40 0.0
29 41 0.11134512721891984
29 42 0.0
29 43 0.0
30 31 0.0
30 32 0.0
30 33 0.0
30 34 0.0
30 35 0.0
30 36 0.0
30 37 0.0
30 38 0.0
30 39 0.0
30 40 0.0
30 41 0.0
30 42 0.0
30 43 0.0
31 32 0.0
31 33 0.0
31 34 0.0
31 35 0.0
31 36 0.0
31 37 0.0
31 38 0.0
31 39 0.0
31 40 0.0
31 41 0.0
31 42 0.0
31 43 0.0
32 33 0.0
32 34 0.0
32 35 0.1727778714770726
32 36 0.10694057686616033
32 37 0.0
32 38 0.10431774280676645
32 39 0.0
32 40 0.0
32 41 0.0
32 42 0.26702168242794605
32 43 0.10431774280676645
33 34 0.0
33 35 0.0
33 36 0.0
33 37 0.0
33 38 0.0
33 39 0.0
33 40 0.0
33 41 0.0
33 42 0.0
33 43 0.0
34 35 0.0
34 36 0.0
34 37 0.0
34 38 0.0
34 39 0.0
34 40 0.0
34 41 0.0
34 42 0.0
34 43 0.0
35 36 0.12717203136017227
35 37 0.0
35 38 0.0
35 39 0.0
35 40 0.0
35 41 0.0
35 42 0.1871105595233832
35 43 0.0
36 37 0.0
36 38 0.0
36 39 0.0
36 40 0.0
36 41 0.0
36 42 0.11581177035067185
36 43 0.0
37 38 0.18853934922400029
37 39 0.0
37 40 0.0
37 41 0.0
37 42 0.0
37 43 0.18853934922400029
38 39 0.0
38 40 0.0
38 41 0.0
38 42 0.11297136061420106
38 43 1.0000000000000002
39 40 0.0
39 41 0.0
39 42 0.0
39 43 0.0
40 41 0.0
40 42 0.0
40 43 0.0
41 42 0.0
41 43 0.0
42 43 0.11297136061420106
