15
1.0	0	0	0	0	0	1.0	0	0	0	0	0	0	1.0	
0	0	0	0	0	1.0	0	0	0	0	0	0	1.0	
0	0	0	0	0	0	0	0	0	0	0	0	
0	0	0	0	0	0	0	0	0	0	0	
0	0	0	0	0	0	0	0	0	0	
0	0	0	0	0	0	0	0	0	
0	0	0	0	0	0	0	0	
0	0	0	0	0	0	1.0	
0	0	0	0	0	0	
0	0	0	0	0	
0	0	0	0	
0	0	0	
0	0	
0	

0	0	0	0	0	0	0	0	0	0	0	0	0	0	
0	0	0	0	0	0	0	0	0	0	0	0	0	
0	0	0	0	0	0	0	0	0	0	0	0	
1.0	1.0	1.0	0	1.0	1.0	1.0	1.0	0	1.0	0	
1.0	1.0	0	1.0	1.0	1.0	1.0	0	1.0	0	
1.0	0	1.0	1.0	1.0	1.0	0	1.0	0	
0	1.0	1.0	1.0	1.0	0	1.0	0	
0	0	0	0	0	0	0	
1.0	1.0	1.0	0	1.0	0	
1.0	1.0	0	1.0	0	
1.0	0	1.0	0	
0	1.0	0	
0	0	
0	

0	0	0	0	0	0	0	0	0	0	0	0	0	0	
0	0	0	0	0	0	0	0	0	0	0	0	0	
0	0	0	0	0	0	0	0	0	0	0	0	
0	0	0	0	0	0	0	0	0	0	0	
0	0	0	0	0	0	0	0	0	0	
0	0	0	0	0	0	0	0	0	
0	0	0	0	0	0	0	0	
0	0	0	0	0	0	0	
0	0	0	0	0	0	
0	0	0	0	0	
0	0	0	0	
0	0	0	
0	0	
0	

1.0	0	0	0	0	0	0	0	0	0	0	0	0	0	
0	0	0	0	0	0	0	0	0	0	0	0	0	
0	0	0	0	0	0	0	0	0	0	0	0	
1.0	1.0	0	0	0	0	0	0	0	0	0	
1.0	0	0	0	0	0	0	0	0	0	
0	0	0	0	0	0	0	0	0	
0	0	0	0	0	0	0	0	
0	0	0	0	0	0	0	
0	0	0	0	0	0	
0	0	0	0	0	
0	0	1.0	0	
0	0	0	
0	0	
0	

0	0	0	0	0	0	0	0	0	0	0	0	0	0	
0	0	0	0	0	0	0	0	0	0	0	0	0	
0	0	0	0	0	0	0	0	0	0	0	0	
0	0	0	0	0	0	0	0	0	0	0	
0	0	0	0	0	0	0	0	0	0	
0	0	0	0	0	0	0	0	0	
0	0	0	0	0	0	0	0	
0	0	0	0	0	0	0	
0	0	0	0	0	0	
0	0	0	0	0	
0	0	0	0	
0	0	0	
0	0	
0	

0	0	0	0	0	0	0	0	0	0	0	0	0	0	
0	0	0	0	0	0	0	0	0	0	0	0	0	
0	0	0	0	0	0	0	0	0	0	0	0	
0	0	0	0	0	0	0	0	0	0	0	
0	0	0	0	0	0	0	0	0	0	
0	0	0	0	0	0	0	0	0	
0	0	0	0	0	0	0	0	
0	0	0	0	0	0	0	
0	0	0	0	0	0	
0	0	0	0	0	
0	0	0	0	
0	0	0	
0	0	
0	

0.16160110024874463	0.06574815929741785	0	0	0	0	0	0	0	0	0	0	0.12672846616452058	0	
0.06549375190247057	0	0	0	0.10004671490976458	0	0	0	0	0	0	0.12623810020922838	0.10533114559055658	
0.20980933249229347	0.20980933249229347	0	0.07504686970681936	0	0.022695459833388134	0.029678252120959057	0.8004371146898308	0.026070722698785284	0	0.051360558246101556	0	
1.0	0.1550588824825914	0.07951689775191133	0	0.0240472729382895	0.11044162729367256	0.1887475406360634	0.027623577095972705	0	0	0.059880270721318775	
0.1550588824825914	0.07951689775191133	0	0.0240472729382895	0.11044162729367256	0.1887475406360634	0.027623577095972705	0	0	0.059880270721318775	
0.10416293682848556	0	0.1106336527239459	0	0.19245243670616957	0	0	0	0	
0.07155530324976533	0	0.24254825215003212	0.0675132603556495	0.03188873964286259	0	0.025007831639567626	0	
0	0.0993837078133037	0	0	0	0.10008425005902871	0	
0	0.0204171672264098	0.013482592451972891	0	0	0	
0.026698989180635287	0.0442905143192327	0	0.03473356858031666	0.0382187588305148	
0.023453603009681474	0	0	0	
0	0.03051154195691948	0	
0	0	
0	

1.0	1.0	1.0	1.0	1.0	1.0	1.0	1.0	1.0	1.0	0	0	0	1.0	
1.0	1.0	1.0	1.0	1.0	1.0	1.0	1.0	1.0	0	0	0	1.0	
1.0	1.0	1.0	1.0	1.0	1.0	1.0	1.0	0	0	0	1.0	
1.0	1.0	1.0	1.0	1.0	1.0	1.0	0	0	0	1.0	
1.0	1.0	1.0	1.0	1.0	1.0	0	0	0	1.0	
1.0	1.0	1.0	1.0	1.0	0	0	0	1.0	
1.0	1.0	1.0	1.0	0	0	0	1.0	
1.0	1.0	1.0	0	0	0	1.0	
1.0	1.0	0	0	0	1.0	
1.0	0	0	0	1.0	
0	0	0	1.0	
0	0	0	
0	0	
0	

