0 1 0.28906792403985615
0 2 0.0570638180243418
0 3 0.0
0 4 0.0
0 5 0.19030741418142727
0 6 0.0
0 7 0.0
0 8 0.0
0 9 0.0
0 10 0.0
0 11 0.0
0 12 0.0
0 13 0.17933656390471933
0 14 0.0
1 2 0.055006899962081586
1 3 0.0
1 4 0.0
1 5 0.18344760754449957
1 6 0.10367073067749716
1 7 0.0
1 8 0.0
1 9 0.0
1 10 0.0
1 11 0.0
1 12 0.0
1 13 0.14738292273046727
1 14 0.12581592734991584
2 3 0.49420327362332983
2 4 0.49420327362332983
2 5 0.12670223768113864
2 6 0.2472550102698638
2 7 0.0
2 8 0.15835096167023852
2 9 0.3031981474082855
2 10 0.9128881035048152
2 11 0.13860678168267349
2 12 0.0
2 13 0.13003011031030456
2 14 0.1028180436166716
3 4 1.0
3 5 0.36172528509525875
3 6 0.24477196990003214
3 7 0.0
3 8 0.15676073371085472
3 9 0.5108543135148849
3 10 0.47356642748563055
3 11 0.13721483320779776
3 12 0.0
3 13 0.09389672792640644
3 14 0.2935377213603371
4 5 0.36172528509525875
4 6 0.24477196990003214
4 7 0.0
4 8 0.15676073371085472
4 9 0.5108543135148849
4 10 0.47356642748563055
4 11 0.13721483320779776
4 12 0.0
4 13 0.09389672792640644
4 14 0.2935377213603371
5 6 0.13186956475133718
5 7 0.0
5 8 0.19296584413208598
5 9 0.11217894358554378
5 10 0.251176014090905
5 11 0.10618979682210475
5 12 0.0
5 13 0.09417804424814805
5 14 0.10209045215874996
6 7 0.1591901150917765
6 8 0.0
6 9 0.4432594384477404
6 10 0.23693018266136945
6 11 0.10309176961708479
6 12 0.0
6 13 0.0914304531242558
6 14 0.0791590261353515
7 8 0.0
7 9 0.19029639088380815
7 10 0.0
7 11 0.0
7 12 0.0
7 13 0.14767232577899048
7 14 0.0
8 9 0.10817584214638253
8 10 0.15173857238397062
8 11 0.13271475511478442
8 12 0.0
8 13 0.09081730423387199
8 14 0.09844735816179435
9 10 0.29053725693820487
9 11 0.2179240501277776
9 12 0.0
9 13 0.19327337889205953
9 14 0.3571542167951103
10 11 0.13281886610239924
10 12 0.0
10 13 0.09088854785126876
10 14 0.09852458734160507
11 12 0.0
11 13 0.18295466314512793
11 14 0.08617233097948664
12 13 0.0
12 14 0.0
13 14 0.07642487171858678
