0:274 
1:71. 356 
2:374. 400 
3:72 73 74. 355 
4:0 1 2 3 4 5 6 7 8 9 10 11 12 13 14 15 17 16 19 18 21 20 23 22 25 24 27 26 29 28 31 30 34 35 32 33 38 39 36 37 42 43 40 41 46 47 44 45 51 50 49 48 55 54 53 52 59 57 56 63 62 61 60 68 69 70 64 65 66 67 77 78 79 85 84 87 86 81 80 83 82 93 92 95 94 89 88 91 90 102 103 100 101 98 99 96 97 110 111 108 109 106 107 104 105 119 118 117 116 115 114 113 112 127 126 125 124 123 122 121 120 137 136 139 138 141 140 143 142 129 128 131 130 133 132 135 134 152 153 154 155 156 157 158 159 144 145 146 147 148 149 150 151 171 170 169 168 175 174 173 172 163 162 161 160 167 166 165 164 186 187 184 185 190 191 188 189 178 179 176 177 182 183 180 181 205 204 207 206 201 200 203 202 197 196 199 198 193 192 195 194 220 221 222 223 217 218 219 212 213 214 215 208 209 210 211 239 238 237 236 235 234 233 232 231. 230 229 228 227 226 225 224 254 255 252 250 251 248 249 246 247 244 245 242 243 240 241 275 273 272 279 278 277 276 283 282 281 280 287 286 285 284 258 259 256 257 262 263 260 261 266 267 264 265 270 271 268 269 305 304 307 306 309 308 311 310 313 312 315 314 317 316 319 318 288 289 290 291 292 293 294 295 296 297 298 299 300 301 302 303 343 342 341 340 339 338 337 336 351 350 349 348 347 346 345 344 326 324 325 322 323 320 321 334 335 332 333 330 328 329 373 372 375 369 368 371 370 381 380 383 382 377 376 379 378 358 359 352 353 354 364 365 366 367 360 361 362 410 411 408 409 414 415 412 413 402 403 401 406 407 404 405 395 394 393 392 399 398 397 396 387 386 385 384 391 389 388 440 441 442 443 444 445 446 447 432 433 434 435 436 437 438 439 425 424 427 426 429 428 431 430 417 416 418 421 420 423 422 478 479 476 477 474 475 472 473 470 471 468 469 466 467 464 465 463 462 461 460 459 458 457 456 455 454 453 451 450 449 448 481 480 483 482 
5:76. 75 
6:357. 
7:253. 
8:216. 
9:58. 327 
10:419. 
11:452. 
12:331. 
13:363. 390 
