0 1 0.19784817504376845
0 2 0.13579634503271676
0 3 0.1882290250939828
0 4 0.0
0 5 0.0
0 6 0.0
0 7 0.0
0 8 0.0537700555783315
0 9 0.0
0 10 0.0
0 11 0.0
0 12 0.0
0 13 0.0
0 14 0.056345151682932526
0 15 0.2639543057925905
0 16 0.04749132749854117
0 17 0.0
0 18 0.16880968519090175
0 19 0.0
0 20 0.2668097923232968
0 21 0.054611581393486514
0 22 0.0
0 23 0.0
0 24 0.15641998600581775
0 25 0.06506130329777925
0 26 0.0
0 27 0.0
0 28 0.0422647760670156
0 29 0.0
0 30 0.0
0 31 0.0
0 32 0.0
0 33 0.04613751966351723
1 2 0.0
1 3 0.07662825330955061
1 4 0.0
1 5 0.0
1 6 0.06653676513306614
1 7 0.0
1 8 0.0
1 9 0.0
1 10 0.0
1 11 0.0
1 12 0.0
1 13 0.0
1 14 0.0
1 15 0.0391699325536851
1 16 0.0
1 17 0.0
1 18 0.12219323220280015
1 19 0.0
1 20 0.3090644111307084
1 21 0.0
1 22 0.0
1 23 0.09615935888654137
1 24 0.06367875679293063
1 25 0.0
1 26 0.08635437133335092
1 27 0.0
1 28 0.0
1 29 0.0
1 30 0.0
1 31 0.0
1 32 0.0
1 33 0.0
2 3 0.14336353313873834
2 4 0.0
2 5 0.0
2 6 0.0
2 7 0.0
2 8 0.0
2 9 0.0
2 10 0.0
2 11 0.0
2 12 0.0
2 13 0.0
2 14 0.0
2 15 0.1022747243936786
2 16 0.0
2 17 0.0
2 18 0.0
2 19 0.0745918570169341
2 20 0.0
2 21 0.0
2 22 0.050854445960004796
2 23 0.0
2 24 0.1191363650537385
2 25 0.0
2 26 0.0
2 27 0.0
2 28 0.0
2 29 0.0
2 30 0.0
2 31 0.0
2 32 0.04724043704426252
2 33 0.0
3 4 0.03870122326329928
3 5 0.03699141715079868
3 6 0.0
3 7 0.0
3 8 0.10652338828686779
3 9 0.10992935175719132
3 10 0.0
3 11 0.0405867713335678
3 12 0.0
3 13 0.05457372801229464
3 14 0.11162488872751375
3 15 0.4206174356913954
3 16 0.12956149910205847
3 17 0.0681553790165921
3 18 0.07058904162765259
3 19 0.0
3 20 0.0
3 21 0.03815769949520206
3 22 0.051240838889574335
3 23 0.04748017903096709
3 24 0.4023164907442812
3 25 0.045459032620120327
3 26 0.0
3 27 0.0
3 28 0.06110337359029604
3 29 0.0
3 30 0.0
3 31 0.0
3 32 0.04759937067374368
3 33 0.03223678139055758
4 5 0.11272539389820904
4 6 0.0
4 7 0.0
4 8 0.08191793707037918
4 9 0.0
4 10 0.08605351338163632
4 11 0.040907960266403316
4 12 0.0
4 13 0.0
4 14 0.0
4 15 0.041716464863727445
4 16 0.035757595100346574
4 17 0.0
4 18 0.0
4 19 0.0
4 20 0.0
4 21 0.0
4 22 0.0
4 23 0.04785591988279442
4 24 0.0
4 25 0.0
4 26 0.0
4 27 0.0
4 28 0.09621217587718507
4 29 0.0
4 30 0.0
4 31 0.0
4 32 0.0
4 33 0.0
5 6 0.0
5 7 0.0
5 8 0.07829883209859403
5 9 0.0
5 10 0.08225170013710244
5 11 0.039100661307464285
5 12 0.0
5 13 0.0
5 14 0.0
5 15 0.03987344646271587
5 16 0.10457567880875207
5 17 0.0
5 18 0.0
5 19 0.0
5 20 0.0
5 21 0.0
5 22 0.0
5 23 0.04574166256905892
5 24 0.06331715349907843
5 25 0.0
5 26 0.0
5 27 0.0
5 28 0.37103775763990005
5 29 0.0
5 30 0.0
5 31 0.0
5 32 0.0
5 33 0.0
6 7 0.0
6 8 0.0
6 9 0.0
6 10 0.0
6 11 0.0
6 12 0.0
6 13 0.0
6 14 0.0
6 15 0.0
6 16 0.0
6 17 0.0
6 18 0.07760939382370509
6 19 0.0
6 20 0.0
6 21 0.0
6 22 0.0
6 23 0.08961394456434324
6 24 0.0
6 25 0.0
6 26 0.08047636688890947
6 27 0.0
6 28 0.0
6 29 0.0
6 30 0.0
6 31 0.0
6 32 0.0
6 33 0.0
7 8 0.0
7 9 0.0
7 10 0.0
7 11 0.0
7 12 0.0
7 13 0.0
7 14 0.0
7 15 0.0
7 16 0.0
7 17 0.0
7 18 0.0
7 19 0.0
7 20 0.0
7 21 0.0
7 22 0.0
7 23 0.0
7 24 0.0
7 25 0.0
7 26 0.0
7 27 0.0
7 28 0.0
7 29 0.0
7 30 0.0
7 31 0.0
7 32 0.0
7 33 0.0
8 9 0.25136014270222606
8 10 0.08931308105984519
8 11 0.0
8 12 0.0
8 13 0.05708912782134148
8 14 0.44062834433690545
8 15 0.11482270610418643
8 16 0.09842118325729897
8 17 0.07129678118221343
8 18 0.07384261561458996
8 19 0.0
8 20 0.0
8 21 0.039916455466615174
8 22 0.0
8 23 0.0
8 24 0.08852187858277764
8 25 0.04755431997058948
8 26 0.0
8 27 0.0
8 28 0.09772076718231514
8 29 0.0
8 30 0.0
8 31 0.0
8 32 0.0
8 33 0.03372263175679655
9 10 0.1993244570150414
9 11 0.0
9 12 0.0
9 13 0.09101430914217572
9 14 0.2633980049912377
9 15 0.11849403076672314
9 16 0.10156808799128687
9 17 0.11366485232822655
9 18 0.11772354740547898
9 19 0.0
9 20 0.0
9 21 0.0
9 22 0.0
9 23 0.0
9 24 0.24208474766389884
9 25 0.0
9 26 0.0
9 27 0.0
9 28 0.0
9 29 0.20432975784695767
9 30 0.20432975784695767
9 31 0.0
9 32 0.0
9 33 0.15972557246847632
10 11 0.6930388460383275
10 12 0.0
10 13 0.0
10 14 0.0
10 15 0.0
10 16 0.0
10 17 0.0
10 18 0.0
10 19 0.0
10 20 0.0
10 21 0.0
10 22 0.0
10 23 0.0
10 24 0.09932079445232694
10 25 0.06259013276623906
10 26 0.0
10 27 0.0
10 28 0.110862061284747
10 29 0.056779887053292726
10 30 0.056779887053292726
10 31 0.0
10 32 0.0
10 33 0.044385115804206114
11 12 0.0
11 13 0.0
11 14 0.0
11 15 0.04374891741146948
11 16 0.03749972774510045
11 17 0.0
11 18 0.0
11 19 0.0
11 20 0.0
11 21 0.0
11 22 0.0
11 23 0.05018749056137549
11 24 0.0
11 25 0.0
11 26 0.0
11 27 0.0
11 28 0.03337277939365682
11 29 0.0
11 30 0.0
11 31 0.0
11 32 0.0
11 33 0.0
12 13 0.0
12 14 0.0
12 15 0.0
12 16 0.0
12 17 0.0
12 18 0.0
12 19 0.0
12 20 0.0
12 21 0.0
12 22 0.0
12 23 0.0
12 24 0.0
12 25 0.0
12 26 0.0
12 27 0.0
12 28 0.0
12 29 0.0
12 30 0.0
12 31 0.0
12 32 0.0
12 33 0.0
13 14 0.0598231772673876
13 15 0.058825608472858004
13 16 0.0504228317566031
13 17 0.0564281935294181
13 18 0.11633977552205722
13 19 0.0
13 20 0.0
13 21 0.0
13 22 0.0
13 23 0.0
13 24 0.04535125105018312
13 25 0.0
13 26 0.0
13 27 0.0
13 28 0.05980786025487958
13 29 0.0
13 30 0.0
13 31 0.0
13 32 0.0
13 33 0.0
14 15 0.12032166830588803
14 16 0.1031346618447793
14 17 0.07471124786851709
14 18 0.07737900459126995
14 19 0.0
14 20 0.0
14 21 0.041828090258061876
14 22 0.0
14 23 0.0
14 24 0.09276127060606461
14 25 0.04983173893168433
14 26 0.0
14 27 0.0
14 28 0.032371427872234314
14 29 0.0
14 30 0.0
14 31 0.0
14 32 0.0
14 33 0.0353376387851474
15 16 0.1396557335723376
15 17 0.10895731618641019
15 18 0.12177703291178531
15 19 0.03600634274304309
15 20 0.05282293641401689
15 21 0.0776001760572597
15 22 0.0
15 23 0.051179395720732886
15 24 0.4678488858007655
15 25 0.04900078026305317
15 26 0.0
15 27 0.0
15 28 0.06586398368064124
15 29 0.0
15 30 0.0
15 31 0.0
15 32 0.0
15 33 0.0347483734312385
16 17 0.29856052227106566
16 18 0.06522001518842771
16 19 0.0
16 20 0.0
16 21 0.03525541193433111
16 22 0.0
16 23 0.04386882051584412
16 24 0.39959884520022976
16 25 0.042001403186270644
16 26 0.0
16 27 0.0
16 28 0.11654104500032995
16 29 0.0
16 30 0.0
16 31 0.0
16 32 0.0
16 33 0.33329833560025435
17 18 0.07298772224473969
17 19 0.10329967142477443
17 20 0.0
17 21 0.2822837353581034
17 22 0.0
17 23 0.0
17 24 0.41501413430870376
17 25 0.0
17 26 0.0
17 27 0.0
17 28 0.0
17 29 0.43439798968926724
17 30 0.43439798968926724
17 31 0.0
17 32 0.0
17 33 0.0
18 19 0.0
18 20 0.05247946600174623
18 21 0.0
18 22 0.0
18 23 0.11216159274854551
18 24 0.0586601184277954
18 25 0.0
18 26 0.1007249210238193
18 27 0.0
18 28 0.0
18 29 0.0
18 30 0.0
18 31 0.0
18 32 0.0
18 33 0.0
19 20 0.0
19 21 0.10614522655775054
19 22 0.0
19 23 0.0
19 24 0.0
19 25 0.0
19 26 0.0
19 27 0.0
19 28 0.0
19 29 0.0
19 30 0.0
19 31 0.0
19 32 0.0
19 33 0.0
20 21 0.0
20 22 0.0
20 23 0.0
20 24 0.0
20 25 0.0
20 26 0.0
20 27 0.0
20 28 0.0
20 29 0.0
20 30 0.0
20 31 0.0
20 32 0.0
20 33 0.0
21 22 0.0
21 23 0.0
21 24 0.031709386042208784
21 25 0.35565504908342643
21 26 0.0
21 27 0.0
21 28 0.11374114935052833
21 29 0.0
21 30 0.0
21 31 0.0
21 32 0.0
21 33 0.034250406275031314
22 23 0.0
22 24 0.042581590687364196
22 25 0.0
22 26 0.0
22 27 0.0
22 28 0.0
22 29 0.0
22 30 0.0
22 31 0.0
22 32 0.049929484642739705
22 33 0.0
23 24 0.0
23 25 0.32721847825376527
23 26 0.11630496057449394
23 27 0.0
23 28 0.039040935957901056
23 29 0.0
23 30 0.0
23 31 0.0
23 32 0.0
23 33 0.0
24 25 0.03777685849845346
24 26 0.0
24 27 0.0
24 28 0.07858218240111545
24 29 0.16267313025545654
24 30 0.16267313025545654
24 31 0.0
24 32 0.03955549836671141
24 33 0.026789050686874212
25 26 0.0
25 27 0.0
25 28 0.08421228990518426
25 29 0.06540142307921602
25 30 0.06540142307921602
25 31 0.0
25 32 0.0
25 33 0.09192870619377219
26 27 0.0
26 28 0.0
26 29 0.0
26 30 0.0
26 31 0.0
26 32 0.0
26 33 0.0
27 28 0.0
27 29 0.0
27 30 0.0
27 31 0.0
27 32 0.0
27 33 0.0
28 29 0.0424857228613427
28 30 0.0424857228613427
28 31 0.0
28 32 0.0
28 33 0.059718234718222615
29 30 1.0
29 31 0.0
29 32 0.0
29 33 0.15635248096337798
30 31 0.0
30 32 0.0
30 33 0.15635248096337798
31 32 0.0
31 33 0.0
32 33 0.0
