0 1 0.0
0 2 0.0
0 3 0.0
0 4 0.0
0 5 0.0
0 6 0.0
0 7 0.0
0 8 0.0
0 9 0.0
0 10 0.0
0 11 0.0
0 12 0.0
0 13 0.0
0 14 0.0
0 15 0.0
0 16 0.0
0 17 0.0
0 18 0.0
0 19 0.0
0 20 0.0
0 21 0.0
0 22 0.0
0 23 0.0
0 24 0.0
0 25 0.0
0 26 0.0
0 27 0.0
0 28 0.0
0 29 0.0
0 30 0.0
0 31 0.0
0 32 0.0
0 33 0.0
0 34 0.0
0 35 0.0
0 36 0.0
0 37 0.0
1 2 0.0
1 3 0.0
1 4 0.0
1 5 0.0
1 6 0.0
1 7 0.0
1 8 0.0
1 9 0.0
1 10 0.12189285604541349
1 11 0.0
1 12 0.0
1 13 0.0
1 14 0.0
1 15 0.0
1 16 0.0
1 17 0.0
1 18 0.0
1 19 0.0
1 20 0.0
1 21 0.10304188407234709
1 22 0.0
1 23 0.0
1 24 0.0
1 25 0.0
1 26 0.0
1 27 0.0
1 28 0.0
1 29 0.0
1 30 0.0
1 31 0.0
1 32 0.0
1 33 0.0
1 34 0.0
1 35 0.0
1 36 0.0
1 37 0.0
2 3 0.0
2 4 0.0
2 5 0.0
2 6 0.0
2 7 0.0
2 8 0.0
2 9 0.0
2 10 0.0
2 11 0.0
2 12 0.0
2 13 0.0
2 14 0.0
2 15 0.0
2 16 0.0
2 17 0.0
2 18 0.0
2 19 0.0
2 20 0.0
2 21 0.0
2 22 0.0
2 23 0.0
2 24 0.0
2 25 0.0
2 26 0.0
2 27 0.0
2 28 0.0
2 29 0.0
2 30 0.0
2 31 0.0
2 32 0.0
2 33 0.0
2 34 0.0
2 35 0.0
2 36 0.0
2 37 0.0
3 4 0.046014196005583125
3 5 0.04031662716398821
3 6 0.04214832231065439
3 7 0.0
3 8 0.0
3 9 0.0
3 10 0.05144635928389388
3 11 0.0
3 12 0.06417722620685608
3 13 0.04520487009270073
3 14 0.0
3 15 0.0
3 16 0.125899460940491
3 17 0.0
3 18 0.0
3 19 0.0
3 20 0.04180656938144796
3 21 0.0
3 22 0.0
3 23 0.9192176313823872
3 24 0.043043168361916795
3 25 0.0
3 26 0.0
3 27 0.04747056016187896
3 28 0.0
3 29 0.05146924090374598
3 30 0.0
3 31 0.0
3 32 0.043677535701461954
3 33 0.0
3 34 0.0
3 35 0.0
3 36 0.0
3 37 0.0
4 5 0.4329276614688236
4 6 0.031229956577817162
4 7 0.0
4 8 0.05164985510337407
4 9 0.0
4 10 0.038119371743454845
4 11 0.0
4 12 0.047552355060600446
4 13 0.03349471705411259
4 14 0.0
4 15 0.0
4 16 0.0
4 17 0.0
4 18 0.0
4 19 0.095776473137623
4 20 0.030976733470600842
4 21 0.1750758906809642
4 22 0.0
4 23 0.16726929897696002
4 24 0.2634950344030844
4 25 0.0
4 26 0.0
4 27 0.13909819588844083
4 28 0.0
4 29 0.03813632596500474
4 30 0.0
4 31 0.0
4 32 0.032363032941833306
4 33 0.0
4 34 0.0
4 35 0.0
4 36 0.0
4 37 0.0
5 6 0.19784941484716714
5 7 0.0
5 8 0.0
5 9 0.0
5 10 0.17337497983829908
5 11 0.0
5 12 0.04166432831979069
5 13 0.029347334880524368
5 14 0.0
5 15 0.0
5 16 0.0
5 17 0.0
5 18 0.0
5 19 0.0
5 20 0.027141133009059126
5 21 0.0
5 22 0.10734383855825208
5 23 0.146557683242309
5 24 0.49219108192491945
5 25 0.0
5 26 0.0
5 27 0.3138891990058128
5 28 0.0
5 29 0.03341421058729057
5 30 0.0
5 31 0.0
5 32 0.028355778135370397
5 33 0.0
5 34 0.0
5 35 0.0
5 36 0.0
5 37 0.0
6 7 0.0
6 8 0.0
6 9 0.0
6 10 0.034916780167751744
6 11 0.0
6 12 0.04355725323293012
6 13 0.0306806649393508
6 14 0.0
6 15 0.0
6 16 0.0
6 17 0.0
6 18 0.0
6 19 0.0
6 20 0.02837422925506953
6 21 0.0
6 22 0.0
6 23 0.03874348100114115
6 24 0.02921351225502739
6 25 0.0
6 26 0.0
6 27 0.7326531068602797
6 28 0.0
6 29 0.034932309983687786
6 30 0.0
6 31 0.0
6 32 0.029644059046847398
6 33 0.0
6 34 0.0
6 35 0.0
6 36 0.0
6 37 0.0
7 8 0.24941872729978126
7 9 0.0
7 10 0.0
7 11 0.0
7 12 0.0
7 13 0.0
7 14 0.0
7 15 0.0
7 16 0.0
7 17 0.0
7 18 0.02975065460138739
7 19 0.0
7 20 0.0
7 21 0.0
7 22 0.0
7 23 0.0
7 24 0.035290390205752406
7 25 0.030071521022102917
7 26 0.0
7 27 0.0
7 28 0.0
7 29 0.0
7 30 0.0
7 31 0.0
7 32 0.0
7 33 0.0
7 34 0.0
7 35 0.0
7 36 0.0
7 37 0.0
8 9 0.0
8 10 0.0
8 11 0.0
8 12 0.0
8 13 0.0
8 14 0.0
8 15 0.0
8 16 0.0
8 17 0.0
8 18 0.0
8 19 0.0
8 20 0.0
8 21 0.0
8 22 0.0
8 23 0.0
8 24 0.0
8 25 0.0
8 26 0.0
8 27 0.0
8 28 0.0
8 29 0.0
8 30 0.0
8 31 0.0
8 32 0.0
8 33 0.0
8 34 0.0
8 35 0.0
8 36 0.0
8 37 0.0
9 10 0.0
9 11 0.0
9 12 0.0
9 13 0.0
9 14 0.0
9 15 0.0
9 16 0.0
9 17 0.0
9 18 0.0
9 19 0.0
9 20 0.0
9 21 0.0
9 22 0.0
9 23 0.0
9 24 0.0
9 25 0.0
9 26 0.0
9 27 0.0
9 28 0.0
9 29 0.0
9 30 0.0
9 31 0.0
9 32 0.0
9 33 0.0
9 34 0.0
9 35 0.0
9 36 0.0
9 37 0.0
10 11 0.0
10 12 0.19361020570868873
10 13 0.037448904843826056
10 14 0.0
10 15 0.0
10 16 0.0
10 17 0.0
10 18 0.0
10 19 0.0
10 20 0.03463366304121858
10 21 0.1402911986746594
10 22 0.3718550646679859
10 23 0.04729040052418821
10 24 0.18510001882274565
10 25 0.0
10 26 0.0
10 27 0.03932586216351886
10 28 0.0
10 29 0.04263847459434625
10 30 0.0
10 31 0.0
10 32 0.03618362081215178
10 33 0.0
10 34 0.0
10 35 0.0
10 36 0.031161074115347957
10 37 0.0
11 12 0.0
11 13 0.0
11 14 0.0
11 15 0.0
11 16 0.0
11 17 0.0
11 18 0.0
11 19 0.0
11 20 0.0
11 21 0.0
11 22 0.0
11 23 0.0
11 24 0.0
11 25 0.0
11 26 0.0
11 27 0.0
11 28 1.0
11 29 0.0
11 30 0.0
11 31 0.0
11 32 0.0
11 33 0.0
11 34 0.0
11 35 0.0
11 36 0.0
11 37 0.0
12 13 0.22842214457785778
12 14 0.0
12 15 0.0
12 16 0.0
12 17 0.0
12 18 0.0722473882127795
12 19 0.0
12 20 0.387773989644785
12 21 0.0
12 22 0.10770310216360979
12 23 0.05899283786255792
12 24 0.04448201213014181
12 25 0.0
12 26 0.0
12 27 0.04905740244748315
12 28 0.0
12 29 0.260076278571729
12 30 0.0
12 31 0.09449124532642737
12 32 0.04513758505301195
12 33 0.0
12 34 0.0
12 35 0.0
12 36 0.0
12 37 0.0
13 14 0.0
13 15 0.0
13 16 0.0
13 17 0.0
13 18 0.0
13 19 0.0
13 20 0.09016869554807211
13 21 0.07263599384390707
13 22 0.0
13 23 0.04155311361356088
13 24 0.03133204251183706
13 25 0.0
13 26 0.0
13 27 0.034554835660487046
13 28 0.0
13 29 0.18319137616097342
13 30 0.0
13 31 0.0
13 32 0.03179381206104004
13 33 0.0
13 34 0.0
13 35 0.0
13 36 0.0
13 37 0.0
14 15 0.0
14 16 0.0
14 17 0.0
14 18 0.0
14 19 0.0
14 20 0.0
14 21 0.0
14 22 0.0
14 23 0.0
14 24 0.0
14 25 0.07327760810970152
14 26 0.0
14 27 0.0
14 28 0.0
14 29 0.0
14 30 0.0
14 31 0.0
14 32 0.0
14 33 0.0
14 34 0.0
14 35 0.0
14 36 0.0
14 37 0.0
15 16 0.04974158589125782
15 17 0.0
15 18 0.0
15 19 0.0
15 20 0.0
15 21 0.0
15 22 0.0
15 23 0.0
15 24 0.0
15 25 0.0
15 26 0.0
15 27 0.0
15 28 0.0
15 29 0.0
15 30 0.0
15 31 0.0
15 32 0.0
15 33 0.0
15 34 0.0
15 35 0.0
15 36 0.0
15 37 0.0
16 17 0.0
16 18 0.2309108255325372
16 19 0.0
16 20 0.0
16 21 0.0
16 22 0.0
16 23 0.11572900427803752
16 24 0.0
16 25 0.0
16 26 0.0
16 27 0.0
16 28 0.0
16 29 0.0
16 30 0.0
16 31 0.0
16 32 0.0
16 33 0.0
16 34 0.0
16 35 0.0
16 36 0.0
16 37 0.0
17 18 0.0
17 19 0.0
17 20 0.0
17 21 0.0
17 22 0.0
17 23 0.0
17 24 0.0
17 25 0.0
17 26 0.0
17 27 0.0
17 28 0.0
17 29 0.0
17 30 0.0
17 31 0.0
17 32 0.0
17 33 0.0
17 34 0.0
17 35 0.08795090141309889
17 36 0.0
17 37 0.0
18 19 0.0
18 20 0.047063664581117375
18 21 0.0
18 22 0.0
18 23 0.0
18 24 0.02587914042614382
18 25 0.02205204053628982
18 26 0.0
18 27 0.0
18 28 0.0
18 29 0.0
18 30 0.0
18 31 0.05342627896087799
18 32 0.0
18 33 0.0
18 34 0.0
18 35 0.0
18 36 0.0
18 37 0.0
19 20 0.0
19 21 0.0
19 22 0.0
19 23 0.0
19 24 0.0
19 25 0.0
19 26 0.14650495933945332
19 27 0.0
19 28 0.0
19 29 0.0
19 30 0.0
19 31 0.0
19 32 0.07308279873418974
19 33 0.0
19 34 0.0
19 35 0.0
19 36 0.0
19 37 0.0
20 21 0.0
20 22 0.0
20 23 0.03842933568303802
20 24 0.028976639164042223
20 25 0.0
20 26 0.0
20 27 0.031957157083788365
20 28 0.0
20 29 0.10266403384465478
20 30 0.0
20 31 0.06155384140389488
20 32 0.029403694936073102
20 33 0.0
20 34 0.0
20 35 0.0
20 36 0.0
20 37 0.0
21 22 0.025951642253697567
21 23 0.0
21 24 0.0
21 25 0.0
21 26 0.0
21 27 0.0
21 28 0.0
21 29 0.0
21 30 0.0
21 31 0.0
21 32 0.0
21 33 0.0
21 34 0.0
21 35 0.0
21 36 0.026341952192565087
21 37 0.0
22 23 0.0
22 24 0.11460330986725818
22 25 0.0
22 26 0.0
22 27 0.0
22 28 0.0
22 29 0.0
22 30 0.0
22 31 0.0
22 32 0.0
22 33 0.0
22 34 0.0
22 35 0.0
22 36 0.02389665578588272
22 37 0.0
23 24 0.15646911654767368
23 25 0.0
23 26 0.0
23 27 0.17256342628169916
23 28 0.0
23 29 0.04731143371259085
23 30 0.0
23 31 0.0
23 32 0.04014916091211751
23 33 0.0
23 34 0.0
23 35 0.0
23 36 0.0
23 37 0.0
24 25 0.026158251836329194
24 26 0.0
24 27 0.1301169548575527
24 28 0.0
24 29 0.035673953729789515
24 30 0.0
24 31 0.0
24 32 0.03027342856210222
24 33 0.0
24 34 0.0
24 35 0.0
24 36 0.0
24 37 0.0
25 26 0.0
25 27 0.0
25 28 0.0
25 29 0.0
25 30 0.0
25 31 0.0
25 32 0.0
25 33 0.0
25 34 0.0
25 35 0.0
25 36 0.0
25 37 0.0
26 27 0.0
26 28 0.0
26 29 0.0
26 30 0.0
26 31 0.0
26 32 0.0
26 33 0.0
26 34 0.0
26 35 0.0
26 36 0.0
26 37 0.0
27 28 0.0
27 29 0.03934335299165339
27 30 0.0
27 31 0.0
27 32 0.033387333380762815
27 33 0.0
27 34 0.0
27 35 0.0
27 36 0.0
27 37 0.0
28 29 0.0
28 30 0.0
28 31 0.0
28 32 0.0
28 33 0.0
28 34 0.0
28 35 0.0
28 36 0.0
28 37 0.0
29 30 0.0
29 31 0.0
29 32 0.03619971407643366
29 33 0.0
29 34 0.0
29 35 0.0
29 36 0.0
29 37 0.0
30 31 0.0
30 32 0.0
30 33 0.0
30 34 0.0
30 35 0.0
30 36 0.0
30 37 0.0
31 32 0.0
31 33 0.0
31 34 0.0
31 35 0.0
31 36 0.0
31 37 0.0
32 33 0.0
32 34 0.0
32 35 0.0
32 36 0.0
32 37 0.0
33 34 0.3168039831604108
33 35 0.46138876155119896
33 36 0.0
33 37 0.14844187619375981
34 35 0.0
34 36 0.0
34 37 0.0
35 36 0.0
35 37 0.06618145897863797
36 37 0.0
