0 1 0.0
0 2 0.0
0 3 0.0
0 4 0.0
0 5 0.0
0 6 0.0
0 7 0.0
0 8 0.0
0 9 0.0
0 10 0.0326623797942473
0 11 0.6598391578688546
0 12 0.0
0 13 0.0
0 14 0.0
0 15 0.0
0 16 0.0
0 17 0.0
0 18 0.0
0 19 0.0
0 20 0.0
0 21 0.0
0 22 0.034595115230767484
0 23 0.08529333884900021
0 24 0.0
0 25 0.0
0 26 0.0
0 27 0.0
0 28 0.0
0 29 0.0
0 30 0.0
0 31 0.0
0 32 0.574758072611273
1 2 0.0
1 3 0.0
1 4 0.0
1 5 0.0
1 6 0.1277281736996803
1 7 0.0
1 8 0.0
1 9 0.0
1 10 0.0
1 11 0.0
1 12 0.0
1 13 0.0
1 14 0.0
1 15 0.0
1 16 0.0
1 17 0.0
1 18 0.0
1 19 0.0
1 20 0.0
1 21 0.0
1 22 0.0
1 23 0.1582538261300361
1 24 0.0
1 25 0.0
1 26 0.0
1 27 0.0
1 28 0.0
1 29 0.0
1 30 0.0
1 31 0.0
1 32 0.0
2 3 0.7611386875313573
2 4 0.0
2 5 0.0
2 6 0.0
2 7 0.028872134672745842
2 8 0.0
2 9 0.0
2 10 0.0
2 11 0.0
2 12 0.0
2 13 0.0
2 14 0.0
2 15 0.0
2 16 0.0
2 17 0.0
2 18 0.0
2 19 0.0
2 20 0.0
2 21 0.0
2 22 0.031165936663347184
2 23 0.0
2 24 0.3903917738471143
2 25 0.0
2 26 0.0
2 27 0.0
2 28 0.23695280761746187
2 29 0.0
2 30 0.03374531185936658
2 31 0.0
2 32 0.0
3 4 0.0
3 5 0.0
3 6 0.0
3 7 0.0
3 8 0.0
3 9 0.0
3 10 0.0
3 11 0.0
3 12 0.0
3 13 0.10084247990143179
3 14 0.0
3 15 0.0
3 16 0.0
3 17 0.0
3 18 0.0
3 19 0.0
3 20 0.0
3 21 0.0
3 22 0.0
3 23 0.0
3 24 0.3068283306631517
3 25 0.0
3 26 0.11106445567424714
3 27 0.0
3 28 0.18623300816703456
3 29 0.0
3 30 0.0
3 31 0.0
3 32 0.0
4 5 0.0
4 6 0.0
4 7 0.06549356699289774
4 8 0.05619767684923167
4 9 0.06848235143873771
4 10 0.0
4 11 0.0
4 12 0.0
4 13 0.0
4 14 0.0
4 15 0.0
4 16 0.0
4 17 0.25326202680530363
4 18 0.0
4 19 0.14301574399668213
4 20 0.06706471543676251
4 21 0.0
4 22 0.0
4 23 0.10419176558035706
4 24 0.0
4 25 0.0
4 26 0.34663908544476624
4 27 0.0
4 28 0.0
4 29 0.0
4 30 0.07654788494194367
4 31 0.0
4 32 0.0
5 6 0.0
5 7 0.0
5 8 0.0
5 9 0.0
5 10 0.0
5 11 0.0
5 12 0.15992243488220131
5 13 0.1248937767764329
5 14 0.0
5 15 0.0
5 16 0.0
5 17 0.0
5 18 0.0
5 19 0.0
5 20 0.0
5 21 0.0
5 22 0.0
5 23 0.0
5 24 0.0
5 25 0.0
5 26 0.0
5 27 0.8181245575958599
5 28 0.0
5 29 0.0
5 30 0.0
5 31 0.0
5 32 0.0
6 7 0.06802904880835882
6 8 0.0
6 9 0.07113353940612639
6 10 0.0
6 11 0.05854280086358218
6 12 0.0
6 13 0.0
6 14 0.0
6 15 0.0
6 16 0.0
6 17 0.0
6 18 0.0
6 19 0.09729217994064397
6 20 0.0
6 21 0.0
6 22 0.0
6 23 0.2501505973483871
6 24 0.0
6 25 0.0
6 26 0.09077607673339869
6 27 0.0
6 28 0.0
6 29 0.0
6 30 0.0
6 31 0.0
6 32 0.05099416575744616
7 8 0.05060458777870844
7 9 0.9563568659216725
7 10 0.0
7 11 0.05332787808014793
7 12 0.0
7 13 0.0
7 14 0.0
7 15 0.0
7 16 0.0
7 17 0.054356858511314415
7 18 0.0
7 19 0.128782063184456
7 20 0.06039008139568941
7 21 0.17251045127537892
7 22 0.028504137590381125
7 23 0.0
7 24 0.0
7 25 0.0
7 26 0.12015693816964135
7 27 0.0
7 28 0.0
7 29 0.0
7 30 0.16872208702212635
7 31 0.0
7 32 0.04645166637395397
8 9 0.052913916950801776
8 10 0.0
8 11 0.0
8 12 0.0
8 13 0.0
8 14 0.0
8 15 0.0
8 16 0.0
8 17 0.046641667409709375
8 18 0.0
8 19 0.18425444454585846
8 20 0.051818559211193674
8 21 0.0
8 22 0.0
8 23 0.0
8 24 0.0
8 25 0.0
8 26 0.10310235176506534
8 27 0.0
8 28 0.0
8 29 0.0
8 30 0.1897082345173529
8 31 0.0
8 32 0.0
9 10 0.0
9 11 0.0557614840028927
9 12 0.0
9 13 0.0
9 14 0.0
9 15 0.0
9 16 0.0
9 17 0.05683742172847677
9 18 0.0
9 19 0.13465900415776755
9 20 0.06314596940493496
9 21 0.18038292756870097
9 22 0.0
9 23 0.0
9 24 0.0
9 25 0.0
9 26 0.12564027347034537
9 27 0.0
9 28 0.0
9 29 0.0
9 30 0.07207501543959133
9 31 0.0
9 32 0.04857147789615854
10 11 0.03687329075253528
10 12 0.0
10 13 0.0
10 14 0.0
10 15 0.0
10 16 0.0
10 17 0.0
10 18 0.0
10 19 0.0
10 20 0.0
10 21 0.0
10 22 0.0
10 23 0.0
10 24 0.0
10 25 0.0
10 26 0.0
10 27 0.0
10 28 0.0
10 29 0.0
10 30 0.0
10 31 0.0
10 32 0.03211876905307048
11 12 0.0
11 13 0.0
11 14 0.0
11 15 0.0
11 16 0.0
11 17 0.0
11 18 0.0
11 19 0.0
11 20 0.0
11 21 0.0
11 22 0.0
11 23 0.0
11 24 0.0
11 25 0.0
11 26 0.0
11 27 0.0
11 28 0.0
11 29 0.0
11 30 0.0
11 31 0.0
11 32 0.8710578415315997
12 13 0.1585272767225469
12 14 0.0
12 15 0.0
12 16 0.0
12 17 0.0
12 18 0.0
12 19 0.0
12 20 0.0
12 21 0.0
12 22 0.0
12 23 0.0
12 24 0.0
12 25 0.0
12 26 0.0
12 27 0.1605857963897831
12 28 0.0
12 29 0.0
12 30 0.0
12 31 0.0
12 32 0.0
13 14 0.0
13 15 0.0
13 16 0.0
13 17 0.0
13 18 0.0
13 19 0.0
13 20 0.0
13 21 0.0
13 22 0.0
13 23 0.0
13 24 0.0
13 25 0.0
13 26 0.11954326804726748
13 27 0.1254118386988331
13 28 0.0
13 29 0.0
13 30 0.0
13 31 0.0
13 32 0.0
14 15 0.0
14 16 0.0
14 17 0.0
14 18 0.0
14 19 0.0
14 20 0.0
14 21 0.0
14 22 0.0
14 23 0.0
14 24 0.0
14 25 0.0
14 26 0.0
14 27 0.0
14 28 0.0
14 29 0.0
14 30 0.0
14 31 0.0
14 32 0.0
15 16 0.0
15 17 0.0
15 18 0.0
15 19 0.0
15 20 0.0
15 21 0.0
15 22 0.0
15 23 0.0
15 24 0.0
15 25 0.0
15 26 0.0
15 27 0.0
15 28 0.0
15 29 0.0
15 30 0.0
15 31 0.0
15 32 0.0
16 17 0.0
16 18 0.0
16 19 0.0
16 20 0.0
16 21 0.07050639120184996
16 22 0.0
16 23 0.0
16 24 0.0
16 25 0.0
16 26 0.05132455170234188
16 27 0.0
16 28 0.0
16 29 0.07758509205375363
16 30 0.0
16 31 0.0
16 32 0.0
17 18 0.03365394790476283
17 19 0.1989179627663451
17 20 0.05566084449932283
17 21 0.0
17 22 0.0
17 23 0.0
17 24 0.0
17 25 0.0
17 26 0.2876956102277324
17 27 0.0
17 28 0.0
17 29 0.03382527678595927
17 30 0.0635314694583794
17 31 0.0
17 32 0.0
18 19 0.0
18 20 0.0
18 21 0.0
18 22 0.0
18 23 0.0
18 24 0.0
18 25 0.0
18 26 0.0
18 27 0.036751127549878186
18 28 0.0
18 29 0.1677997601652015
18 30 0.0
18 31 0.0
18 32 0.0
19 20 0.1318714618454252
19 21 0.0
19 22 0.0
19 23 0.0
19 24 0.0
19 25 0.0
19 26 0.48866195629749953
19 27 0.0
19 28 0.0
19 29 0.06700493702175239
19 30 0.1505185166704828
19 31 0.0
19 32 0.0
20 21 0.0
20 22 0.0
20 23 0.0
20 24 0.0
20 25 0.0
20 26 0.12303942564272798
20 27 0.0
20 28 0.0
20 29 0.0
20 30 0.07058300860011404
20 31 0.0
20 32 0.0
21 22 0.3845702941537575
21 23 0.0
21 24 0.0
21 25 0.0
21 26 0.08624621256306299
21 27 0.0
21 28 0.0
21 29 0.0
21 30 0.0
21 31 0.0
21 32 0.0
22 23 0.12078176727698846
22 24 0.0
22 25 0.0
22 26 0.0
22 27 0.0
22 28 0.0
22 29 0.0
22 30 0.033315202466746685
22 31 0.0
22 32 0.0
23 24 0.0
23 25 0.0
23 26 0.0
23 27 0.0
23 28 0.0
23 29 0.0
23 30 0.0
23 31 0.0
23 32 0.0
24 25 0.0
24 26 0.0
24 27 0.0
24 28 0.2645173781161933
24 29 0.0
24 30 0.0
24 31 0.0
24 32 0.0
25 26 0.0
25 27 0.0
25 28 0.0
25 29 0.0
25 30 0.0
25 31 0.0
25 32 0.0
26 27 0.0
26 28 0.0
26 29 0.0
26 30 0.1404376017416088
26 31 0.0
26 32 0.0
27 28 0.0
27 29 0.03693822386272823
27 30 0.0
27 31 0.0
27 32 0.0
28 29 0.0
28 30 0.0
28 31 0.0
28 32 0.0
29 30 0.0
29 31 0.0
29 32 0.0
30 31 0.0
30 32 0.0
31 32 0.0
