0 1 0.03429681194269948
0 2 0.0
0 3 0.0
0 4 0.0
0 5 0.06474639433561649
0 6 0.0
0 7 0.0
0 8 0.04373892107437461
0 9 0.0
0 10 0.0
0 11 0.0
0 12 0.08362702448351536
0 13 0.0
0 14 0.0
0 15 0.1279177378640684
0 16 0.0
0 17 0.0
0 18 0.09282919104458208
0 19 0.0
0 20 0.04658483866471526
0 21 0.055798183917880086
0 22 0.0
0 23 0.0
0 24 0.0
0 25 0.14279120975154075
0 26 0.0
0 27 0.2000466192005113
0 28 0.062250863099858944
0 29 0.1377086429010306
0 30 0.038584962639352356
0 31 0.0
0 32 0.14217030504829492
0 33 0.0
0 34 0.1497046903845344
0 35 0.046655194937767604
0 36 0.0
0 37 0.0
0 38 0.0
0 39 0.0
0 40 0.0
0 41 0.0
0 42 0.0
0 43 0.0
0 44 0.24483471966367482
0 45 0.0
0 46 0.0
0 47 0.0
0 48 0.0
0 49 0.0
0 50 0.0
0 51 0.0
0 52 0.0
0 53 0.0
0 54 0.0
0 55 0.0
0 56 0.0
0 57 0.0
0 58 0.15672952780702726
0 59 0.0
0 60 0.043099815171440105
0 61 0.0
0 62 0.037326273333088814
0 63 0.0
0 64 0.0
0 65 0.0
0 66 0.0
0 67 0.0
0 68 0.0
0 69 0.0
0 70 0.0
0 71 0.04405155554194705
0 72 0.0
0 73 0.0
0 74 0.0
0 75 0.0
0 76 0.0
0 77 0.0
0 78 0.0
0 79 0.0
0 80 0.0
0 81 0.0
0 82 0.0
0 83 0.0
0 84 0.0
0 85 0.0
0 86 0.13368758005555229
0 87 0.08229308558723089
0 88 0.0
1 2 0.0
1 3 0.0
1 4 0.09975840516192816
1 5 0.0
1 6 0.07877495595615994
1 7 0.0
1 8 0.03578026212539025
1 9 0.05073881103554625
1 10 0.0
1 11 0.0
1 12 0.15189010820666607
1 13 0.0
1 14 0.0846411498680384
1 15 0.24272852347179308
1 16 0.0
1 17 0.0
1 18 0.02648742671660056
1 19 0.10271192184004788
1 20 0.038108341439383776
1 21 0.04564524221591193
1 22 0.0
1 23 0.0
1 24 0.09611664735551331
1 25 0.040743344431949775
1 26 0.0
1 27 0.0
1 28 0.0
1 29 0.03929310970007049
1 30 0.031564109114325174
1 31 0.07576144805936423
1 32 0.20871908579602053
1 33 0.22516705176905716
1 34 0.13475788199259953
1 35 0.03816589580584147
1 36 0.0
1 37 0.0
1 38 0.0
1 39 0.0
1 40 0.07857090488455859
1 41 0.0
1 42 0.07399884151353917
1 43 0.0
1 44 0.04795098209374827
1 45 0.0
1 46 0.0
1 47 0.0
1 48 0.0
1 49 0.0
1 50 0.0
1 51 0.0
1 52 0.0
1 53 0.06971180933732597
1 54 0.0
1 55 0.0
1 56 0.16859830936552062
1 57 0.0
1 58 0.3732116628189404
1 59 0.0
1 60 0.181404863322896
1 61 0.22549170533651006
1 62 0.030534448752197022
1 63 0.06486082670542623
1 64 0.0
1 65 0.0
1 66 0.07399884151353917
1 67 0.0
1 68 0.0
1 69 0.0
1 70 0.0
1 71 0.27582401329935813
1 72 0.24415312524242913
1 73 0.0
1 74 0.0
1 75 0.0
1 76 0.0
1 77 0.0
1 78 0.0
1 79 0.0
1 80 0.0
1 81 0.0
1 82 0.0
1 83 0.09611664735551331
1 84 0.0
1 85 0.0
1 86 0.3183431019597305
1 87 0.0
1 88 0.0
2 3 0.04280266877192593
2 4 0.0
2 5 0.12937727480610303
2 6 0.0
2 7 0.21188168567596474
2 8 0.06459038366195298
2 9 0.23303280846199093
2 10 0.0
2 11 0.07964720788580042
2 12 0.13279630553701047
2 13 0.0
2 14 0.0
2 15 0.0
2 16 0.05150435328189211
2 17 0.0
2 18 0.0
2 19 0.0
2 20 0.0
2 21 0.0
2 22 0.0
2 23 0.0
2 24 0.0
2 25 0.1419992612233138
2 26 0.0
2 27 0.0
2 28 0.0
2 29 0.0
2 30 0.0
2 31 0.06347135175443888
2 32 0.0
2 33 0.0
2 34 0.0
2 35 0.0
2 36 0.0
2 37 0.0
2 38 0.0
2 39 0.0
2 40 0.0
2 41 0.0
2 42 0.0
2 43 0.0
2 44 0.0
2 45 0.0
2 46 0.0
2 47 0.0
2 48 0.1323609206377921
2 49 0.0
2 50 0.14353101935775675
2 51 0.0
2 52 0.0
2 53 0.0
2 54 0.05053474526479467
2 55 0.0490561635419676
2 56 0.0
2 57 0.05786249059468907
2 58 0.0
2 59 0.0
2 60 0.0
2 61 0.0
2 62 0.0
2 63 0.0
2 64 0.13605879721307065
2 65 0.04324294795631475
2 66 0.0
2 67 0.0
2 68 0.06781288209501533
2 69 0.0
2 70 0.06298326056347399
2 71 0.0
2 72 0.0
2 73 0.0
2 74 0.0
2 75 0.0
2 76 0.0
2 77 0.0
2 78 0.12182154569305906
2 79 0.04724839237277805
2 80 0.07183515860824918
2 81 0.0
2 82 0.13451799323046656
2 83 0.0
2 84 0.0
2 85 0.0
2 86 0.0
2 87 0.0
2 88 0.14649179552364955
3 4 0.0
3 5 0.10677200650617265
3 6 0.0
3 7 0.0
3 8 0.03703516352380221
3 9 0.0
3 10 0.0
3 11 0.0
3 12 0.0
3 13 0.0
3 14 0.0
3 15 0.0
3 16 0.02953182870016224
3 17 0.0
3 18 0.0
3 19 0.0
3 20 0.1190286913438513
3 21 0.0
3 22 0.0
3 23 0.0
3 24 0.0
3 25 0.0
3 26 0.0
3 27 0.0
3 28 0.0
3 29 0.0
3 30 0.0
3 31 0.03639352730284337
3 32 0.0
3 33 0.0
3 34 0.0
3 35 0.0
3 36 0.0
3 37 0.0
3 38 0.0
3 39 0.0
3 40 0.0
3 41 0.0
3 42 0.0
3 43 0.0
3 44 0.0
3 45 0.0
3 46 0.0
3 47 0.0
3 48 0.0
3 49 0.0
3 50 0.0
3 51 0.0
3 52 0.0
3 53 0.0
3 54 0.22924159514401643
3 55 0.872523770337405
3 56 0.0
3 57 0.03317748989206084
3 58 0.0
3 59 0.0
3 60 0.11012412501718256
3 61 0.0
3 62 0.09537217676242891
3 63 0.0
3 64 0.0
3 65 0.024794861990528102
3 66 0.0
3 67 0.0
3 68 0.1126068974163953
3 69 0.0
3 70 0.036113663087041226
3 71 0.0
3 72 0.0
3 73 0.0
3 74 0.0
3 75 0.0
3 76 0.0
3 77 0.0
3 78 0.0
3 79 0.378376547768865
3 80 0.0
3 81 0.0
3 82 0.0
3 83 0.0
3 84 0.0
3 85 0.0
3 86 0.0
3 87 0.0
3 88 0.0
4 5 0.057472022074778965
4 6 0.08816760225289998
4 7 0.0
4 8 0.0
4 9 0.0
4 10 0.025220637273015028
4 11 0.0
4 12 0.0
4 13 0.132236723696986
4 14 0.0
4 15 0.0
4 16 0.0
4 17 0.0
4 18 0.02280458790587667
4 19 0.9281727916983206
4 20 0.0
4 21 0.05711679321739277
4 22 0.0
4 23 0.0
4 24 0.10777823112414862
4 25 0.04745985307235656
4 26 0.0
4 27 0.06143547666919185
4 28 0.0
4 29 0.0
4 30 0.0
4 31 0.0
4 32 0.05076126049393786
4 33 0.0
4 34 0.0
4 35 0.0
4 36 0.0
4 37 0.0
4 38 0.05021024154158416
4 39 0.25055945158559767
4 40 0.04247531450306095
4 41 0.0
4 42 0.14028063061941956
4 43 0.057890252632133536
4 44 0.0
4 45 0.0
4 46 0.0
4 47 0.0
4 48 0.0
4 49 0.0
4 50 0.0
4 51 0.132236723696986
4 52 0.0
4 53 0.0
4 54 0.0
4 55 0.0
4 56 0.0
4 57 0.0
4 58 0.0
4 59 0.0
4 60 0.044118339666358794
4 61 0.044788434911333476
4 62 0.0
4 63 0.0
4 64 0.0
4 65 0.0
4 66 0.14028063061941956
4 67 0.0550342338240571
4 68 0.0
4 69 0.11801512819951712
4 70 0.0
4 71 0.1732243910848494
4 72 0.13046434277423558
4 73 0.0
4 74 0.0
4 75 0.0
4 76 0.036536761883733296
4 77 0.0
4 78 0.08106680335565813
4 79 0.0
4 80 0.0
4 81 0.0
4 82 0.0
4 83 0.10777823112414862
4 84 0.03959900683922261
4 85 0.0
4 86 0.0
4 87 0.0
4 88 0.05058069799476471
5 6 0.0
5 7 0.0
5 8 0.0
5 9 0.0
5 10 0.022785792755365405
5 11 0.0
5 12 0.06917529892592554
5 13 0.03171011944409871
5 14 0.0
5 15 0.06890453540585216
5 16 0.0
5 17 0.0
5 18 0.07060663120842776
5 19 0.025148493293134563
5 20 0.0
5 21 0.0
5 22 0.0
5 23 0.0
5 24 0.04694415748009875
5 25 0.11979431810419916
5 26 0.0
5 27 0.0
5 28 0.05149318763790834
5 29 0.07417853238265615
5 30 0.0
5 31 0.0
5 32 0.07658186410606274
5 33 0.0
5 34 0.08064035771164794
5 35 0.0
5 36 0.0
5 37 0.09835325558104187
5 38 0.0
5 39 0.051732149135787345
5 40 0.03837467320943761
5 41 0.0
5 42 0.02671287318835829
5 43 0.0
5 44 0.0
5 45 0.0
5 46 0.0
5 47 0.0
5 48 0.0
5 49 0.0
5 50 0.0
5 51 0.03171011944409871
5 52 0.0
5 53 0.0
5 54 0.0
5 55 0.12237145867657437
5 56 0.0
5 57 0.0
5 58 0.08442437677718896
5 59 0.0
5 60 0.0
5 61 0.0
5 62 0.0
5 63 0.0
5 64 0.0
5 65 0.0
5 66 0.02671287318835829
5 67 0.0
5 68 0.0
5 69 0.051402966122635355
5 70 0.0
5 71 0.0
5 72 0.0
5 73 0.0
5 74 0.0
5 75 0.0
5 76 0.03300943886638581
5 77 0.0
5 78 0.0
5 79 0.0
5 80 0.0
5 81 0.0
5 82 0.0
5 83 0.04694415748009875
5 84 0.03577604932775586
5 85 0.0
5 86 0.07201253514230589
5 87 0.06807188023478718
5 88 0.0
6 7 0.0
6 8 0.0
6 9 0.0
6 10 0.0
6 11 0.0
6 12 0.0
6 13 0.0
6 14 0.27925245933054266
6 15 0.1569940863149692
6 16 0.0
6 17 0.0
6 18 0.0
6 19 0.09077795356416118
6 20 0.0
6 21 0.5458418143596013
6 22 0.0
6 23 0.0
6 24 0.3171130141601376
6 25 0.11353253348375421
6 26 0.41427318276000236
6 27 0.0
6 28 0.0
6 29 0.0
6 30 0.0
6 31 0.4659225976869425
6 32 0.0
6 33 0.10145971797853455
6 34 0.42269873244690537
6 35 0.0
6 36 0.0
6 37 0.0
6 38 0.17259226611025544
6 39 0.07936208582946999
6 40 0.10238252925683518
6 41 0.0
6 42 0.09642486067028572
6 43 0.19899147227165226
6 44 0.0
6 45 0.06305426842529607
6 46 0.0
6 47 0.0
6 48 0.0
6 49 0.0
6 50 0.0
6 51 0.0
6 52 0.0
6 53 0.5825250355568398
6 54 0.0
6 55 0.0
6 56 0.08346546081430699
6 57 0.0
6 58 0.0
6 59 0.0
6 60 0.0
6 61 0.4743052805761005
6 62 0.0
6 63 0.45811069081982764
6 64 0.0
6 65 0.0
6 66 0.09642486067028572
6 67 0.0
6 68 0.0
6 69 0.0
6 70 0.15007146221945206
6 71 0.0
6 72 0.0
6 73 0.0
6 74 0.0
6 75 0.0
6 76 0.13491419969445356
6 77 0.0
6 78 0.09438137200547225
6 79 0.0
6 80 0.0
6 81 0.0
6 82 0.0
6 83 0.3171130141601376
6 84 0.0
6 85 0.05491768151674512
6 86 0.0
6 87 0.0
6 88 0.0
7 8 0.0
7 9 0.0
7 10 0.0
7 11 0.0
7 12 0.18775111652998402
7 13 0.0
7 14 0.0
7 15 0.0
7 16 0.0
7 17 0.0
7 18 0.0
7 19 0.0
7 20 0.0
7 21 0.0
7 22 0.0
7 23 0.0
7 24 0.0
7 25 0.0
7 26 0.0
7 27 0.0
7 28 0.0
7 29 0.0
7 30 0.0
7 31 0.0
7 32 0.0
7 33 0.0
7 34 0.0
7 35 0.0
7 36 0.0
7 37 0.0
7 38 0.0
7 39 0.0
7 40 0.0
7 41 0.0
7 42 0.0
7 43 0.0
7 44 0.0
7 45 0.0
7 46 0.0
7 47 0.0
7 48 0.1871355572294599
7 49 0.0
7 50 0.677411164159142
7 51 0.0
7 52 0.0
7 53 0.0
7 54 0.0
7 55 0.0
7 56 0.0
7 57 0.0
7 58 0.0
7 59 0.0
7 60 0.0
7 61 0.0
7 62 0.0
7 63 0.0
7 64 0.6421451518049006
7 65 0.0
7 66 0.0
7 67 0.0
7 68 0.0
7 69 0.0
7 70 0.0
7 71 0.0
7 72 0.0
7 73 0.0
7 74 0.0
7 75 0.0
7 76 0.0
7 77 0.0
7 78 0.17223469530111152
7 79 0.0
7 80 0.0
7 81 0.0
7 82 0.1901852865579463
7 83 0.0
7 84 0.0
7 85 0.0
7 86 0.0
7 87 0.0
7 88 0.2071141818352915
8 9 0.0
8 10 0.0
8 11 0.0
8 12 0.0
8 13 0.0
8 14 0.0
8 15 0.046547920802520196
8 16 0.04456432742889284
8 17 0.0
8 18 0.033779567283287446
8 19 0.0
8 20 0.048599786513024
8 21 0.05821163932198832
8 22 0.0
8 23 0.0
8 24 0.0
8 25 0.0519602209497623
8 26 0.0
8 27 0.0
8 28 0.0
8 29 0.05011072827438007
8 30 0.0402538894764034
8 31 0.054918816016542624
8 32 0.051734280251973304
8 33 0.0
8 34 0.05447596391354356
8 35 0.048673185926829114
8 36 0.0
8 37 0.0
8 38 0.0
8 39 0.0
8 40 0.0
8 41 0.0
8 42 0.0
8 43 0.0
8 44 0.06115216261911622
8 45 0.0
8 46 0.0
8 47 0.0
8 48 0.0
8 49 0.0
8 50 0.0
8 51 0.0
8 52 0.0
8 53 0.0
8 54 0.04372537059518376
8 55 0.04244602242696575
8 56 0.0
8 57 0.050065728669571326
8 58 0.05703222844301996
8 59 0.0
8 60 0.04496402426460104
8 61 0.0
8 62 0.03894075770812773
8 63 0.0
8 64 0.0
8 65 0.03741611667597251
8 66 0.0
8 67 0.0
8 68 0.05867534080156394
8 69 0.0
8 70 0.054496493353247195
8 71 0.04595693054373127
8 72 0.0
8 73 0.0
8 74 0.0
8 75 0.0
8 76 0.0
8 77 0.0
8 78 0.0
8 79 0.04088184190305265
8 80 0.0
8 81 0.0
8 82 0.0
8 83 0.0
8 84 0.0
8 85 0.0
8 86 0.04864750575341757
8 87 0.0
8 88 0.0
9 10 0.0
9 11 0.0
9 12 0.0
9 13 0.0
9 14 0.0
9 15 0.0
9 16 0.0
9 17 0.0
9 18 0.0
9 19 0.0
9 20 0.0
9 21 0.0
9 22 0.0
9 23 0.0
9 24 0.0
9 25 0.0
9 26 0.0
9 27 0.0
9 28 0.0
9 29 0.0
9 30 0.0
9 31 0.0
9 32 0.0
9 33 0.0
9 34 0.0
9 35 0.0
9 36 0.0
9 37 0.0
9 38 0.0
9 39 0.0
9 40 0.0
9 41 0.0
9 42 0.0
9 43 0.0
9 44 0.0
9 45 0.0
9 46 0.0
9 47 0.0
9 48 0.0
9 49 0.0
9 50 0.0
9 51 0.0
9 52 0.0
9 53 0.0
9 54 0.0
9 55 0.0
9 56 0.0
9 57 0.0
9 58 0.08087552438172457
9 59 0.0
9 60 0.0
9 61 0.0
9 62 0.0
9 63 0.0
9 64 0.0
9 65 0.0
9 66 0.0
9 67 0.0
9 68 0.0
9 69 0.0
9 70 0.0
9 71 0.0
9 72 0.0
9 73 0.0
9 74 0.0
9 75 0.0
9 76 0.0
9 77 0.2918867164451485
9 78 0.0
9 79 0.0
9 80 0.0
9 81 0.0
9 82 0.0
9 83 0.0
9 84 0.0
9 85 0.0
9 86 0.06898542534772951
9 87 0.0
9 88 0.0
10 11 0.0
10 12 0.0
10 13 0.0
10 14 0.0
10 15 0.0
10 16 0.0
10 17 0.0
10 18 0.02127383365295983
10 19 0.025967336989171735
10 20 0.0
10 21 0.0
10 22 0.0
10 23 0.0
10 24 0.0
10 25 0.0
10 26 0.0
10 27 0.0
10 28 0.0
10 29 0.0
10 30 0.0
10 31 0.0
10 32 0.0
10 33 0.0
10 34 0.0
10 35 0.0
10 36 0.0
10 37 0.0
10 38 0.0
10 39 0.022701789872811403
10 40 0.0
10 41 0.0
10 42 0.027582653638358406
10 43 0.0
10 44 0.0
10 45 0.0
10 46 0.0
10 47 0.0
10 48 0.0
10 49 0.0
10 50 0.0
10 51 0.0
10 52 0.0
10 53 0.0
10 54 0.0
10 55 0.0
10 56 0.0
10 57 0.0
10 58 0.0
10 59 0.0
10 60 0.0
10 61 0.0
10 62 0.0
10 63 0.0
10 64 0.0
10 65 0.11876266617209603
10 66 0.027582653638358406
10 67 0.0
10 68 0.0
10 69 0.0
10 70 0.0
10 71 0.0
10 72 0.0
10 73 0.0
10 74 0.0
10 75 0.0
10 76 0.0
10 77 0.0
10 78 0.0
10 79 0.0
10 80 0.0
10 81 0.0
10 82 0.0
10 83 0.0
10 84 0.036940929947826454
10 85 0.0
10 86 0.0
10 87 0.0
10 88 0.0
11 12 0.0
11 13 0.0
11 14 0.0
11 15 0.0
11 16 0.0
11 17 0.0
11 18 0.0
11 19 0.0
11 20 0.0
11 21 0.0
11 22 0.0
11 23 0.0
11 24 0.0
11 25 0.0
11 26 0.0
11 27 0.0
11 28 0.0
11 29 0.0
11 30 0.0
11 31 0.0
11 32 0.0
11 33 0.0
11 34 0.0
11 35 0.0
11 36 0.0
11 37 0.0
11 38 0.0
11 39 0.0
11 40 0.0
11 41 0.0
11 42 0.0
11 43 0.0
11 44 0.0
11 45 0.0
11 46 0.0
11 47 0.0
11 48 0.0
11 49 0.0
11 50 0.0
11 51 0.0
11 52 0.0
11 53 0.0
11 54 0.0
11 55 0.0
11 56 0.0
11 57 0.0
11 58 0.0
11 59 0.0
11 60 0.0
11 61 0.0
11 62 0.0
11 63 0.0
11 64 0.0
11 65 0.0
11 66 0.0
11 67 0.0
11 68 0.0
11 69 0.0
11 70 0.0
11 71 0.0
11 72 0.0
11 73 0.0
11 74 0.0
11 75 0.0
11 76 0.0
11 77 0.0
11 78 0.0
11 79 0.0
11 80 0.04735551607212646
11 81 0.32683938794903267
11 82 0.0
11 83 0.0
11 84 0.0
11 85 0.0
11 86 0.0
11 87 0.0
11 88 0.0
12 13 0.053254086445565486
12 14 0.0
12 15 0.08899771683873775
12 16 0.0
12 17 0.0
12 18 0.0645851482124705
12 19 0.0
12 20 0.0
12 21 0.0
12 22 0.15699285590831635
12 23 0.0
12 24 0.0
12 25 0.2984683899044219
12 26 0.0
12 27 0.0
12 28 0.06650906367091382
12 29 0.09580965870563109
12 30 0.0
12 31 0.0
12 32 0.3185300297646551
12 33 0.06386568105617293
12 34 0.17965172857479014
12 35 0.06745409536435623
12 36 0.0
12 37 0.0
12 38 0.07091806416763824
12 39 0.049955921054401886
12 40 0.06444656154696492
12 41 0.0
12 42 0.0
12 43 0.08176548299307197
12 44 0.0
12 45 0.0
12 46 0.07094249276315431
12 47 0.0
12 48 0.2957820486356071
12 49 0.0
12 50 0.12718470242075525
12 51 0.053254086445565486
12 52 0.17581254037618188
12 53 0.0
12 54 0.0
12 55 0.0
12 56 0.0
12 57 0.0
12 58 0.1090432833549739
12 59 0.0
12 60 0.25318964786645565
12 61 0.19377505723772553
12 62 0.0
12 63 0.0
12 64 0.1205634692256862
12 65 0.0
12 66 0.0
12 67 0.0
12 68 0.0
12 69 0.0
12 70 0.0
12 71 0.0
12 72 0.0
12 73 0.0
12 74 0.0
12 75 0.0
12 76 0.0
12 77 0.0
12 78 0.1079476555432882
12 79 0.0
12 80 0.0
12 81 0.0
12 82 0.11919814278340851
12 83 0.0
12 84 0.0
12 85 0.0
12 86 0.1604305435205106
12 87 0.08792225194078476
12 88 0.20124958979521704
13 14 0.0
13 15 0.22413368507724
13 16 0.0
13 17 0.0
13 18 0.0
13 19 0.03882037579209169
13 20 0.23401365855510897
13 21 0.05480672205343367
13 22 0.11996183296350724
13 23 0.0
13 24 0.10341917365965149
13 25 0.0455403538873988
13 26 0.06317724245212433
13 27 0.05895073767907703
13 28 0.0
13 29 0.24128901992616933
13 30 0.0
13 31 0.0
13 32 0.048708236899511786
13 33 0.05251681943289876
13 34 0.062080376192894984
13 35 0.055467576446004745
13 36 0.10712958699380408
13 37 0.0
13 38 0.18244225793986923
13 39 0.07267202439301289
13 40 0.0937518915462806
13 41 0.0
13 42 0.10623550857691859
13 43 0.12278474529641752
13 44 0.0
13 45 0.0
13 46 0.058336089445055674
13 47 0.0
13 48 0.0
13 49 0.0
13 50 0.0
13 51 1.0
13 52 0.0
13 53 0.0
13 54 0.0
13 55 0.0
13 56 0.0
13 57 0.0
13 58 0.0846430345168235
13 59 0.0
13 60 0.09357463221412535
13 61 0.04297698041363902
13 62 0.057793005617751095
13 63 0.12787196501943415
13 64 0.0
13 65 0.0
13 66 0.10623550857691859
13 67 0.0
13 68 0.0
13 69 0.20568962878663213
13 70 0.14821375774148168
13 71 0.043268816134986024
13 72 0.0
13 73 0.0
13 74 0.0
13 75 0.0
13 76 0.035059043767962914
13 77 0.0
13 78 0.0
13 79 0.0
13 80 0.0
13 81 0.0
13 82 0.0
13 83 0.10341917365965149
13 84 0.0
13 85 0.0
13 86 0.12763735794153908
13 87 0.0
13 88 0.10728124058582661
14 15 0.23783892536649434
14 16 0.0
14 17 0.0
14 18 0.0
14 19 0.0
14 20 0.0
14 21 0.2109532508552276
14 22 0.0
14 23 0.0
14 24 0.5557881198486461
14 25 0.0
14 26 0.0
14 27 0.0
14 28 0.0
14 29 0.0
14 30 0.19304894557780383
14 31 0.10607321981547889
14 32 0.0
14 33 0.2832325484647357
14 34 0.5393063294656791
14 35 0.0
14 36 0.0
14 37 0.0
14 38 0.1854448242412526
14 39 0.0
14 40 0.11000672609095859
14 41 0.0
14 42 0.3342443020718456
14 43 0.21380991994943127
14 44 0.0
14 45 0.0
14 46 0.07605082417990129
14 47 0.06596177365912244
14 48 0.0
14 49 0.0
14 50 0.0
14 51 0.0
14 52 0.0
14 53 0.09760315127264722
14 54 0.0
14 55 0.0
14 56 0.08968094608037944
14 57 0.0
14 58 0.0
14 59 0.0
14 60 0.0
14 61 0.10798164445330373
14 62 0.0
14 63 0.09081131505231281
14 64 0.0
14 65 0.0
14 66 0.3342443020718456
14 67 0.0
14 68 0.0
14 69 0.3280294831770404
14 70 0.16124694670348508
14 71 0.0
14 72 0.0
14 73 0.0
14 74 0.0
14 75 0.0
14 76 0.20438889785716677
14 77 0.0
14 78 0.0
14 79 0.0
14 80 0.0
14 81 0.0
14 82 0.07032567963160159
14 83 0.5557881198486461
14 84 0.08714293351595051
14 85 0.0
14 86 0.0
14 87 0.0
14 88 0.07658555434293357
15 16 0.0
15 17 0.0
15 18 0.09879086467536984
15 19 0.0
15 20 0.4406692709716207
15 21 0.38430273959817696
15 22 0.0
15 23 0.0
15 24 0.19155510844886664
15 25 0.1519615427072078
15 26 0.07652909224513171
15 27 0.0
15 28 0.06624873623502366
15 29 0.5498040903829712
15 30 0.04106296499748433
15 31 0.0
15 32 0.15130076228001224
15 33 0.0
15 34 0.34275334317067796
15 35 0.04965148352188519
15 36 0.12977030536659678
15 37 0.0
15 38 0.264308700511138
15 39 0.0
15 40 0.0
15 41 0.0
15 42 0.1391962362739754
15 43 0.19866764092388622
15 44 0.06238127907170872
15 45 0.0
15 46 0.07066481215516877
15 47 0.06129028048423835
15 48 0.0
15 49 0.0
15 50 0.0
15 51 0.22413368507724
15 52 0.0
15 53 0.0
15 54 0.0
15 55 0.0
15 56 0.0
15 57 0.0
15 58 0.5980469520004543
15 59 0.0
15 60 0.045867770258714316
15 61 0.0
15 62 0.19596344803654742
15 63 0.15489636816539276
15 64 0.0
15 65 0.0
15 66 0.1391962362739754
15 67 0.0
15 68 0.0
15 69 0.19797384435735507
15 70 0.3293644276272315
15 71 0.1486507768128471
15 72 0.0
15 73 0.0
15 74 0.0
15 75 0.0
15 76 0.18991382709427215
15 77 0.0
15 78 0.0
15 79 0.0
15 80 0.0
15 81 0.0
15 82 0.06534512931899374
15 83 0.19155510844886664
15 84 0.08097136479399818
15 85 0.0
15 86 0.5101237200878941
15 87 0.0875781097571166
15 88 0.0711616720765681
16 17 0.0
16 18 0.0
16 19 0.0
16 20 0.0
16 21 0.0
16 22 0.0
16 23 0.0
16 24 0.0
16 25 0.0
16 26 0.0
16 27 0.0
16 28 0.0
16 29 0.0
16 30 0.0
16 31 0.04379224803405852
16 32 0.0
16 33 0.0
16 34 0.0
16 35 0.0
16 36 0.0
16 37 0.0
16 38 0.0
16 39 0.0
16 40 0.0
16 41 0.0
16 42 0.0
16 43 0.0
16 44 0.0
16 45 0.0
16 46 0.0
16 47 0.0
16 48 0.0
16 49 0.0
16 50 0.0
16 51 0.0
16 52 0.0
16 53 0.0
16 54 0.03486659788711817
16 55 0.033846446027186484
16 56 0.0
16 57 0.039922397584888226
16 58 0.0
16 59 0.0
16 60 0.0
16 61 0.0
16 62 0.0
16 63 0.0
16 64 0.0
16 65 0.83959792135703
16 66 0.0
16 67 0.0
16 68 0.046787699812956836
16 69 0.0
16 70 0.04345548806429029
16 71 0.0
16 72 0.0
16 73 0.0
16 74 0.0
16 75 0.0
16 76 0.0
16 77 0.0
16 78 0.0
16 79 0.03259916892906745
16 80 0.0
16 81 0.0
16 82 0.0
16 83 0.0
16 84 0.0
16 85 0.0
16 86 0.0
16 87 0.0
16 88 0.0
17 18 0.0
17 19 0.0
17 20 0.0
17 21 0.0
17 22 0.0
17 23 0.0
17 24 0.0
17 25 0.0
17 26 0.0
17 27 0.0
17 28 0.0
17 29 0.0
17 30 0.0
17 31 0.0
17 32 0.0
17 33 0.0
17 34 0.0
17 35 0.0
17 36 0.0
17 37 0.0
17 38 0.0
17 39 0.0
17 40 0.0
17 41 0.0
17 42 0.0
17 43 0.0
17 44 0.0
17 45 0.0
17 46 0.0
17 47 0.0
17 48 0.0
17 49 0.0
17 50 0.0
17 51 0.0
17 52 0.0
17 53 0.0
17 54 0.0
17 55 0.0
17 56 0.0
17 57 0.0
17 58 0.0
17 59 0.0
17 60 0.0
17 61 0.0
17 62 0.0
17 63 0.0
17 64 0.0
17 65 0.0
17 66 0.0
17 67 0.0
17 68 0.0
17 69 0.0
17 70 0.0
17 71 0.0
17 72 0.0
17 73 0.0
17 74 0.0
17 75 0.0
17 76 0.0
17 77 0.0
17 78 0.0
17 79 0.0
17 80 0.0
17 81 0.0
17 82 0.0
17 83 0.0
17 84 0.0
17 85 0.0
17 86 0.0
17 87 0.0
17 88 0.0
18 19 0.023479756385247654
18 20 0.03597746934315158
18 21 0.043092935574113894
18 22 0.0
18 23 0.0
18 24 0.0
18 25 0.11027764651675617
18 26 0.0
18 27 0.0
18 28 0.04807633949060476
18 29 0.10635238030804763
18 30 0.02979916535624722
18 31 0.0
18 32 0.10979812183519998
18 33 0.0
18 34 0.11561692737845843
18 35 0.036031805490477485
18 36 0.0
18 37 0.0
18 38 0.0
18 39 0.02052703732943299
18 40 0.0
18 41 0.0
18 42 0.024940331315351318
18 43 0.0
18 44 0.045269747333294995
18 45 0.0
18 46 0.0
18 47 0.0
18 48 0.0
18 49 0.0
18 50 0.0
18 51 0.0
18 52 0.0
18 53 0.0
18 54 0.0
18 55 0.0
18 56 0.0
18 57 0.0
18 58 0.1210422090849676
18 59 0.0
18 60 0.033285985815820235
18 61 0.0
18 62 0.02882707964710535
18 63 0.0
18 64 0.0
18 65 0.0
18 66 0.024940331315351318
18 67 0.0
18 68 0.0
18 69 0.0
18 70 0.0
18 71 0.03402101487214041
18 72 0.0
18 73 0.0
18 74 0.0
18 75 0.0
18 76 0.0
18 77 0.0
18 78 0.0
18 79 0.0
18 80 0.0
18 81 0.0
18 82 0.0
18 83 0.0
18 84 0.10498025876073545
18 85 0.0
18 86 0.10324691360693274
18 87 0.11967066150972841
18 88 0.0
19 20 0.0
19 21 0.05880783269516366
19 22 0.0
19 23 0.0
19 24 0.05747029234100581
19 25 0.0
19 26 0.0
19 27 0.0
19 28 0.0
19 29 0.0
19 30 0.0
19 31 0.0
19 32 0.05226413365262426
19 33 0.0
19 34 0.0
19 35 0.0
19 36 0.0
19 37 0.0
19 38 0.051696800850193514
19 39 0.22407804148634272
19 40 0.0
19 41 0.0
19 42 0.1444338764685195
19 43 0.059604191686913284
19 44 0.0
19 45 0.0
19 46 0.0
19 47 0.0
19 48 0.0
19 49 0.0
19 50 0.0
19 51 0.03882037579209169
19 52 0.0
19 53 0.0
19 54 0.0
19 55 0.0
19 56 0.0
19 57 0.0
19 58 0.0
19 59 0.0
19 60 0.045424537894007196
19 61 0.046114472444539624
19 62 0.0
19 63 0.0
19 64 0.0
19 65 0.0
19 66 0.1444338764685195
19 67 0.05666361560099158
19 68 0.0
19 69 0.06292888505912658
19 70 0.0
19 71 0.17835299280312839
19 72 0.13432696078279502
19 73 0.0
19 74 0.0
19 75 0.0
19 76 0.0
19 77 0.0
19 78 0.08346692347951276
19 79 0.0
19 80 0.0
19 81 0.0
19 82 0.0
19 83 0.05747029234100581
19 84 0.040771402558127466
19 85 0.0
19 86 0.0
19 87 0.0
19 88 0.05207822529460458
20 21 0.1965893891080875
20 22 0.0
20 23 0.0
20 24 0.0
20 25 0.055341065816682224
20 26 0.07990254948073966
20 27 0.0
20 28 0.0
20 29 0.4743983773241373
20 30 0.042873049924959626
20 31 0.0
20 32 0.05510042405653464
20 33 0.0
20 34 0.05802049816688495
20 35 0.05184015650142426
20 36 0.13549067343530136
20 37 0.0
20 38 0.09605261178392381
20 39 0.0
20 40 0.0
20 41 0.0
20 42 0.08220821588473039
20 43 0.0
20 44 0.06513109056270182
20 45 0.0
20 46 0.0
20 47 0.0
20 48 0.0
20 49 0.0
20 50 0.0
20 51 0.23401365855510897
20 52 0.0
20 53 0.0
20 54 0.0
20 55 0.0
20 56 0.0
20 57 0.1280985086707619
20 58 0.16779420376361695
20 59 0.0
20 60 0.22488262426047032
20 61 0.0
20 62 0.3578850981224479
20 63 0.16172431109045965
20 64 0.0
20 65 0.0
20 66 0.08220821588473039
20 67 0.0
20 68 0.0
20 69 0.11692181464178211
20 70 0.18745131398603634
20 71 0.1552034095947934
20 72 0.0
20 73 0.0
20 74 0.0
20 75 0.0
20 76 0.0
20 77 0.0
20 78 0.0
20 79 0.0
20 80 0.0
20 81 0.0
20 82 0.0
20 83 0.0
20 84 0.0
20 85 0.0
20 86 0.14312555752816106
20 87 0.0
20 88 0.0
21 22 0.0
21 23 0.0
21 24 0.32069064945544956
21 25 0.06628617930557806
21 26 0.31911010725379335
21 27 0.0
21 28 0.0
21 29 0.20270124965634906
21 30 0.05135229386648718
21 31 0.3361386817083959
21 32 0.13978460387549732
21 33 0.0
21 34 0.2988938105169628
21 35 0.062092875487171934
21 36 0.0
21 37 0.0
21 38 0.28847392216218964
21 39 0.0
21 40 0.0
21 41 0.0
21 42 0.06246601571542078
21 43 0.3325980461161649
21 44 0.0780124322453088
21 45 0.0
21 46 0.0
21 47 0.0
21 48 0.0
21 49 0.0
21 50 0.0
21 51 0.05480672205343367
21 52 0.0
21 53 0.30929762155277946
21 54 0.0
21 55 0.0
21 56 0.0
21 57 0.0
21 58 0.07275659055464435
21 59 0.0
21 60 0.12149155820594928
21 61 0.40729089652458367
21 62 0.15751797113749386
21 63 0.28777476330963414
21 64 0.0
21 65 0.0
21 66 0.06246601571542078
21 67 0.0
21 68 0.0
21 69 0.08884318717158386
21 70 0.1873701164618853
21 71 0.25144550249800224
21 72 0.0
21 73 0.0
21 74 0.0
21 75 0.0
21 76 0.16844567871369215
21 77 0.0
21 78 0.0
21 79 0.0
21 80 0.0
21 81 0.0
21 82 0.0
21 83 0.32069064945544956
21 84 0.0
21 85 0.0
21 86 0.062060115030263915
21 87 0.0
21 88 0.07352419342985711
22 23 0.0
22 24 0.0
22 25 0.1745610544394542
22 26 0.0
22 27 0.0
22 28 0.0897896014067131
22 29 0.0
22 30 0.0
22 31 0.0
22 32 0.13353717974150567
22 33 0.0
22 34 0.0
22 35 0.0
22 36 0.0
22 37 0.0
22 38 0.0
22 39 0.0
22 40 0.0
22 41 0.0
22 42 0.0
22 43 0.0
22 44 0.0
22 45 0.09271784706636677
22 46 0.0
22 47 0.0
22 48 0.15647814039366975
22 49 0.0
22 50 0.0
22 51 0.11996183296350724
22 52 0.154126281879008
22 53 0.0
22 54 0.0
22 55 0.0
22 56 0.0
22 57 0.0
22 58 0.0
22 59 0.0
22 60 0.0
22 61 0.0
22 62 0.0
22 63 0.0
22 64 0.0
22 65 0.0
22 66 0.0
22 67 0.0
22 68 0.0
22 69 0.0
22 70 0.0
22 71 0.0
22 72 0.0
22 73 0.0
22 74 0.0
22 75 0.0
22 76 0.0
22 77 0.0
22 78 0.0
22 79 0.0
22 80 0.0
22 81 0.0
22 82 0.0
22 83 0.0
22 84 0.0
22 85 0.08075344180928229
22 86 0.0
22 87 0.0
22 88 0.0
23 24 0.0
23 25 0.0
23 26 0.0
23 27 0.0
23 28 0.0
23 29 0.0
23 30 0.0
23 31 0.0
23 32 0.0
23 33 0.0
23 34 0.0
23 35 0.0
23 36 0.0
23 37 0.0
23 38 0.0
23 39 0.0
23 40 0.0
23 41 0.0
23 42 0.0
23 43 0.0
23 44 0.0
23 45 0.0
23 46 0.0
23 47 0.0
23 48 0.0
23 49 0.0
23 50 0.0
23 51 0.0
23 52 0.0
23 53 0.0
23 54 0.0
23 55 0.0
23 56 0.0
23 57 0.0
23 58 0.0
23 59 0.0
23 60 0.0
23 61 0.0
23 62 0.0
23 63 0.0
23 64 0.0
23 65 0.0
23 66 0.0
23 67 0.0
23 68 0.0
23 69 0.0
23 70 0.0
23 71 0.0
23 72 0.0
23 73 0.0
23 74 0.0
23 75 0.0
23 76 0.0
23 77 0.0
23 78 0.0
23 79 0.0
23 80 0.0
23 81 0.0
23 82 0.0
23 83 0.0
23 84 0.0
23 85 0.0
23 86 0.0
23 87 0.0
23 88 0.0
24 25 0.06741865316396131
24 26 0.0
24 27 0.15064775596480173
24 28 0.13193091106121826
24 29 0.0
24 30 0.15266945531916165
24 31 0.12045443946311683
24 32 0.07210843679159244
24 33 0.49641334897086137
24 34 0.37051975820460953
24 35 0.0
24 36 0.0
24 37 0.0
24 38 0.2819127976600474
24 39 0.0467710915442441
24 40 0.18525915679495442
24 41 0.0
24 42 0.36671722328566386
24 43 0.325033351278652
24 44 0.0
24 45 0.0
24 46 0.0
24 47 0.0
24 48 0.0
24 49 0.0
24 50 0.0
24 51 0.10341917365965149
24 52 0.0
24 53 0.1108360139989349
24 54 0.0
24 55 0.0
24 56 0.10183973022998351
24 57 0.0
24 58 0.0
24 59 0.0
24 60 0.06267189735293442
24 61 0.18624539986495747
24 62 0.0
24 63 0.10312335262909225
24 64 0.0
24 65 0.0
24 66 0.36671722328566386
24 67 0.0
24 68 0.0
24 69 0.671307775105628
24 70 0.18310852271756015
24 71 0.06405583309766542
24 72 0.0
24 73 0.0
24 74 0.0
24 75 0.0
24 76 0.21651646471207248
24 77 0.0
24 78 0.0
24 79 0.0
24 80 0.0
24 81 0.0
24 82 0.0
24 83 1.0
24 84 0.0
24 85 0.0
24 86 0.0
24 87 0.0
24 88 0.0718519404116392
25 26 0.0
25 27 0.0
25 28 0.07395172358005687
25 29 0.16359277586345392
25 30 0.04583750890128097
25 31 0.10918938683208335
25 32 0.16889306552036695
25 33 0.0
25 34 0.31049680758619763
25 35 0.05542464646758089
25 36 0.0
25 37 0.0
25 38 0.0
25 39 0.04271992020582038
25 40 0.055111624582552636
25 41 0.0
25 42 0.0
25 43 0.0
25 44 0.06963458276570915
25 45 0.0
25 46 0.0
25 47 0.0
25 48 0.1984697353243218
25 49 0.0
25 50 0.0
25 51 0.0455403538873988
25 52 0.19548674526736656
25 53 0.1004704887706657
25 54 0.0
25 55 0.0
25 56 0.0
25 57 0.0
25 58 0.18618888381716878
25 59 0.0
25 60 0.051200986768601166
25 61 0.111153876232724
25 62 0.04434223254662773
25 63 0.0
25 64 0.0
25 65 0.0
25 66 0.0
25 67 0.0
25 68 0.0
25 69 0.07382215233258706
25 70 0.0
25 71 0.052331619137293096
25 72 0.0
25 73 0.0
25 74 0.0
25 75 0.0
25 76 0.047406365978839765
25 77 0.0
25 78 0.0
25 79 0.0
25 80 0.0
25 81 0.0
25 82 0.0
25 83 0.06741865316396131
25 84 0.0
25 85 0.0
25 86 0.1588159018855006
25 87 0.09776114281555481
25 88 0.0
26 27 0.0
26 28 0.0
26 29 0.08238667765313226
26 30 0.0
26 31 0.24580937649212486
26 32 0.0
26 33 0.0
26 34 0.0
26 35 0.0
26 36 0.0
26 37 0.0
26 38 0.08413265597437132
26 39 0.0
26 40 0.0
26 41 0.0
26 42 0.07200632462608846
26 43 0.0
26 44 0.0
26 45 0.0
26 46 0.0
26 47 0.0
26 48 0.0
26 49 0.0
26 50 0.0
26 51 0.06317724245212433
26 52 0.1804215683013063
26 53 0.36661059063244306
26 54 0.0
26 55 0.0
26 56 0.0
26 57 0.0
26 58 0.09376626487739896
26 59 0.0
26 60 0.0
26 61 0.2502318751314796
26 62 0.06402221167694523
26 63 0.3410995384199986
26 64 0.0
26 65 0.0
26 66 0.07200632462608846
26 67 0.0
26 68 0.0
26 69 0.10241202841298126
26 70 0.0
26 71 0.0
26 72 0.0
26 73 0.0
26 74 0.0
26 75 0.0
26 76 0.0
26 77 0.0
26 78 0.0
26 79 0.0
26 80 0.0
26 81 0.0
26 82 0.0
26 83 0.0
26 84 0.0
26 85 0.0
26 86 0.0799810043308594
26 87 0.0
26 88 0.0
27 28 0.09211850053965882
27 29 0.0
27 30 0.1065988341100882
27 31 0.0
27 32 0.0
27 33 0.12203758493448483
27 34 0.0
27 35 0.0
27 36 0.0
27 37 0.0
27 38 0.0
27 39 0.0
27 40 0.0
27 41 0.0
27 42 0.0
27 43 0.10548732242948794
27 44 0.1093353578638173
27 45 0.0
27 46 0.0
27 47 0.0
27 48 0.0
27 49 0.0
27 50 0.0
27 51 0.05895073767907703
27 52 0.0
27 53 0.07376912181597166
27 54 0.0
27 55 0.0
27 56 0.0
27 57 0.0
27 58 0.1019692328041936
27 59 0.0
27 60 0.0
27 61 0.0
27 62 0.0
27 63 0.0
27 64 0.0
27 65 0.0
27 66 0.0
27 67 0.0
27 68 0.0
27 69 0.1649564485120982
27 70 0.0
27 71 0.0
27 72 0.0
27 73 0.0
27 74 0.0
27 75 0.0
27 76 0.0
27 77 0.0
27 78 0.0
27 79 0.0
27 80 0.0
27 81 0.0
27 82 0.0
27 83 0.15064775596480173
27 84 0.0
27 85 0.0
27 86 0.08697799428387397
27 87 0.0
27 88 0.0
28 29 0.07131945665368168
28 30 0.09335473477277377
28 31 0.0
28 32 0.18701998008155404
28 33 0.1068753375116933
28 34 0.07753222275529904
28 35 0.0
28 36 0.0
28 37 0.0
28 38 0.0
28 39 0.0
28 40 0.0
28 41 0.0
28 42 0.0
28 43 0.0
28 44 0.0
28 45 0.07872908770013039
28 46 0.1288147340781651
28 47 0.0
28 48 0.0
28 49 0.0
28 50 0.0
28 51 0.0
28 52 0.11544575787073942
28 53 0.0
28 54 0.0
28 55 0.0
28 56 0.0
28 57 0.0
28 58 0.0811703937335194
28 59 0.0
28 60 0.0
28 61 0.0
28 62 0.0
28 63 0.0
28 64 0.0
28 65 0.0
28 66 0.0
28 67 0.0
28 68 0.0
28 69 0.14446185672164194
28 70 0.0
28 71 0.0
28 72 0.0
28 73 0.0
28 74 0.0
28 75 0.0
28 76 0.0
28 77 0.0
28 78 0.0
28 79 0.0
28 80 0.0
28 81 0.0
28 82 0.0
28 83 0.13193091106121826
28 84 0.0
28 85 0.06856980617485224
28 86 0.06923694381157977
28 87 0.06544817423315102
28 88 0.0
29 30 0.04420595046251581
29 31 0.0
29 32 0.16288141888197447
29 33 0.0
29 34 0.1715133998962471
29 35 0.05345183965876169
29 36 0.13970300709879993
29 37 0.0
29 38 0.09903883688581311
29 39 0.0
29 40 0.0
29 41 0.0
29 42 0.08476402601104703
29 43 0.0
29 44 0.06715598185862301
29 45 0.0
29 46 0.0
29 47 0.0
29 48 0.0
29 49 0.0
29 50 0.0
29 51 0.24128901992616933
29 52 0.0
29 53 0.0
29 54 0.0
29 55 0.0
29 56 0.0
29 57 0.0
29 58 0.2899408808550413
29 59 0.0
29 60 0.049378518575241725
29 61 0.0
29 62 0.21096261502056946
29 63 0.16675223472933473
29 64 0.0
29 65 0.0
29 66 0.08476402601104703
29 67 0.0
29 68 0.0
29 69 0.12055685226707001
29 70 0.19327907659249696
29 71 0.16002860184124043
29 72 0.0
29 73 0.0
29 74 0.0
29 75 0.0
29 76 0.0
29 77 0.0
29 78 0.0
29 79 0.0
29 80 0.0
29 81 0.0
29 82 0.0
29 83 0.0
29 84 0.0
29 85 0.0
29 86 0.24731456326730378
29 87 0.09428139399483329
29 88 0.0
30 31 0.0
30 32 0.04563819183609609
30 33 0.12367533456500264
30 34 0.04805681028968637
30 35 0.042937800347920566
30 36 0.0
30 37 0.0
30 38 0.0
30 39 0.0
30 40 0.0
30 41 0.0
30 42 0.0
30 43 0.0
30 44 0.053946321765961314
30 45 0.0
30 46 0.0
30 47 0.0
30 48 0.0
30 49 0.0
30 50 0.0
30 51 0.0
30 52 0.0
30 53 0.0
30 54 0.0
30 55 0.0
30 56 0.0
30 57 0.0
30 58 0.05031185840114824
30 59 0.0
30 60 0.039665706280556004
30 61 0.0
30 62 0.034352188952289205
30 63 0.0
30 64 0.0
30 65 0.0
30 66 0.0
30 67 0.0
30 68 0.0
30 69 0.1671701711349054
30 70 0.0
30 71 0.040541613841683824
30 72 0.0
30 73 0.0
30 74 0.0
30 75 0.0
30 76 0.0
30 77 0.0
30 78 0.0
30 79 0.0
30 80 0.0
30 81 0.0
30 82 0.0
30 83 0.15266945531916165
30 84 0.0
30 85 0.0
30 86 0.04291514618756824
30 87 0.0
30 88 0.0
31 32 0.0
31 33 0.097578412586182
31 34 0.22982387251096367
31 35 0.2702487144199805
31 36 0.17857056883681546
31 37 0.0
31 38 0.0
31 39 0.0
31 40 0.09846592204754528
31 41 0.0
31 42 0.0927361619518879
31 43 0.0
31 44 0.0
31 45 0.0
31 46 0.0
31 47 0.0
31 48 0.0
31 49 0.0
31 50 0.0
31 51 0.0
31 52 0.0
31 53 0.6414042715426984
31 54 0.04296782617309184
31 55 0.041710642781422426
31 56 0.08027251932394824
31 57 0.04919833719923399
31 58 0.0
31 59 0.0
31 60 0.0
31 61 0.4561609009168668
31 62 0.0
31 63 0.5161014888972912
31 64 0.0
31 65 0.03676788042094703
31 66 0.0927361619518879
31 67 0.0
31 68 0.05765878733309629
31 69 0.0
31 70 0.053552338643947386
31 71 0.0
31 72 0.0
31 73 0.0
31 74 0.0
31 75 0.0
31 76 0.0
31 77 0.0
31 78 0.0
31 79 0.040173561770101354
31 80 0.0
31 81 0.0
31 82 0.0
31 83 0.12045443946311683
31 84 0.0
31 85 0.0
31 86 0.0
31 87 0.0
31 88 0.0
32 33 0.0
32 34 0.1770703121418761
32 35 0.26716653773336635
32 36 0.0
32 37 0.0
32 38 0.06486439070667305
32 39 0.0
32 40 0.0
32 41 0.0
32 42 0.055515261224142486
32 43 0.07478585741773043
32 44 0.06933178793665055
32 45 0.11708772697938553
32 46 0.0
32 47 0.0
32 48 0.0
32 49 0.0
32 50 0.0
32 51 0.048708236899511786
32 52 0.0
32 53 0.0
32 54 0.0
32 55 0.0
32 56 0.0
32 57 0.0
32 58 0.18537927127970713
32 59 0.0
32 60 0.5151144382010462
32 61 0.27238265564036374
32 62 0.04414941745115703
32 63 0.0
32 64 0.0
32 65 0.0
32 66 0.055515261224142486
32 67 0.0
32 68 0.0
32 69 0.07895737686049152
32 70 0.0
32 71 0.11035716235125248
32 72 0.0
32 73 0.0
32 74 0.0
32 75 0.0
32 76 0.0
32 77 0.0
32 78 0.0
32 79 0.0
32 80 0.0
32 81 0.08189899693843837
32 82 0.0
32 83 0.07210843679159244
32 84 0.0
32 85 0.10197860764004743
32 86 0.15812531637535251
32 87 0.09733604414544422
32 88 0.06534296701662788
33 34 0.192997834236077
33 35 0.06652023877792788
33 36 0.0
33 37 0.0
33 38 0.06993625126269944
33 39 0.049264314923510105
33 40 0.16475124872418453
33 41 0.0
33 42 0.24762046000076995
33 43 0.08063349486954695
33 44 0.0
33 45 0.0
33 46 0.0699603416607392
33 47 0.0
33 48 0.0
33 49 0.0
33 50 0.0
33 51 0.05251681943289876
33 52 0.0
33 53 0.08978666416614334
33 54 0.0
33 55 0.0
33 56 0.08249890380411941
33 57 0.0
33 58 0.0
33 59 0.0
33 60 0.061451034559238255
33 61 0.09933400223475918
33 62 0.0
33 63 0.0835387478864411
33 64 0.0
33 65 0.0
33 66 0.24762046000076995
33 67 0.0
33 68 0.0
33 69 0.4080097475579498
33 70 0.0
33 71 0.0
33 72 0.0
33 73 0.0
33 74 0.0
33 75 0.0
33 76 0.0
33 77 0.0
33 78 0.0
33 79 0.0
33 80 0.0
33 81 0.0
33 82 0.0
33 83 0.49641334897086137
33 84 0.0
33 85 0.0
33 86 0.06648514242590846
33 87 0.0
33 88 0.07045224829430238
34 35 0.13674200876465034
34 36 0.0
34 37 0.0
34 38 0.28433144485624634
34 39 0.05823557550442364
34 40 0.1947532163884138
34 41 0.0
34 42 0.11266430094359244
34 43 0.3278219476469845
34 44 0.07300606018490742
34 45 0.0
34 46 0.0827004448437982
34 47 0.0
34 48 0.0
34 49 0.0
34 50 0.0
34 51 0.062080376192894984
34 52 0.0
34 53 0.21147217208805633
34 54 0.0
34 55 0.0
34 56 0.0975223373952617
34 57 0.0
34 58 0.19520353706220028
34 59 0.0
34 60 0.12632152350427778
34 61 0.2339587667040806
34 62 0.046489137572982155
34 63 0.0987515419150626
34 64 0.0
34 65 0.0
34 66 0.11266430094359244
34 67 0.0
34 68 0.0
34 69 0.0
34 70 0.1753458212436659
34 71 0.054865343979518345
34 72 0.0
34 73 0.0
34 74 0.0
34 75 0.0
34 76 0.15763584090533073
34 77 0.0
34 78 0.0
34 79 0.0
34 80 0.0
34 81 0.0
34 82 0.0
34 83 0.37051975820460953
34 84 0.0
34 85 0.0
34 86 0.24509764108082374
34 87 0.10249441574384424
34 88 0.08328192996024554
35 36 0.4482514496353248
35 37 0.0
35 38 0.07386575206096138
35 39 0.0520323238076381
35 40 0.06712526339067626
35 41 0.0
35 42 0.0
35 43 0.08516404056989287
35 44 0.06522945691800483
35 45 0.0
35 46 0.0738911960236635
35 47 0.0
35 48 0.0
35 49 0.0
35 50 0.0
35 51 0.055467576446004745
35 52 0.0
35 53 0.24866904389870018
35 54 0.0
35 55 0.0
35 56 0.0
35 57 0.0
35 58 0.06083482789206948
35 59 0.0
35 60 0.6527996717979548
35 61 0.0
35 62 0.04153711608038453
35 63 0.23136510035584013
35 64 0.0
35 65 0.0
35 66 0.0
35 67 0.0
35 68 0.0
35 69 0.0
35 70 0.0
35 71 0.04902108924025135
35 72 0.0
35 73 0.0
35 74 0.0
35 75 0.0
35 76 0.0
35 77 0.0
35 78 0.0
35 79 0.0
35 80 0.0
35 81 0.0
35 82 0.0
35 83 0.0
35 84 0.0
35 85 0.0
35 86 0.12211179353649534
35 87 0.0
35 88 0.07441074136353931
36 37 0.0
36 38 0.0
36 39 0.0
36 40 0.0
36 41 0.0
36 42 0.0
36 43 0.0
36 44 0.0
36 45 0.0
36 46 0.0
36 47 0.0
36 48 0.0
36 49 0.0
36 50 0.0
36 51 0.10712958699380408
36 52 0.0
36 53 0.16431150363250316
36 54 0.0
36 55 0.0
36 56 0.0
36 57 0.0
36 58 0.0
36 59 0.0
36 60 0.23502863771204818
36 61 0.0
36 62 0.0
36 63 0.25990064638856075
36 64 0.0
36 65 0.0
36 66 0.0
36 67 0.0
36 68 0.0
36 69 0.0
36 70 0.12404810866543504
36 71 0.0
36 72 0.0
36 73 0.0
36 74 0.0
36 75 0.0
36 76 0.0
36 77 0.0
36 78 0.0
36 79 0.0
36 80 0.0
36 81 0.0
36 82 0.0
36 83 0.0
36 84 0.0
36 85 0.0
36 86 0.0
36 87 0.0
36 88 0.0
37 38 0.0
37 39 0.0
37 40 0.0
37 41 0.0
37 42 0.0
37 43 0.0
37 44 0.0
37 45 0.0
37 46 0.0
37 47 0.0
37 48 0.0
37 49 0.0
37 50 0.0
37 51 0.0
37 52 0.0
37 53 0.0
37 54 0.0
37 55 0.0
37 56 0.0
37 57 0.0
37 58 0.0
37 59 0.0
37 60 0.0
37 61 0.0
37 62 0.0
37 63 0.0
37 64 0.0
37 65 0.0
37 66 0.0
37 67 0.0
37 68 0.0
37 69 0.0
37 70 0.0
37 71 0.0
37 72 0.13503214991399032
37 73 0.0
37 74 0.0
37 75 0.0
37 76 0.0
37 77 0.0
37 78 0.0
37 79 0.0
37 80 0.0
37 81 0.0
37 82 0.0
37 83 0.0
37 84 0.0
37 85 0.0
37 86 0.0
37 87 0.0
37 88 0.0
38 39 0.05470433868617677
38 40 0.07057234569222408
38 41 0.0
38 42 0.14147302333015535
38 43 0.381917822034747
38 44 0.0
38 45 0.0
38 46 0.07768572912770416
38 47 0.0
38 48 0.0
38 49 0.0
38 50 0.0
38 51 0.18244225793986923
38 52 0.0
38 53 0.0
38 54 0.0
38 55 0.0
38 56 0.0
38 57 0.0
38 58 0.11271848892466654
38 59 0.0
38 60 0.12461263002995493
38 61 0.05723211978898908
38 62 0.07696250850213657
38 63 0.0
38 64 0.0
38 65 0.0
38 66 0.14147302333015535
38 67 0.0
38 68 0.0
38 69 0.20121203741745927
38 70 0.1647133579334281
38 71 0.0576207552120012
38 72 0.0
38 73 0.0
38 74 0.0
38 75 0.0
38 76 0.14807725956637025
38 77 0.0
38 78 0.0
38 79 0.0
38 80 0.0
38 81 0.0
38 82 0.0
38 83 0.2819127976600474
38 84 0.0
38 85 0.0
38 86 0.16997370427034392
38 87 0.0
38 88 0.37495372355599416
39 40 0.0879455907590137
39 41 0.0
39 42 0.026614392596824195
39 43 0.06307175367785842
39 44 0.0
39 45 0.0
39 46 0.054723182265431554
39 47 0.0
39 48 0.0
39 49 0.0
39 50 0.0
39 51 0.07267202439301289
39 52 0.0
39 53 0.0
39 54 0.0
39 55 0.0
39 56 0.0
39 57 0.0
39 58 0.0
39 59 0.0
39 60 0.04806717755742015
39 61 0.0
39 62 0.0
39 63 0.0
39 64 0.0
39 65 0.0
39 66 0.026614392596824195
39 67 0.0
39 68 0.0
39 69 0.05121346219040502
39 70 0.14570215688267368
39 71 0.0
39 72 0.0
39 73 0.0
39 74 0.0
39 75 0.0
39 76 0.4295134713069707
39 77 0.0
39 78 0.07297046127417958
39 79 0.0
39 80 0.0
39 81 0.0
39 82 0.0
39 83 0.0467710915442441
39 84 0.03564415612122181
39 85 0.0
39 86 0.05200487133924217
39 87 0.0
39 88 0.05510795306167196
40 41 0.0
40 42 0.09617509098257263
40 43 0.08136688443495219
40 44 0.0
40 45 0.0
40 46 0.07059665520077835
40 47 0.0
40 48 0.0
40 49 0.0
40 50 0.0
40 51 0.0937518915462806
40 52 0.0
40 53 0.09060330497674601
40 54 0.0
40 55 0.0
40 56 0.08324925990991883
40 57 0.0
40 58 0.0
40 59 0.0
40 60 0.062009953003763246
40 61 0.1002374793920717
40 62 0.0
40 63 0.08429856173434704
40 64 0.0
40 65 0.0
40 66 0.09617509098257263
40 67 0.0
40 68 0.0
40 69 0.06606887578937491
40 70 0.0
40 71 0.0
40 72 0.0
40 73 0.0
40 74 0.0
40 75 0.0
40 76 0.042427444967613435
40 77 0.0
40 78 0.0
40 79 0.0
40 80 0.0
40 81 0.0
40 82 0.0
40 83 0.18525915679495442
40 84 0.0
40 85 0.0
40 86 0.06708984782517867
40 87 0.0
40 88 0.0710930358955588
41 42 0.0
41 43 0.0
41 44 0.0
41 45 0.0
41 46 0.0
41 47 0.0
41 48 0.0
41 49 0.0
41 50 0.0
41 51 0.0
41 52 0.0
41 53 0.0
41 54 0.0
41 55 0.0
41 56 0.0
41 57 0.0
41 58 0.0
41 59 0.0
41 60 0.0
41 61 0.0
41 62 0.0
41 63 0.0
41 64 0.0
41 65 0.0
41 66 0.0
41 67 0.07594412546822862
41 68 0.0
41 69 0.0
41 70 0.0
41 71 0.0
41 72 0.0
41 73 0.0
41 74 0.0
41 75 0.0
41 76 0.0
41 77 0.0
41 78 0.0
41 79 0.0
41 80 0.09472814728989642
41 81 0.0
41 82 0.0
41 83 0.0
41 84 0.0
41 85 0.0
41 86 0.0
41 87 0.0
41 88 0.0
42 43 0.06331191278412604
42 44 0.0
42 45 0.0
42 46 0.06648861569386158
42 47 0.057668106382809295
42 48 0.0
42 49 0.0
42 50 0.0
42 51 0.10623550857691859
42 52 0.0
42 53 0.08533107281159383
42 54 0.0
42 55 0.0
42 56 0.07840496172526831
42 57 0.0
42 58 0.09647198238153977
42 59 0.0
42 60 0.048250203551305736
42 61 0.1433876878399273
42 62 0.06586963536407422
42 63 0.0793932043771738
42 64 0.0
42 65 0.0
42 66 1.0000000000000002
42 67 0.06018841607327578
42 68 0.0
42 69 0.458995525773692
42 70 0.0
42 71 0.04931567602310847
42 72 0.0
42 73 0.0
42 74 0.0
42 75 0.0
42 76 0.051955801530906565
42 77 0.0
42 78 0.0
42 79 0.0
42 80 0.0
42 81 0.0
42 82 0.0614833190416748
42 83 0.36671722328566386
42 84 0.11949368139802594
42 85 0.0
42 86 0.08228893462646968
42 87 0.0
42 88 0.12227390015900856
43 44 0.1624028807370323
43 45 0.0
43 46 0.08956831011039185
43 47 0.0
43 48 0.0
43 49 0.0
43 50 0.0
43 51 0.12278474529641752
43 52 0.0
43 53 0.39138358657190303
43 54 0.0
43 55 0.0
43 56 0.0
43 57 0.0
43 58 0.15146149861760702
43 59 0.0
43 60 0.1436730119613976
43 61 0.06598617675465927
43 62 0.0
43 63 0.0
43 64 0.0
43 65 0.0
43 66 0.06331191278412604
43 67 0.0
43 68 0.0
43 69 0.0900462764152656
43 70 0.1899074294385947
43 71 0.06643425671064462
43 72 0.0
43 73 0.0
43 74 0.0
43 75 0.0
43 76 0.44394172186952535
43 77 0.0
43 78 0.0
43 79 0.0
43 80 0.0
43 81 0.0
43 82 0.0
43 83 0.325033351278652
43 84 0.0
43 85 0.0
43 86 0.21431314982203697
43 87 0.0
43 88 0.16471792191125856
44 45 0.0
44 46 0.0
44 47 0.0
44 48 0.0
44 49 0.0
44 50 0.0
44 51 0.0
44 52 0.0
44 53 0.11357116302163216
44 54 0.0
44 55 0.0
44 56 0.0
44 57 0.0
44 58 0.23341845272623343
44 59 0.0
44 60 0.06025861730187734
44 61 0.0
44 62 0.052186525885018424
44 63 0.0
44 64 0.0
44 65 0.0
44 66 0.0
44 67 0.0
44 68 0.0
44 69 0.0
44 70 0.0
44 71 0.061589262422488626
44 72 0.0
44 73 0.0
44 74 0.0
44 75 0.0
44 76 0.0
44 77 0.1151477148067288
44 78 0.0
44 79 0.0
44 80 0.0
44 81 0.0
44 82 0.0
44 83 0.0
44 84 0.0
44 85 0.0
44 86 0.19910190837621053
44 87 0.0
44 88 0.0
45 46 0.0
45 47 0.0
45 48 0.0
45 49 0.0
45 50 0.0
45 51 0.0
45 52 0.0
45 53 0.0
45 54 0.0
45 55 0.0
45 56 0.0
45 57 0.0
45 58 0.0
45 59 0.0
45 60 0.0
45 61 0.0
45 62 0.0
45 63 0.0
45 64 0.0
45 65 0.0
45 66 0.0
45 67 0.0
45 68 0.0
45 69 0.0
45 70 0.0
45 71 0.0
45 72 0.0
45 73 0.0
45 74 0.0
45 75 0.0
45 76 0.0
45 77 0.0
45 78 0.0
45 79 0.0
45 80 0.0
45 81 0.0
45 82 0.0
45 83 0.0
45 84 0.0
45 85 0.8123838162267417
45 86 0.0
45 87 0.0
45 88 0.0
46 47 0.06740299872422509
46 48 0.0
46 49 0.0
46 50 0.0
46 51 0.058336089445055674
46 52 0.4038164337060609
46 53 0.0
46 54 0.0
46 55 0.0
46 56 0.0
46 57 0.0
46 58 0.0
46 59 0.0
46 60 0.06826028474780885
46 61 0.0
46 62 0.0
46 63 0.0
46 64 0.0
46 65 0.0
46 66 0.06648861569386158
46 67 0.0
46 68 0.0
46 69 0.0945643877109165
46 70 0.0
46 71 0.0
46 72 0.0
46 73 0.0
46 74 0.0
46 75 0.0
46 76 0.06072640570261063
46 77 0.2001793554183929
46 78 0.0
46 79 0.0
46 80 0.0
46 81 0.0
46 82 0.07186225341643077
46 83 0.0
46 84 0.08904695417917281
46 85 0.0
46 86 0.07385221072423544
46 87 0.0
46 88 0.156517805247249
47 48 0.0
47 49 0.0
47 50 0.0
47 51 0.0
47 52 0.0
47 53 0.0
47 54 0.0
47 55 0.0
47 56 0.0
47 57 0.0
47 58 0.0
47 59 0.0
47 60 0.0
47 61 0.0
47 62 0.0
47 63 0.0
47 64 0.0
47 65 0.0
47 66 0.057668106382809295
47 67 0.0
47 68 0.0
47 69 0.08201929177842435
47 70 0.0
47 71 0.0
47 72 0.0
47 73 0.0
47 74 0.0
47 75 0.0
47 76 0.05267032239666706
47 77 0.0
47 78 0.0
47 79 0.0
47 80 0.0
47 81 0.0
47 82 0.06232886685456637
47 83 0.0
47 84 0.07723381172972407
47 85 0.0
47 86 0.0
47 87 0.0
47 88 0.06787692411405924
48 49 0.0
48 50 0.12676771567837822
48 51 0.0
48 52 0.1752361227954106
48 53 0.0
48 54 0.0
48 55 0.0
48 56 0.0
48 57 0.0
48 58 0.0
48 59 0.0
48 60 0.0
48 61 0.0
48 62 0.0
48 63 0.0
48 64 0.12016819080520623
48 65 0.0
48 66 0.0
48 67 0.0
48 68 0.0
48 69 0.0
48 70 0.0
48 71 0.0
48 72 0.0
48 73 0.0
48 74 0.0
48 75 0.0
48 76 0.0
48 77 0.0
48 78 0.4083507821514602
48 79 0.0
48 80 0.0
48 81 0.0
48 82 0.4509097913394443
48 83 0.0
48 84 0.0
48 85 0.0
48 86 0.0
48 87 0.0
48 88 0.4910464642402119
49 50 0.0
49 51 0.0
49 52 0.0
49 53 0.0
49 54 0.0
49 55 0.0
49 56 0.0
49 57 0.0
49 58 0.0
49 59 0.0
49 60 0.0
49 61 0.0
49 62 0.0
49 63 0.0
49 64 0.0
49 65 0.0
49 66 0.0
49 67 0.0
49 68 0.0
49 69 0.0
49 70 0.0
49 71 0.0
49 72 0.0
49 73 0.20875730312614804
49 74 0.5956445750410675
49 75 0.0
49 76 0.0
49 77 0.0
49 78 0.0
49 79 0.0
49 80 0.0
49 81 0.0
49 82 0.0
49 83 0.0
49 84 0.33787882857247076
49 85 0.0
49 86 0.0
49 87 0.0
49 88 0.0
50 51 0.0
50 52 0.0
50 53 0.0
50 54 0.0
50 55 0.0
50 56 0.0
50 57 0.0
50 58 0.0
50 59 0.0
50 60 0.0
50 61 0.0
50 62 0.0
50 63 0.0
50 64 0.4349962948433069
50 65 0.0
50 66 0.0
50 67 0.0
50 68 0.0
50 69 0.0
50 70 0.0
50 71 0.0
50 72 0.0
50 73 0.0
50 74 0.0
50 75 0.0
50 76 0.0
50 77 0.0
50 78 0.11667370545252109
50 79 0.0
50 80 0.0
50 81 0.0
50 82 0.12883363637315848
50 83 0.0
50 84 0.0
50 85 0.0
50 86 0.0
50 87 0.0
50 88 0.14030145903091312
51 52 0.0
51 53 0.0
51 54 0.0
51 55 0.0
51 56 0.0
51 57 0.0
51 58 0.0846430345168235
51 59 0.0
51 60 0.09357463221412535
51 61 0.04297698041363902
51 62 0.057793005617751095
51 63 0.12787196501943415
51 64 0.0
51 65 0.0
51 66 0.10623550857691859
51 67 0.0
51 68 0.0
51 69 0.20568962878663213
51 70 0.14821375774148168
51 71 0.043268816134986024
51 72 0.0
51 73 0.0
51 74 0.0
51 75 0.0
51 76 0.035059043767962914
51 77 0.0
51 78 0.0
51 79 0.0
51 80 0.0
51 81 0.0
51 82 0.0
51 83 0.10341917365965149
51 84 0.0
51 85 0.0
51 86 0.12763735794153908
51 87 0.0
51 88 0.10728124058582661
52 53 0.0
52 54 0.0
52 55 0.0
52 56 0.0
52 57 0.0
52 58 0.0
52 59 0.0
52 60 0.0
52 61 0.0
52 62 0.0
52 63 0.0
52 64 0.0
52 65 0.0
52 66 0.0
52 67 0.0
52 68 0.0
52 69 0.0
52 70 0.0
52 71 0.0
52 72 0.0
52 73 0.0
52 74 0.0
52 75 0.0
52 76 0.0
52 77 0.0
52 78 0.0
52 79 0.0
52 80 0.0
52 81 0.0
52 82 0.0
52 83 0.0
52 84 0.0
52 85 0.0
52 86 0.0
52 87 0.0
52 88 0.0
53 54 0.0
53 55 0.0
53 56 0.0738626663755568
53 57 0.0
53 58 0.10591966394274996
53 59 0.0
53 60 0.0
53 61 0.41973592858127745
53 62 0.0
53 63 0.6015299607318038
53 64 0.0
53 65 0.0
53 66 0.08533107281159383
53 67 0.0
53 68 0.0
53 69 0.0
53 70 0.0
53 71 0.0
53 72 0.0
53 73 0.0
53 74 0.0
53 75 0.0
53 76 0.19106400768749113
53 77 0.0
53 78 0.0
53 79 0.0
53 80 0.0
53 81 0.0
53 82 0.0
53 83 0.1108360139989349
53 84 0.0
53 85 0.0
53 86 0.09034764380990297
53 87 0.0
53 88 0.0
54 55 0.26273392535239315
54 56 0.0
54 57 0.03917082855637917
54 58 0.0
54 59 0.0
54 60 0.0
54 61 0.0
54 62 0.0
54 63 0.0
54 64 0.0
54 65 0.029273923110815836
54 66 0.0
54 67 0.0
54 68 0.13294873986289413
54 69 0.0
54 70 0.04263740596192106
54 71 0.0
54 72 0.0
54 73 0.0
54 74 0.0
54 75 0.0
54 76 0.0
54 77 0.0
54 78 0.0
54 79 0.682202063724887
54 80 0.0
54 81 0.0
54 82 0.0
54 83 0.0
54 84 0.0
54 85 0.0
54 86 0.0
54 87 0.0
54 88 0.0
55 56 0.0
55 57 0.03802474043684919
55 58 0.0
55 59 0.0
55 60 0.0
55 61 0.0
55 62 0.0
55 63 0.0
55 64 0.0
55 65 0.02841740572974869
55 66 0.0
55 67 0.0
55 68 0.12905883053804962
55 69 0.0
55 70 0.041389890241128977
55 71 0.0
55 72 0.0
55 73 0.0
55 74 0.0
55 75 0.0
55 76 0.0
55 77 0.0
55 78 0.0
55 79 0.4336575811826268
55 80 0.0
55 81 0.0
55 82 0.0
55 83 0.0
55 84 0.0
55 85 0.0
55 86 0.0
55 87 0.0
55 88 0.0
56 57 0.0
56 58 0.0
56 59 0.44635689299971787
56 60 0.0
56 61 0.08171674863917582
56 62 0.0
56 63 0.06872284121336891
56 64 0.0
56 65 0.0
56 66 0.07840496172526831
56 67 0.0
56 68 0.0
56 69 0.0
56 70 0.0
56 71 0.0
56 72 0.0
56 73 0.0
56 74 0.0
56 75 0.0
56 76 0.0
56 77 0.0
56 78 0.0
56 79 0.0
56 80 0.0
56 81 0.0
56 82 0.0
56 83 0.10183973022998351
56 84 0.0
56 85 0.0
56 86 0.0
56 87 0.0
56 88 0.0
57 58 0.0
57 59 0.0
57 60 0.0
57 61 0.0
57 62 0.0
57 63 0.0
57 64 0.0
57 65 0.033518762027861075
57 66 0.0
57 67 0.0
57 68 0.05256357313249025
57 69 0.0
57 70 0.04882000470223645
57 71 0.0
57 72 0.0
57 73 0.0
57 74 0.0
57 75 0.0
57 76 0.0
57 77 0.0
57 78 0.0
57 79 0.03662348879965492
57 80 0.0
57 81 0.0
57 82 0.0
57 83 0.0
57 84 0.0
57 85 0.0
57 86 0.0
57 87 0.0
57 88 0.0
58 59 0.0
58 60 0.056198882924655115
58 61 0.0
58 62 0.1344457229629229
58 63 0.0
58 64 0.0
58 65 0.0
58 66 0.09647198238153977
58 67 0.0
58 68 0.0
58 69 0.13720866121161968
58 70 0.0
58 71 0.05743988002508423
58 72 0.0
58 73 0.0
58 74 0.0
58 75 0.0
58 76 0.0
58 77 0.0
58 78 0.0
58 79 0.0
58 80 0.0
58 81 0.0
58 82 0.0
58 83 0.0
58 84 0.0
58 85 0.0
58 86 0.8529827271613726
58 87 0.10730392842821289
58 88 0.0
59 60 0.0
59 61 0.0
59 62 0.0
59 63 0.0
59 64 0.08030345545187738
59 65 0.0
59 66 0.0
59 67 0.0
59 68 0.0
59 69 0.0
59 70 0.0
59 71 0.0
59 72 0.0
59 73 0.0
59 74 0.0
59 75 0.0
59 76 0.0
59 77 0.0
59 78 0.0
59 79 0.0
59 80 0.0
59 81 0.0
59 82 0.0
59 83 0.0
59 84 0.0
59 85 0.0
59 86 0.0
59 87 0.0
59 88 0.0
60 61 0.23673703930582146
60 62 0.1801880298743315
60 63 0.0
60 64 0.0
60 65 0.0
60 66 0.048250203551305736
60 67 0.0
60 68 0.0
60 69 0.06862454433951408
60 70 0.0
60 71 0.09591516691768344
60 72 0.0
60 73 0.0
60 74 0.0
60 75 0.0
60 76 0.0
60 77 0.0
60 78 0.0
60 79 0.0
60 80 0.0
60 81 0.0
60 82 0.0
60 83 0.06267189735293442
60 84 0.0
60 85 0.0
60 86 0.11280621029868601
60 87 0.0
60 88 0.12553203514582487
61 62 0.0
61 63 0.30840683393696927
61 64 0.0
61 65 0.0
61 66 0.1433876878399273
61 67 0.0
61 68 0.0
61 69 0.0696668542087934
61 70 0.0
61 71 0.05139874585580756
61 72 0.0
61 73 0.0
61 74 0.0
61 75 0.0
61 76 0.0
61 77 0.0
61 78 0.0
61 79 0.0
61 80 0.0
61 81 0.0
61 82 0.0
61 83 0.18624539986495747
61 84 0.0
61 85 0.0
61 86 0.0
61 87 0.0
61 88 0.057654384399834946
62 63 0.0
62 64 0.0
62 65 0.0
62 66 0.06586963536407422
62 67 0.0
62 68 0.0
62 69 0.09368403405517259
62 70 0.0
62 71 0.12435730282244196
62 72 0.0
62 73 0.0
62 74 0.0
62 75 0.0
62 76 0.0
62 77 0.0
62 78 0.0
62 79 0.0
62 80 0.0
62 81 0.0
62 82 0.0
62 83 0.0
62 84 0.0
62 85 0.0
62 86 0.11467987942809636
62 87 0.0
62 88 0.0
63 64 0.0
63 65 0.0
63 66 0.0793932043771738
63 67 0.0
63 68 0.0
63 69 0.0
63 70 0.14806624254895037
63 71 0.0
63 72 0.0
63 73 0.0
63 74 0.0
63 75 0.0
63 76 0.0
63 77 0.0
63 78 0.0
63 79 0.0
63 80 0.0
63 81 0.0
63 82 0.0
63 83 0.10312335262909225
63 84 0.0
63 85 0.0
63 86 0.0
63 87 0.0
63 88 0.0
64 65 0.0
64 66 0.0
64 67 0.0
64 68 0.0
64 69 0.0
64 70 0.0
64 71 0.0
64 72 0.0
64 73 0.0
64 74 0.0
64 75 0.0
64 76 0.0
64 77 0.0
64 78 0.11059967456020309
64 79 0.0
64 80 0.0
64 81 0.0
64 82 0.12212655970781097
64 83 0.0
64 84 0.0
64 85 0.0
64 86 0.0
64 87 0.0
64 88 0.1329973677355711
65 66 0.0
65 67 0.0
65 68 0.03928285550803527
65 69 0.0
65 70 0.03648513745033336
65 71 0.0
65 72 0.0
65 73 0.0
65 74 0.0
65 75 0.0
65 76 0.0
65 77 0.0
65 78 0.0
65 79 0.02737019447081172
65 80 0.0
65 81 0.0
65 82 0.0
65 83 0.0
65 84 0.0
65 85 0.0
65 86 0.0
65 87 0.0
65 88 0.0
66 67 0.06018841607327578
66 68 0.0
66 69 0.458995525773692
66 70 0.0
66 71 0.04931567602310847
66 72 0.0
66 73 0.0
66 74 0.0
66 75 0.0
66 76 0.051955801530906565
66 77 0.0
66 78 0.0
66 79 0.0
66 80 0.0
66 81 0.0
66 82 0.0614833190416748
66 83 0.36671722328566386
66 84 0.11949368139802594
66 85 0.0
66 86 0.08228893462646968
66 87 0.0
66 88 0.12227390015900856
67 68 0.0
67 69 0.0
67 70 0.0
67 71 0.0
67 72 0.0
67 73 0.0
67 74 0.0
67 75 0.0
67 76 0.0
67 77 0.0
67 78 0.0
67 79 0.0
67 80 0.0
67 81 0.0
67 82 0.0
67 83 0.0
67 84 0.0
67 85 0.0
67 86 0.0
67 87 0.0
67 88 0.0
68 69 0.0
68 70 0.0572153944416406
68 71 0.0
68 72 0.0
68 73 0.0
68 74 0.0
68 75 0.0
68 76 0.0
68 77 0.0
68 78 0.0
68 79 0.12430287703230085
68 80 0.0
68 81 0.0
68 82 0.0
68 83 0.0
68 84 0.0
68 85 0.0
68 86 0.0
68 87 0.0
68 88 0.0
69 70 0.0
69 71 0.0701399278509227
69 72 0.0
69 73 0.0
69 74 0.0
69 75 0.0
69 76 0.13072654777850443
69 77 0.0
69 78 0.0
69 79 0.0
69 80 0.0
69 81 0.0
69 82 0.0874455327267054
69 83 0.671307775105628
69 84 0.1083567238111115
69 85 0.0
69 86 0.1170366180304482
69 87 0.0
69 88 0.17390580900047056
70 71 0.0
70 72 0.0
70 73 0.0
70 74 0.0
70 75 0.0
70 76 0.2904412348320788
70 77 0.0
70 78 0.0
70 79 0.03986462929792821
70 80 0.0
70 81 0.0
70 82 0.0
70 83 0.18310852271756015
70 84 0.0
70 85 0.0
70 86 0.0
70 87 0.0
70 88 0.0
71 72 0.4288579805333531
71 73 0.0
71 74 0.0
71 75 0.0
71 76 0.0
71 77 0.0
71 78 0.0
71 79 0.0
71 80 0.0
71 81 0.0
71 82 0.0
71 83 0.06405583309766542
71 84 0.0
71 85 0.0
71 86 0.0489952255116184
71 87 0.0
71 88 0.058045887215951913
72 73 0.0
72 74 0.0
72 75 0.0
72 76 0.0
72 77 0.0
72 78 0.0
72 79 0.0
72 80 0.0
72 81 0.0
72 82 0.0
72 83 0.0
72 84 0.0
72 85 0.0
72 86 0.0
72 87 0.0
72 88 0.0
73 74 0.24328237234157785
73 75 0.0
73 76 0.0
73 77 0.0
73 78 0.0
73 79 0.0
73 80 0.0
73 81 0.0
73 82 0.0
73 83 0.0
73 84 0.26322015436797436
73 85 0.0
73 86 0.0
73 87 0.0
73 88 0.0
74 75 0.0
74 76 0.0
74 77 0.0
74 78 0.0
74 79 0.0
74 80 0.0
74 81 0.0
74 82 0.0
74 83 0.0
74 84 0.39375850208906044
74 85 0.0
74 86 0.0
74 87 0.0
74 88 0.0
75 76 0.0
75 77 0.0
75 78 0.0
75 79 0.0
75 80 0.0
75 81 0.0
75 82 0.0
75 83 0.0
75 84 0.0
75 85 0.0
75 86 0.0
75 87 0.0
75 88 0.0
76 77 0.0
76 78 0.0
76 79 0.0
76 80 0.0
76 81 0.0
76 82 0.05615489113593459
76 83 0.21651646471207248
76 84 0.06958342913269536
76 85 0.0
76 86 0.0
76 87 0.0
76 88 0.061153386490417835
77 78 0.0
77 79 0.0
77 80 0.0
77 81 0.0
77 82 0.0
77 83 0.0
77 84 0.0
77 85 0.0
77 86 0.0
77 87 0.0
77 88 0.0
78 79 0.0
78 80 0.0
78 81 0.0
78 82 0.41500563372042554
78 83 0.0
78 84 0.0
78 85 0.0
78 86 0.0
78 87 0.0
78 88 0.45194638260754194
79 80 0.0
79 81 0.0
79 82 0.0
79 83 0.0
79 84 0.0
79 85 0.0
79 86 0.0
79 87 0.0
79 88 0.0
80 81 0.0
80 82 0.0
80 83 0.0
80 84 0.0
80 85 0.0
80 86 0.0
80 87 0.0
80 88 0.0
81 82 0.0
81 83 0.0
81 84 0.0
81 85 0.0
81 86 0.0
81 87 0.0
81 88 0.0
82 83 0.0
82 84 0.08234345438467203
82 85 0.0
82 86 0.0
82 87 0.0
82 88 0.5714165318234842
83 84 0.0
83 85 0.0
83 86 0.0
83 87 0.0
83 88 0.0718519404116392
84 85 0.0
84 86 0.0
84 87 0.097442083234766
84 88 0.08967306300625297
85 86 0.0
85 87 0.0
85 88 0.0
86 87 0.09152839750582575
86 88 0.0743714819498496
87 88 0.0
