0 1 0.0
0 2 0.05132784721740904
0 3 0.0
0 4 0.0
0 5 0.0
0 6 0.03930358096394016
0 7 0.0
0 8 0.03891026278176526
0 9 0.0
0 10 0.16253544907662787
0 11 0.0
0 12 0.0
0 13 0.0
0 14 0.0
0 15 0.0
0 16 0.23345123984005664
0 17 0.08641764458193887
0 18 0.0
0 19 0.0
0 20 0.0
0 21 0.031656915750458446
0 22 0.026246318823930113
0 23 0.0
0 24 0.0
0 25 0.0
0 26 0.04822102966626756
0 27 0.0
0 28 0.0
0 29 0.09292383212642447
0 30 0.0
0 31 0.0
0 32 0.0
0 33 0.0
0 34 0.0
0 35 0.0
0 36 0.0
0 37 0.0
0 38 0.0
0 39 0.0257420219288582
0 40 0.0
0 41 0.0
0 42 0.11294719145245972
0 43 0.19242187927354565
0 44 0.0
0 45 0.0
0 46 0.0
0 47 0.0
0 48 0.0
0 49 0.0
0 50 0.0
0 51 0.0
0 52 0.0
0 53 0.0
0 54 0.0
0 55 0.0
0 56 0.0
0 57 0.0
0 58 0.0
0 59 0.0
0 60 0.04757879187988618
0 61 0.0
0 62 0.0
0 63 0.0
0 64 0.0
0 65 0.0
0 66 0.0
0 67 0.0
0 68 0.03882650928736671
0 69 0.0
0 70 0.0
0 71 0.0
0 72 0.03078205249562716
0 73 0.0
0 74 0.0
0 75 0.0
0 76 0.0
0 77 0.0
0 78 0.0
0 79 0.0
0 80 0.0
0 81 0.0
0 82 0.02858730476000793
0 83 0.0
1 2 0.0
1 3 0.0
1 4 0.0
1 5 0.0
1 6 0.0
1 7 0.0
1 8 0.0
1 9 0.0
1 10 0.0
1 11 0.0
1 12 0.0
1 13 0.1612158779455284
1 14 0.0
1 15 0.0
1 16 0.0
1 17 0.043147983304487256
1 18 0.06431280175021407
1 19 0.04576924661963806
1 20 0.0
1 21 0.0
1 22 0.0
1 23 0.044454744154575114
1 24 0.0
1 25 0.0
1 26 0.0
1 27 0.0
1 28 0.0
1 29 0.0
1 30 0.0
1 31 0.0
1 32 0.0
1 33 0.0
1 34 0.0
1 35 0.0
1 36 0.0
1 37 0.0
1 38 0.0
1 39 0.0
1 40 0.0
1 41 0.0
1 42 0.0
1 43 0.0
1 44 0.0
1 45 0.0
1 46 0.0
1 47 0.0
1 48 0.0
1 49 0.0
1 50 0.0
1 51 0.0
1 52 0.0
1 53 0.0
1 54 0.0
1 55 0.0
1 56 0.0
1 57 0.0
1 58 0.0
1 59 0.0
1 60 0.0
1 61 0.05649417019366717
1 62 0.0
1 63 0.0
1 64 0.0
1 65 0.0
1 66 0.0
1 67 0.0
1 68 0.0
1 69 0.0
1 70 0.0
1 71 0.0
1 72 0.0
1 73 0.10517134896328806
1 74 0.0
1 75 0.0
1 76 0.0
1 77 0.0
1 78 0.0
1 79 0.0
1 80 0.0
1 81 0.07177685752486036
1 82 0.0
1 83 0.0
2 3 0.0
2 4 0.0
2 5 0.0
2 6 0.0
2 7 0.0
2 8 0.0
2 9 0.0
2 10 0.0
2 11 0.0
2 12 0.0
2 13 0.0
2 14 0.101847874533914
2 15 0.0
2 16 0.0
2 17 0.0
2 18 0.0
2 19 0.0
2 20 0.0
2 21 0.0
2 22 0.0
2 23 0.0
2 24 0.0
2 25 0.0
2 26 0.04105460709589259
2 27 0.0
2 28 0.0
2 29 0.0
2 30 0.0
2 31 0.0
2 32 0.0
2 33 0.0
2 34 0.0
2 35 0.0
2 36 0.0
2 37 0.0
2 38 0.0
2 39 0.0
2 40 0.0
2 41 0.0
2 42 0.0
2 43 0.0
2 44 0.0
2 45 0.0
2 46 0.0
2 47 0.0
2 48 0.0
2 49 0.0
2 50 0.0
2 51 0.0
2 52 0.0
2 53 0.0
2 54 0.0
2 55 0.0
2 56 0.0
2 57 0.0
2 58 0.0
2 59 0.0
2 60 0.040507816200623346
2 61 0.0
2 62 0.0
2 63 0.0
2 64 0.0
2 65 0.0
2 66 0.0
2 67 0.0
2 68 0.0
2 69 0.0
2 70 0.0
2 71 0.0
2 72 0.0
2 73 0.09803911990459183
2 74 0.0
2 75 0.0
2 76 0.0
2 77 0.0
2 78 0.0
2 79 0.0
2 80 0.0
2 81 0.0
2 82 0.0
2 83 0.0
3 4 0.0
3 5 0.0
3 6 0.0
3 7 0.0
3 8 0.0
3 9 0.0
3 10 0.0
3 11 0.0
3 12 0.0
3 13 0.0
3 14 0.0
3 15 0.0
3 16 0.0
3 17 0.0
3 18 0.0
3 19 0.0
3 20 0.0
3 21 0.0
3 22 0.0
3 23 0.0
3 24 0.0
3 25 0.0
3 26 0.0
3 27 0.0
3 28 0.0
3 29 0.0
3 30 0.0
3 31 0.0
3 32 0.0
3 33 0.0
3 34 0.0
3 35 0.0
3 36 0.0
3 37 0.0
3 38 0.0
3 39 0.0
3 40 0.0
3 41 0.11035432551788676
3 42 0.0
3 43 0.0
3 44 0.0
3 45 0.0
3 46 0.0
3 47 0.0
3 48 0.0
3 49 0.0
3 50 0.0
3 51 0.0
3 52 0.0
3 53 0.0
3 54 0.0
3 55 0.0
3 56 0.0
3 57 0.0
3 58 0.0
3 59 0.0
3 60 0.0
3 61 0.0
3 62 0.0
3 63 0.0
3 64 0.0
3 65 0.0
3 66 0.0
3 67 0.0
3 68 0.0
3 69 0.0
3 70 0.0
3 71 0.0
3 72 0.0
3 73 0.0
3 74 0.0
3 75 0.0
3 76 0.0
3 77 0.0
3 78 0.0
3 79 0.0
3 80 0.1335352773185085
3 81 0.0
3 82 0.0
3 83 0.0
4 5 0.045771580563256364
4 6 0.0
4 7 0.0
4 8 0.0
4 9 0.0
4 10 0.28617080027873976
4 11 0.0
4 12 0.0
4 13 0.0
4 14 0.05488789553230002
4 15 0.0
4 16 0.0
4 17 0.0
4 18 0.0
4 19 0.0
4 20 0.0
4 21 0.0
4 22 0.0
4 23 0.0
4 24 0.0
4 25 0.0
4 26 0.0
4 27 0.0
4 28 0.045510613146337406
4 29 0.0
4 30 0.0
4 31 0.0
4 32 0.0
4 33 0.0
4 34 0.0
4 35 0.0
4 36 0.0
4 37 0.0
4 38 0.0
4 39 0.0
4 40 0.0
4 41 0.0
4 42 0.1988623918708837
4 43 0.0
4 44 0.0
4 45 0.0
4 46 0.04159954065949993
4 47 0.0
4 48 0.028626578031016512
4 49 0.0
4 50 0.0
4 51 0.0
4 52 0.0
4 53 0.0
4 54 0.0
4 55 0.0
4 56 0.0
4 57 0.0
4 58 0.0
4 59 0.0
4 60 0.0
4 61 0.0
4 62 0.0
4 63 0.0
4 64 0.0
4 65 0.0
4 66 0.0
4 67 0.0
4 68 0.0
4 69 0.03685360237750094
4 70 0.0
4 71 0.0
4 72 0.0
4 73 0.04923528432946462
4 74 0.0
4 75 0.0
4 76 0.0
4 77 0.0
4 78 0.0
4 79 0.0
4 80 0.0
4 81 0.0
4 82 0.04008148570740127
4 83 0.0
5 6 0.0
5 7 0.0
5 8 0.0
5 9 0.4650351856471422
5 10 0.0
5 11 0.0
5 12 0.0
5 13 0.0
5 14 0.04566492679880912
5 15 0.0
5 16 0.0
5 17 0.0
5 18 0.0
5 19 0.0
5 20 0.0
5 21 0.0
5 22 0.0
5 23 0.0
5 24 0.0
5 25 0.0
5 26 0.0
5 27 0.0
5 28 0.03786333576359164
5 29 0.0
5 30 0.0
5 31 0.0
5 32 0.0
5 33 0.0
5 34 0.0
5 35 0.0
5 36 0.0
5 37 0.0
5 38 0.0
5 39 0.0
5 40 0.0
5 41 0.0
5 42 0.0
5 43 0.0
5 44 0.0
5 45 0.0
5 46 0.0
5 47 0.0
5 48 0.02381637294724657
5 49 0.0
5 50 0.0
5 51 0.0
5 52 0.0
5 53 0.0
5 54 0.0
5 55 0.0
5 56 0.0
5 57 0.0
5 58 0.0
5 59 0.0
5 60 0.0
5 61 0.0
5 62 0.0
5 63 0.0
5 64 0.0
5 65 0.0
5 66 0.0
5 67 0.0
5 68 0.0
5 69 0.0
5 70 0.0
5 71 0.0
5 72 0.0
5 73 0.040962139885659804
5 74 0.0
5 75 0.0
5 76 0.0
5 77 0.0
5 78 0.0
5 79 0.11849738989887736
5 80 0.0
5 81 0.0
5 82 0.03334648000375421
5 83 0.0
6 7 0.0
6 8 0.04038875881338447
6 9 0.0
6 10 0.0
6 11 0.0
6 12 0.0
6 13 0.0
6 14 0.0
6 15 0.0
6 16 0.0
6 17 0.0
6 18 0.0
6 19 0.0
6 20 0.0
6 21 0.03285980210907463
6 22 0.02724361556395569
6 23 0.0
6 24 0.0
6 25 0.0
6 26 0.0
6 27 0.0
6 28 0.0
6 29 0.7421384612976965
6 30 0.0
6 31 0.0
6 32 0.0
6 33 0.0
6 34 0.0
6 35 0.0
6 36 0.0
6 37 0.0
6 38 0.0
6 39 0.02672015660456405
6 40 0.0
6 41 0.0
6 42 0.0
6 43 0.0
6 44 0.0
6 45 0.0
6 46 0.0
6 47 0.0
6 48 0.0
6 49 0.0
6 50 0.0
6 51 0.0
6 52 0.0
6 53 0.0
6 54 0.0
6 55 0.0
6 56 0.0
6 57 0.0
6 58 0.0
6 59 0.0
6 60 0.0
6 61 0.0
6 62 0.0
6 63 0.0
6 64 0.0
6 65 0.0
6 66 0.0
6 67 0.0
6 68 0.040301822888432905
6 69 0.0
6 70 0.0
6 71 0.0
6 72 0.03195169616303531
6 73 0.0
6 74 0.0
6 75 0.0
6 76 0.0
6 77 0.0
6 78 0.0
6 79 0.0
6 80 0.0
6 81 0.0
6 82 0.02967355331297756
6 83 0.0
7 8 0.08566029830798375
7 9 0.0
7 10 0.0
7 11 0.0
7 12 0.0
7 13 0.0
7 14 0.0
7 15 0.0
7 16 0.0
7 17 0.0
7 18 0.0
7 19 0.0
7 20 0.07449293517062024
7 21 0.0
7 22 0.0
7 23 0.0
7 24 0.0
7 25 0.0
7 26 0.0
7 27 0.0
7 28 0.0
7 29 0.0
7 30 0.0
7 31 0.0
7 32 0.0
7 33 0.0
7 34 0.0
7 35 0.0
7 36 0.0
7 37 0.0
7 38 0.0
7 39 0.0
7 40 0.0
7 41 0.0
7 42 0.0
7 43 0.0
7 44 0.0
7 45 0.0
7 46 0.0
7 47 0.0
7 48 0.0
7 49 0.0
7 50 0.0
7 51 0.0
7 52 0.0
7 53 0.0
7 54 0.0
7 55 0.0
7 56 0.0
7 57 0.0
7 58 0.0
7 59 0.08713881653593578
7 60 0.06578652969179741
7 61 0.0
7 62 0.0
7 63 0.0
7 64 0.0
7 65 0.0
7 66 0.0
7 67 0.0
7 68 0.0
7 69 0.0
7 70 0.0
7 71 0.0
7 72 0.0
7 73 0.0
7 74 0.0
7 75 0.0
7 76 0.0
7 77 0.0
7 78 0.0
7 79 0.0
7 80 0.0
7 81 0.0
7 82 0.0
7 83 0.06791216112439635
8 9 0.0
8 10 0.0
8 11 0.0
8 12 0.0
8 13 0.0
8 14 0.0
8 15 0.0
8 16 0.0
8 17 0.0
8 18 0.0
8 19 0.0
8 20 0.05219708569415393
8 21 0.0325309680101149
8 22 0.21816582954729877
8 23 0.0
8 24 0.0
8 25 0.0
8 26 0.0
8 27 0.0
8 28 0.0
8 29 0.0
8 30 0.0
8 31 0.0
8 32 0.0
8 33 0.0
8 34 0.0
8 35 0.0
8 36 0.0759514935250314
8 37 0.0
8 38 0.0
8 39 0.08553196204527248
8 40 0.0
8 41 0.0
8 42 0.0
8 43 0.0
8 44 0.0
8 45 0.0
8 46 0.0
8 47 0.05604211288198173
8 48 0.04685875861485292
8 49 0.0
8 50 0.0475884309720414
8 51 0.0
8 52 0.0
8 53 0.0
8 54 0.045809202782164535
8 55 0.043407565776797226
8 56 0.0578862433863993
8 57 0.05519176970368507
8 58 0.0
8 59 0.061058035417662915
8 60 0.04609652069661039
8 61 0.0
8 62 0.0
8 63 0.0
8 64 0.0
8 65 0.048461294329210286
8 66 0.0
8 67 0.0
8 68 0.03989851511524663
8 69 0.0
8 70 0.0
8 71 0.0
8 72 0.10227826520417967
8 73 0.0
8 74 0.0
8 75 0.055215951924651036
8 76 0.0
8 77 0.0
8 78 0.0
8 79 0.0
8 80 0.0
8 81 0.0
8 82 0.029376604593255605
8 83 0.04758594738905347
9 10 0.0
9 11 0.0
9 12 0.0
9 13 0.0
9 14 0.0
9 15 0.06452394155524842
9 16 0.0
9 17 0.0
9 18 0.0
9 19 0.0
9 20 0.04289823638900785
9 21 0.0
9 22 0.03327424193920631
9 23 0.0
9 24 0.035456383410538014
9 25 0.0
9 26 0.0
9 27 0.0
9 28 0.0
9 29 0.0
9 30 0.0
9 31 0.0
9 32 0.0
9 33 0.0
9 34 0.0
9 35 0.0
9 36 0.0
9 37 0.0
9 38 0.0
9 39 0.0
9 40 0.0
9 41 0.05764128619679222
9 42 0.0
9 43 0.0
9 44 0.0
9 45 0.0
9 46 0.0
9 47 0.0
9 48 0.0
9 49 0.0
9 50 0.0
9 51 0.0
9 52 0.0
9 53 0.0
9 54 0.0
9 55 0.0
9 56 0.0
9 57 0.0
9 58 0.0
9 59 0.0
9 60 0.0
9 61 0.0
9 62 0.0
9 63 0.0
9 64 0.08017353107063935
9 65 0.0
9 66 0.0
9 67 0.0
9 68 0.049223004275356474
9 69 0.0
9 70 0.0
9 71 0.0
9 72 0.0
9 73 0.04451902256329711
9 74 0.0
9 75 0.0
9 76 0.0
9 77 0.0
9 78 0.0
9 79 0.18247855333337615
9 80 0.0
9 81 0.0
9 82 0.0
9 83 0.0
10 11 0.0
10 12 0.0
10 13 0.0
10 14 0.0
10 15 0.0
10 16 0.0
10 17 0.0
10 18 0.0
10 19 0.0
10 20 0.0
10 21 0.0
10 22 0.0
10 23 0.0
10 24 0.0
10 25 0.0
10 26 0.0
10 27 0.0
10 28 0.0
10 29 0.0
10 30 0.0
10 31 0.0
10 32 0.0
10 33 0.0
10 34 0.0
10 35 0.0
10 36 0.0
10 37 0.0
10 38 0.0
10 39 0.0
10 40 0.0
10 41 0.0
10 42 0.6949080467929825
10 43 0.0
10 44 0.0
10 45 0.0
10 46 0.0
10 47 0.0
10 48 0.0
10 49 0.0
10 50 0.0
10 51 0.0
10 52 0.0
10 53 0.0
10 54 0.0
10 55 0.0
10 56 0.0
10 57 0.0
10 58 0.0
10 59 0.0
10 60 0.0
10 61 0.0
10 62 0.0
10 63 0.0
10 64 0.0
10 65 0.0
10 66 0.0
10 67 0.0
10 68 0.0
10 69 0.0
10 70 0.0
10 71 0.0
10 72 0.0
10 73 0.0
10 74 0.0
10 75 0.0
10 76 0.0
10 77 0.0
10 78 0.0
10 79 0.0
10 80 0.0
10 81 0.0
10 82 0.0
10 83 0.0
11 12 0.08281065084670343
11 13 0.0
11 14 0.2561760635332531
11 15 0.0
11 16 0.0
11 17 0.0
11 18 0.0
11 19 0.0
11 20 0.0
11 21 0.0
11 22 0.0
11 23 0.0
11 24 0.0
11 25 0.0
11 26 0.0
11 27 0.0
11 28 0.3392316720295465
11 29 0.0
11 30 0.0
11 31 0.06106291062553796
11 32 0.07216755123315377
11 33 0.0
11 34 0.0
11 35 0.0
11 36 0.0
11 37 0.0
11 38 0.0
11 39 0.0
11 40 0.0
11 41 0.0
11 42 0.0
11 43 0.0
11 44 0.0
11 45 0.0
11 46 0.0
11 47 0.0
11 48 0.0
11 49 0.0
11 50 0.0
11 51 0.0
11 52 0.0
11 53 0.0
11 54 0.0
11 55 0.0
11 56 0.0
11 57 0.0
11 58 0.0
11 59 0.0
11 60 0.0
11 61 0.0
11 62 0.0
11 63 0.12038700481317047
11 64 0.0
11 65 0.0
11 66 0.0
11 67 0.0
11 68 0.0
11 69 0.0
11 70 0.0
11 71 0.0
11 72 0.0
11 73 0.0
11 74 0.0
11 75 0.0
11 76 0.0
11 77 0.0
11 78 0.0
11 79 0.0
11 80 0.0
11 81 0.0
11 82 0.0
11 83 0.0
12 13 0.0
12 14 0.0
12 15 0.0
12 16 0.0
12 17 0.0
12 18 0.0
12 19 0.0
12 20 0.0
12 21 0.0
12 22 0.0
12 23 0.04297351398236387
12 24 0.0
12 25 0.12005241418766717
12 26 0.0
12 27 0.0
12 28 0.07690230087108586
12 29 0.0
12 30 0.10535268751786576
12 31 0.2738807274401149
12 32 0.24011247210452466
12 33 0.0
12 34 0.0
12 35 0.0
12 36 0.0
12 37 0.0
12 38 0.0
12 39 0.0
12 40 0.0
12 41 0.0
12 42 0.0
12 43 0.0
12 44 0.0
12 45 0.0
12 46 0.0
12 47 0.0
12 48 0.0
12 49 0.0
12 50 0.0
12 51 0.0
12 52 0.0
12 53 0.0
12 54 0.0
12 55 0.0
12 56 0.0
12 57 0.0
12 58 0.0
12 59 0.0
12 60 0.0
12 61 0.0
12 62 0.11106342226699856
12 63 0.0
12 64 0.0
12 65 0.0
12 66 0.0
12 67 0.0
12 68 0.0
12 69 0.0
12 70 0.0
12 71 0.0
12 72 0.0
12 73 0.0
12 74 0.0
12 75 0.0
12 76 0.0
12 77 0.0
12 78 0.0
12 79 0.0
12 80 0.0
12 81 0.0
12 82 0.0
12 83 0.0
13 14 0.0
13 15 0.0
13 16 0.0
13 17 0.0
13 18 0.0
13 19 0.0
13 20 0.0
13 21 0.0
13 22 0.0
13 23 0.0
13 24 0.0
13 25 0.0
13 26 0.0
13 27 0.0
13 28 0.0
13 29 0.0
13 30 0.0
13 31 0.0
13 32 0.0
13 33 0.0
13 34 0.0
13 35 0.0
13 36 0.0
13 37 0.0
13 38 0.0
13 39 0.0
13 40 0.0
13 41 0.0
13 42 0.0
13 43 0.0
13 44 0.0
13 45 0.0
13 46 0.0
13 47 0.0
13 48 0.0
13 49 0.0
13 50 0.0
13 51 0.0
13 52 0.0
13 53 0.0
13 54 0.0
13 55 0.0
13 56 0.0
13 57 0.0
13 58 0.0
13 59 0.0
13 60 0.0
13 61 0.04692505829021407
13 62 0.0
13 63 0.0
13 64 0.0
13 65 0.0
13 66 0.0
13 67 0.0
13 68 0.0
13 69 0.0
13 70 0.0
13 71 0.0
13 72 0.0
13 73 0.0
13 74 0.0
13 75 0.0
13 76 0.0
13 77 0.0
13 78 0.0
13 79 0.0
13 80 0.0
13 81 0.0
13 82 0.0
13 83 0.0
14 15 0.0
14 16 0.0
14 17 0.0
14 18 0.0
14 19 0.0
14 20 0.0
14 21 0.0
14 22 0.0
14 23 0.0
14 24 0.0
14 25 0.0
14 26 0.0
14 27 0.0
14 28 0.40385635657133834
14 29 0.07949214658442559
14 30 0.0
14 31 0.0
14 32 0.0
14 33 0.0
14 34 0.0
14 35 0.0
14 36 0.0
14 37 0.0
14 38 0.0
14 39 0.0
14 40 0.0
14 41 0.0
14 42 0.0
14 43 0.0
14 44 0.0
14 45 0.0
14 46 0.0
14 47 0.0
14 48 0.028559874363092454
14 49 0.0
14 50 0.0
14 51 0.0
14 52 0.0
14 53 0.0
14 54 0.0
14 55 0.0
14 56 0.0
14 57 0.0
14 58 0.0
14 59 0.0
14 60 0.0
14 61 0.0
14 62 0.0
14 63 0.0
14 64 0.0
14 65 0.0
14 66 0.0
14 67 0.0
14 68 0.0
14 69 0.0
14 70 0.0
14 71 0.0
14 72 0.0
14 73 0.04912055968258224
14 74 0.0
14 75 0.0
14 76 0.0
14 77 0.0
14 78 0.0
14 79 0.0
14 80 0.0
14 81 0.06264847870121237
14 82 0.039988090607587644
14 83 0.0
15 16 0.0
15 17 0.0
15 18 0.0
15 19 0.0
15 20 0.0
15 21 0.0
15 22 0.0
15 23 0.0
15 24 0.0
15 25 0.04375358608280607
15 26 0.0
15 27 0.0
15 28 0.0
15 29 0.0
15 30 0.1955064033795884
15 31 0.0
15 32 0.0
15 33 0.0
15 34 0.0
15 35 0.0
15 36 0.0
15 37 0.0
15 38 0.0
15 39 0.0
15 40 0.0
15 41 0.42414480357699386
15 42 0.0
15 43 0.04363696701536034
15 44 0.0
15 45 0.0
15 46 0.0
15 47 0.0
15 48 0.0
15 49 0.0
15 50 0.0
15 51 0.0
15 52 0.0
15 53 0.0
15 54 0.0
15 55 0.0
15 56 0.0
15 57 0.0
15 58 0.0
15 59 0.0
15 60 0.0
15 61 0.0
15 62 0.04047751175760499
15 63 0.12759557852106768
15 64 0.06610663490766701
15 65 0.0
15 66 0.0
15 67 0.0
15 68 0.0
15 69 0.0
15 70 0.0
15 71 0.03315207177708607
15 72 0.0
15 73 0.0
15 74 0.0
15 75 0.0
15 76 0.0
15 77 0.0
15 78 0.0
15 79 0.0
15 80 0.0
15 81 0.0
15 82 0.03286310047092986
15 83 0.03546234538722622
16 17 0.0
16 18 0.0
16 19 0.0
16 20 0.0
16 21 0.0992197737293083
16 22 0.0
16 23 0.0
16 24 0.0
16 25 0.0
16 26 0.0
16 27 0.0
16 28 0.0
16 29 0.0
16 30 0.0
16 31 0.0
16 32 0.0
16 33 0.0
16 34 0.0
16 35 0.0
16 36 0.0
16 37 0.0
16 38 0.0
16 39 0.08068118863029841
16 40 0.0
16 41 0.0
16 42 0.0
16 43 0.23403436968077412
16 44 0.0
16 45 0.0
16 46 0.0
16 47 0.07653360842937595
16 48 0.0
16 49 0.0
16 50 0.0
16 51 0.0
16 52 0.0
16 53 0.0
16 54 0.0
16 55 0.0
16 56 0.0
16 57 0.0
16 58 0.0
16 59 0.0
16 60 0.0
16 61 0.0
16 62 0.0
16 63 0.0
16 64 0.0
16 65 0.0661809045633785
16 66 0.0
16 67 0.0
16 68 0.0
16 69 0.0
16 70 0.0
16 71 0.0
16 72 0.0
16 73 0.0
16 74 0.0
16 75 0.0
16 76 0.0
16 77 0.0
16 78 0.0
16 79 0.0
16 80 0.0
16 81 0.0
16 82 0.0
16 83 0.0
17 18 0.13555851675854474
17 19 0.22885520750325508
17 20 0.0
17 21 0.0
17 22 0.05407437915026889
17 23 0.09370170504902209
17 24 0.057620604049874534
17 25 0.0
17 26 0.0
17 27 0.0
17 28 0.0
17 29 0.06940219228993948
17 30 0.0
17 31 0.0
17 32 0.0
17 33 0.0
17 34 0.0
17 35 0.0
17 36 0.0
17 37 0.0
17 38 0.0
17 39 0.0
17 40 0.0
17 41 0.0
17 42 0.0
17 43 0.0
17 44 0.0
17 45 0.0
17 46 0.0
17 47 0.0
17 48 0.0
17 49 0.0
17 50 0.0
17 51 0.0
17 52 0.0
17 53 0.0
17 54 0.0
17 55 0.0
17 56 0.0
17 57 0.0
17 58 0.0
17 59 0.0
17 60 0.0
17 61 0.0
17 62 0.0
17 63 0.0
17 64 0.05305736309072641
17 65 0.0
17 66 0.0
17 67 0.0
17 68 0.07999290865781394
17 69 0.0
17 70 0.0
17 71 0.0
17 72 0.0
17 73 0.0
17 74 0.0
17 75 0.0
17 76 0.0
17 77 0.0
17 78 0.0
17 79 0.0
17 80 0.0
17 81 0.0
17 82 0.0
17 83 0.0
18 19 0.14379376994588144
18 20 0.0
18 21 0.0
18 22 0.08059878028402512
18 23 0.13966398239168878
18 24 0.08588448871031656
18 25 0.0
18 26 0.0
18 27 0.0
18 28 0.0
18 29 0.0
18 30 0.0
18 31 0.0
18 32 0.0
18 33 0.0
18 34 0.0
18 35 0.14217786011437603
18 36 0.0
18 37 0.0
18 38 0.0
18 39 0.0
18 40 0.0
18 41 0.0
18 42 0.0
18 43 0.0
18 44 0.0
18 45 0.0
18 46 0.0
18 47 0.0
18 48 0.1005213682033972
18 49 0.09838358685655424
18 50 0.10208666070906625
18 51 0.0
18 52 0.0
18 53 0.0
18 54 0.0
18 55 0.0
18 56 0.0
18 57 0.0
18 58 0.0
18 59 0.0
18 60 0.0
18 61 0.0
18 62 0.0
18 63 0.0
18 64 0.07908290057876581
18 65 0.10395912642328634
18 66 0.0
18 67 0.0
18 68 0.11923078860091132
18 69 0.0
18 70 0.0
18 71 0.0
18 72 0.0
18 73 0.0
18 74 0.0
18 75 0.0
18 76 0.0
18 77 0.0
18 78 0.0
18 79 0.0
18 80 0.0
18 81 0.0
18 82 0.0
18 83 0.0
19 20 0.0
19 21 0.0
19 22 0.05735942692077303
19 23 0.09939413429371725
19 24 0.06112108690041506
19 25 0.0
19 26 0.0
19 27 0.0
19 28 0.0
19 29 0.0
19 30 0.0
19 31 0.0
19 32 0.0
19 33 0.0
19 34 0.0
19 35 0.0
19 36 0.0
19 37 0.0
19 38 0.0
19 39 0.0
19 40 0.0
19 41 0.0
19 42 0.0
19 43 0.0
19 44 0.0
19 45 0.0
19 46 0.0
19 47 0.0
19 48 0.0
19 49 0.0
19 50 0.0
19 51 0.0
19 52 0.0
19 53 0.0
19 54 0.0
19 55 0.0
19 56 0.0
19 57 0.0
19 58 0.0
19 59 0.0
19 60 0.0
19 61 0.0
19 62 0.0
19 63 0.0
19 64 0.05628062658572952
19 65 0.0
19 66 0.0
19 67 0.0
19 68 0.08485252110962305
19 69 0.0
19 70 0.0
19 71 0.0
19 72 0.0
19 73 0.0
19 74 0.0
19 75 0.0
19 76 0.0
19 77 0.0
19 78 0.0
19 79 0.0
19 80 0.0
19 81 0.0
19 82 0.0
19 83 0.0
20 21 0.0
20 22 0.04479293077880429
20 23 0.0
20 24 0.04773047364014139
20 25 0.0
20 26 0.0
20 27 0.0
20 28 0.0
20 29 0.0
20 30 0.0
20 31 0.0
20 32 0.0
20 33 0.0
20 34 0.0
20 35 0.0
20 36 0.0
20 37 0.0
20 38 0.0
20 39 0.0
20 40 0.0
20 41 0.0
20 42 0.0
20 43 0.0
20 44 0.0
20 45 0.0
20 46 0.0
20 47 0.0
20 48 0.0
20 49 0.0
20 50 0.0
20 51 0.0
20 52 0.0
20 53 0.0
20 54 0.0
20 55 0.0
20 56 0.0
20 57 0.0
20 58 0.0
20 59 0.0530980204815546
20 60 0.04008700875051362
20 61 0.0
20 62 0.0
20 63 0.0
20 64 0.04395047764902495
20 65 0.0
20 66 0.0
20 67 0.0
20 68 0.06626274543712181
20 69 0.0
20 70 0.0
20 71 0.0
20 72 0.0
20 73 0.0599303659467639
20 74 0.0
20 75 0.0
20 76 0.0
20 77 0.0
20 78 0.0
20 79 0.0
20 80 0.0
20 81 0.04783219306044968
20 82 0.0
20 83 0.04138226184013791
21 22 0.02194326373053118
21 23 0.0
21 24 0.0
21 25 0.0
21 26 0.0
21 27 0.0
21 28 0.0
21 29 0.0
21 30 0.0
21 31 0.0
21 32 0.0
21 33 0.0
21 34 0.0
21 35 0.0
21 36 0.0
21 37 0.0
21 38 0.0
21 39 0.07698165286893024
21 40 0.0
21 41 0.0
21 42 0.0
21 43 0.0
21 44 0.0
21 45 0.0
21 46 0.0
21 47 0.052608972920305586
21 48 0.0
21 49 0.0
21 50 0.0
21 51 0.0
21 52 0.0
21 53 0.0
21 54 0.0
21 55 0.0
21 56 0.0
21 57 0.0
21 58 0.0
21 59 0.0
21 60 0.0
21 61 0.0
21 62 0.0
21 63 0.0
21 64 0.0
21 65 0.04549255532919209
21 66 0.0
21 67 0.0
21 68 0.032460945808972345
21 69 0.0
21 70 0.0
21 71 0.0
21 72 0.025735368857241498
21 73 0.0
21 74 0.0
21 75 0.0
21 76 0.0
21 77 0.0
21 78 0.0
21 79 0.0
21 80 0.0
21 81 0.0
21 82 0.02390044759808309
21 83 0.0
22 23 0.055712052020579605
22 24 0.09049906155598586
22 25 0.0
22 26 0.0
22 27 0.0
22 28 0.0
22 29 0.0
22 30 0.0
22 31 0.0
22 32 0.0
22 33 0.0
22 34 0.0
22 35 0.0
22 36 0.0
22 37 0.0
22 38 0.0
22 39 0.01784330414860052
22 40 0.0
22 41 0.0
22 42 0.0
22 43 0.0
22 44 0.0
22 45 0.0
22 46 0.0
22 47 0.0
22 48 0.0
22 49 0.0
22 50 0.0
22 51 0.0
22 52 0.0
22 53 0.0
22 54 0.0
22 55 0.0
22 56 0.0
22 57 0.0
22 58 0.0
22 59 0.0
22 60 0.0
22 61 0.0
22 62 0.0
22 63 0.0
22 64 0.08333202415215564
22 65 0.0
22 66 0.0
22 67 0.0
22 68 0.15254998707877343
22 69 0.0
22 70 0.0
22 71 0.0
22 72 0.021336844732539065
22 73 0.04648530251767568
22 74 0.0
22 75 0.0
22 76 0.0
22 77 0.0
22 78 0.0
22 79 0.0
22 80 0.0
22 81 0.0
22 82 0.01981553644198074
22 83 0.0
23 24 0.05936567632821111
23 25 0.0
23 26 0.0
23 27 0.0
23 28 0.0
23 29 0.0
23 30 0.0
23 31 0.0
23 32 0.0
23 33 0.0
23 34 0.0
23 35 0.0
23 36 0.0
23 37 0.0
23 38 0.0
23 39 0.0
23 40 0.0
23 41 0.0
23 42 0.0
23 43 0.0
23 44 0.0
23 45 0.0
23 46 0.0
23 47 0.0
23 48 0.0
23 49 0.0
23 50 0.0
23 51 0.0
23 52 0.0
23 53 0.0
23 54 0.0
23 55 0.0
23 56 0.0
23 57 0.0
23 58 0.0
23 59 0.0
23 60 0.0
23 61 0.0
23 62 0.0
23 63 0.0
23 64 0.05466423505984223
23 65 0.0
23 66 0.0
23 67 0.0
23 68 0.08241553871635053
23 69 0.0
23 70 0.0
23 71 0.0
23 72 0.0
23 73 0.0
23 74 0.0
23 75 0.0
23 76 0.0
23 77 0.0
23 78 0.0
23 79 0.0
23 80 0.0
23 81 0.0
23 82 0.0
23 83 0.0
24 25 0.0
24 26 0.0
24 27 0.0
24 28 0.0
24 29 0.0
24 30 0.0
24 31 0.0
24 32 0.0
24 33 0.0
24 34 0.0706908714257534
24 35 0.0
24 36 0.0
24 37 0.0
24 38 0.0
24 39 0.0
24 40 0.0
24 41 0.0
24 42 0.0
24 43 0.0
24 44 0.0
24 45 0.0
24 46 0.0
24 47 0.0
24 48 0.0
24 49 0.0
24 50 0.0
24 51 0.09087599498659442
24 52 0.0
24 53 0.0
24 54 0.0
24 55 0.0
24 56 0.0
24 57 0.0
24 58 0.0
24 59 0.0
24 60 0.0
24 61 0.0
24 62 0.0
24 63 0.0
24 64 0.08879698008187054
24 65 0.0
24 66 0.0
24 67 0.0
24 68 0.13387639910850202
24 69 0.0
24 70 0.0
24 71 0.0
24 72 0.0
24 73 0.049533831966266914
24 74 0.0
24 75 0.0
24 76 0.0
24 77 0.0
24 78 0.0
24 79 0.0
24 80 0.0
24 81 0.0
24 82 0.0
24 83 0.0
25 26 0.0
25 27 0.0
25 28 0.0
25 29 0.0
25 30 0.5607497554436071
25 31 0.17704847777351845
25 32 0.20924575916184004
25 33 0.0
25 34 0.0
25 35 0.0
25 36 0.0
25 37 0.0
25 38 0.0
25 39 0.0
25 40 0.0
25 41 0.03908646801087848
25 42 0.0
25 43 0.04750207005777654
25 44 0.0
25 45 0.0
25 46 0.0
25 47 0.0
25 48 0.0
25 49 0.0
25 50 0.0
25 51 0.0
25 52 0.0
25 53 0.0
25 54 0.0
25 55 0.0
25 56 0.0
25 57 0.0
25 58 0.0
25 59 0.0
25 60 0.0
25 61 0.0
25 62 0.6820743991214441
25 63 0.0
25 64 0.0
25 65 0.0
25 66 0.0
25 67 0.0
25 68 0.0
25 69 0.0
25 70 0.0
25 71 0.036088485149787054
25 72 0.0
25 73 0.0
25 74 0.0
25 75 0.0
25 76 0.0
25 77 0.0
25 78 0.0
25 79 0.0
25 80 0.0
25 81 0.0
25 82 0.03577391848375622
25 83 0.03860338905781714
26 27 0.0
26 28 0.0
26 29 0.0
26 30 0.0
26 31 0.0
26 32 0.0
26 33 0.0
26 34 0.0
26 35 0.0
26 36 0.0
26 37 0.0
26 38 0.0
26 39 0.0
26 40 0.0
26 41 0.0
26 42 0.0
26 43 0.0
26 44 0.0
26 45 0.0
26 46 0.0
26 47 0.1035024552723144
26 48 0.08051277566525977
26 49 0.0
26 50 0.259027183799416
26 51 0.0
26 52 0.10009070622227585
26 53 0.1952765075352039
26 54 0.16331303578430303
26 55 0.08016809867169533
26 56 0.07765269177422815
26 57 0.19676254798580084
26 58 0.2640155837892709
26 59 0.0
26 60 0.03805592310256595
26 61 0.0
26 62 0.0
26 63 0.0
26 64 0.0
26 65 0.179003349117489
26 66 0.103066590412211
26 67 0.18382900459127494
26 68 0.0
26 69 0.0
26 70 0.0
26 71 0.0
26 72 0.0
26 73 0.0
26 74 0.0
26 75 0.2726382483007061
26 76 0.0
26 77 0.0
26 78 0.0
26 79 0.0
26 80 0.0
26 81 0.0
26 82 0.0
26 83 0.0
27 28 0.0
27 29 0.0
27 30 0.0
27 31 0.0
27 32 0.0
27 33 0.0
27 34 0.19113786701362712
27 35 0.0
27 36 0.0
27 37 0.0
27 38 0.15735663498644628
27 39 0.0
27 40 0.0
27 41 0.0
27 42 0.0
27 43 0.0
27 44 0.0
27 45 0.0
27 46 0.0
27 47 0.0
27 48 0.0
27 49 0.0
27 50 0.0
27 51 0.0
27 52 0.0
27 53 0.0
27 54 0.0
27 55 0.0
27 56 0.0
27 57 0.0
27 58 0.0
27 59 0.0
27 60 0.0
27 61 0.0
27 62 0.0
27 63 0.0
27 64 0.0
27 65 0.0
27 66 0.0
27 67 0.0
27 68 0.0
27 69 0.0
27 70 0.0
27 71 0.0
27 72 0.0
27 73 0.0
27 74 0.0
27 75 0.0
27 76 0.0
27 77 0.0
27 78 0.0
27 79 0.0
27 80 0.19084884932922216
27 81 0.0
27 82 0.0
27 83 0.0
28 29 0.0
28 30 0.0
28 31 0.05670621202678644
28 32 0.06701856200037855
28 33 0.0
28 34 0.0
28 35 0.0
28 36 0.0
28 37 0.0
28 38 0.0
28 39 0.0
28 40 0.0
28 41 0.0
28 42 0.0
28 43 0.0
28 44 0.0
28 45 0.0
28 46 0.0
28 47 0.0
28 48 0.023680583506463942
28 49 0.0
28 50 0.0
28 51 0.0
28 52 0.0
28 53 0.0
28 54 0.0
28 55 0.0
28 56 0.0
28 57 0.0
28 58 0.0
28 59 0.0
28 60 0.0
28 61 0.0
28 62 0.0
28 63 0.11179766817977917
28 64 0.0
28 65 0.0
28 66 0.0
28 67 0.0
28 68 0.0
28 69 0.0
28 70 0.0
28 71 0.0
28 72 0.0
28 73 0.04072859357360575
28 74 0.0
28 75 0.0
28 76 0.0
28 77 0.0
28 78 0.0
28 79 0.0
28 80 0.0
28 81 0.0
28 82 0.03315635450136102
28 83 0.0
29 30 0.0
29 31 0.0
29 32 0.0
29 33 0.0
29 34 0.0
29 35 0.0
29 36 0.0
29 37 0.0
29 38 0.09897568891700463
29 39 0.0
29 40 0.0
29 41 0.0
29 42 0.0
29 43 0.0
29 44 0.0
29 45 0.0
29 46 0.0
29 47 0.0
29 48 0.0
29 49 0.0
29 50 0.0
29 51 0.0
29 52 0.0
29 53 0.0
29 54 0.0
29 55 0.0
29 56 0.0
29 57 0.0
29 58 0.0
29 59 0.0
29 60 0.0
29 61 0.0
29 62 0.0
29 63 0.0
29 64 0.0
29 65 0.0
29 66 0.0
29 67 0.0
29 68 0.0
29 69 0.0
29 70 0.0
29 71 0.0
29 72 0.0
29 73 0.0
29 74 0.0
29 75 0.0
29 76 0.0
29 77 0.0
29 78 0.0
29 79 0.0
29 80 0.0
29 81 0.04866436842399722
29 82 0.0
29 83 0.0
30 31 0.15536991138911596
30 32 0.18362482111318132
30 33 0.0
30 34 0.0
30 35 0.0
30 36 0.0
30 37 0.0
30 38 0.0
30 39 0.0
30 40 0.0
30 41 0.06860111024656362
30 42 0.0
30 43 0.08337143033917935
30 44 0.0
30 45 0.0
30 46 0.0
30 47 0.0
30 48 0.0
30 49 0.0
30 50 0.0
30 51 0.0
30 52 0.0
30 53 0.0
30 54 0.0
30 55 0.0
30 56 0.0
30 57 0.0
30 58 0.0
30 59 0.0
30 60 0.0
30 61 0.0
30 62 0.3054733407262836
30 63 0.12189006951963387
30 64 0.0
30 65 0.0
30 66 0.0
30 67 0.0
30 68 0.0
30 69 0.0
30 70 0.0
30 71 0.06333931599301784
30 72 0.0
30 73 0.0
30 74 0.0
30 75 0.0
30 76 0.0
30 77 0.0
30 78 0.0
30 79 0.0
30 80 0.0
30 81 0.0
30 82 0.06278721641394436
30 83 0.06775325281141414
31 32 0.42785049664448427
31 33 0.0
31 34 0.0
31 35 0.0
31 36 0.0
31 37 0.0
31 38 0.0
31 39 0.0
31 40 0.0
31 41 0.0
31 42 0.0
31 43 0.0
31 44 0.0
31 45 0.0
31 46 0.0
31 47 0.0
31 48 0.0
31 49 0.0
31 50 0.0
31 51 0.0
31 52 0.0
31 53 0.0
31 54 0.0
31 55 0.0
31 56 0.0
31 57 0.0
31 58 0.0
31 59 0.0
31 60 0.0
31 61 0.0
31 62 0.1637918735890745
31 63 0.0
31 64 0.0
31 65 0.0
31 66 0.0
31 67 0.0
31 68 0.0
31 69 0.0
31 70 0.0
31 71 0.0
31 72 0.0
31 73 0.0
31 74 0.0
31 75 0.0
31 76 0.0
31 77 0.0
31 78 0.0
31 79 0.0
31 80 0.0
31 81 0.0
31 82 0.0
31 83 0.0
32 33 0.0
32 34 0.0
32 35 0.0
32 36 0.0
32 37 0.0
32 38 0.06383507785337811
32 39 0.0
32 40 0.0
32 41 0.0
32 42 0.0
32 43 0.0
32 44 0.0
32 45 0.0
32 46 0.0
32 47 0.0
32 48 0.0
32 49 0.0
32 50 0.0
32 51 0.0
32 52 0.0
32 53 0.0
32 54 0.0
32 55 0.0
32 56 0.0
32 57 0.0
32 58 0.0
32 59 0.0
32 60 0.0
32 61 0.0
32 62 0.19357836545495719
32 63 0.0
32 64 0.0
32 65 0.0
32 66 0.0
32 67 0.0
32 68 0.0
32 69 0.0
32 70 0.0
32 71 0.0
32 72 0.0
32 73 0.0
32 74 0.0
32 75 0.0
32 76 0.0
32 77 0.0
32 78 0.0
32 79 0.0
32 80 0.0
32 81 0.0
32 82 0.0
32 83 0.0
33 34 0.0
33 35 0.0
33 36 0.0
33 37 0.0
33 38 0.0
33 39 0.0
33 40 0.0
33 41 0.0
33 42 0.0
33 43 0.07580532245081513
33 44 0.0
33 45 0.0
33 46 0.0
33 47 0.0
33 48 0.0
33 49 0.0
33 50 0.0
33 51 0.0
33 52 0.0
33 53 0.0
33 54 0.0
33 55 0.0
33 56 0.0
33 57 0.0
33 58 0.0
33 59 0.0
33 60 0.0
33 61 0.0
33 62 0.0
33 63 0.0
33 64 0.0
33 65 0.0
33 66 0.11805328700600022
33 67 0.0
33 68 0.0
33 69 0.0
33 70 0.0
33 71 0.0
33 72 0.0
33 73 0.0
33 74 0.0
33 75 0.0
33 76 0.0
33 77 0.0
33 78 0.0
33 79 0.0
33 80 0.0
33 81 0.0
33 82 0.0
33 83 0.0
34 35 0.0
34 36 0.0
34 37 0.0
34 38 0.15556982064925715
34 39 0.0
34 40 0.0
34 41 0.0
34 42 0.0
34 43 0.0
34 44 0.0
34 45 0.0
34 46 0.0
34 47 0.0
34 48 0.0
34 49 0.0
34 50 0.0
34 51 0.0
34 52 0.0
34 53 0.0
34 54 0.0
34 55 0.0
34 56 0.0
34 57 0.0
34 58 0.0
34 59 0.0
34 60 0.0
34 61 0.0
34 62 0.0
34 63 0.0
34 64 0.0
34 65 0.0
34 66 0.0
34 67 0.0
34 68 0.0
34 69 0.0
34 70 0.0
34 71 0.0
34 72 0.0
34 73 0.0
34 74 0.0
34 75 0.0
34 76 0.0
34 77 0.0
34 78 0.0
34 79 0.0
34 80 0.18868172456675583
34 81 0.0
34 82 0.0
34 83 0.0
35 36 0.0
35 37 0.0
35 38 0.0
35 39 0.0
35 40 0.0
35 41 0.0
35 42 0.0
35 43 0.0
35 44 0.0
35 45 0.0
35 46 0.0
35 47 0.0
35 48 0.06886713676455222
35 49 0.1556333188057721
35 50 0.0699395178412435
35 51 0.29914961288508174
35 52 0.0
35 53 0.0
35 54 0.0
35 55 0.0
35 56 0.0
35 57 0.0
35 58 0.0
35 59 0.0
35 60 0.0
35 61 0.0
35 62 0.0
35 63 0.0
35 64 0.0
35 65 0.07122234312240369
35 66 0.0
35 67 0.0
35 68 0.0
35 69 0.0
35 70 0.0
35 71 0.0
35 72 0.0
35 73 0.0
35 74 0.0
35 75 0.0
35 76 0.0
35 77 0.0
35 78 0.0
35 79 0.0
35 80 0.0
35 81 0.0
35 82 0.0
35 83 0.0
36 37 0.0
36 38 0.0
36 39 0.05024754067626448
36 40 0.0
36 41 0.0
36 42 0.0
36 43 0.0
36 44 0.0
36 45 0.0
36 46 0.0
36 47 0.0476644638972536
36 48 0.03985391509009069
36 49 0.0
36 50 0.04047450985244871
36 51 0.0
36 52 0.0
36 53 0.0
36 54 0.03896125573942208
36 55 0.036918635744388965
36 56 0.04923291817796106
36 57 0.0469412372086462
36 58 0.0
36 59 0.0
36 60 0.0
36 61 0.0
36 62 0.0
36 63 0.0
36 64 0.0
36 65 0.041216890213136154
36 66 0.0
36 67 0.0
36 68 0.0
36 69 0.0
36 70 0.0
36 71 0.0
36 72 0.06008550684742346
36 73 0.0
36 74 0.0
36 75 0.04696180446671185
36 76 0.11102777317781472
36 77 0.0
36 78 0.0
36 79 0.0
36 80 0.0
36 81 0.0
36 82 0.0
36 83 0.0
37 38 0.0
37 39 0.0
37 40 0.0
37 41 0.0
37 42 0.0
37 43 0.0
37 44 0.0
37 45 0.0
37 46 0.0
37 47 0.0
37 48 0.0
37 49 0.0
37 50 0.0
37 51 0.0
37 52 0.0
37 53 0.0
37 54 0.0
37 55 0.0
37 56 0.0
37 57 0.0
37 58 0.0
37 59 0.0
37 60 0.0
37 61 0.0
37 62 0.0
37 63 0.0
37 64 0.0
37 65 0.0
37 66 0.0
37 67 0.0
37 68 0.0
37 69 0.0
37 70 0.0
37 71 0.0
37 72 0.0
37 73 0.0
37 74 0.0
37 75 0.0
37 76 0.0
37 77 0.0
37 78 0.0
37 79 0.0
37 80 0.0
37 81 0.0
37 82 0.0
37 83 0.0
38 39 0.0
38 40 0.0
38 41 0.0
38 42 0.0
38 43 0.0
38 44 0.0
38 45 0.0
38 46 0.0
38 47 0.0
38 48 0.0
38 49 0.0
38 50 0.0
38 51 0.0
38 52 0.0
38 53 0.0
38 54 0.0
38 55 0.0
38 56 0.0
38 57 0.0
38 58 0.0
38 59 0.0
38 60 0.0
38 61 0.0
38 62 0.0
38 63 0.0
38 64 0.0
38 65 0.0
38 66 0.0
38 67 0.0
38 68 0.0
38 69 0.0
38 70 0.0
38 71 0.0
38 72 0.0
38 73 0.0
38 74 0.0
38 75 0.10333610753747785
38 76 0.0
38 77 0.0
38 78 0.0
38 79 0.0
38 80 0.15533458505711703
38 81 0.0
38 82 0.0
38 83 0.0
39 40 0.46853940325686333
39 41 0.0
39 42 0.0
39 43 0.0
39 44 0.1932054770238226
39 45 0.0
39 46 0.0
39 47 0.079855330346134
39 48 0.031000540874987447
39 49 0.0
39 50 0.03148327320514355
39 51 0.0
39 52 0.0
39 53 0.0
39 54 0.030306181923670197
39 55 0.028717321092684107
39 56 0.0382960391449793
39 57 0.036513445153872504
39 58 0.0
39 59 0.0
39 60 0.0
39 61 0.0
39 62 0.0
39 63 0.0
39 64 0.0
39 65 0.06905329704127802
39 66 0.0
39 67 0.0
39 68 0.026395824073099813
39 69 0.0
39 70 0.0
39 71 0.0
39 72 0.06766465085312696
39 73 0.041997553004943275
39 74 0.0
39 75 0.03652944348484975
39 76 0.0
39 77 0.0
39 78 0.0
39 79 0.0
39 80 0.0
39 81 0.0
39 82 0.019434800630268957
39 83 0.0
40 41 0.0
40 42 0.0
40 43 0.0
40 44 0.0
40 45 0.0
40 46 0.0
40 47 0.0
40 48 0.0
40 49 0.0
40 50 0.0
40 51 0.03639078737397802
40 52 0.0
40 53 0.0
40 54 0.0
40 55 0.0
40 56 0.0
40 57 0.0
40 58 0.0
40 59 0.0
40 60 0.0
40 61 0.0
40 62 0.0
40 63 0.0
40 64 0.0
40 65 0.0
40 66 0.0
40 67 0.0
40 68 0.0
40 69 0.0
40 70 0.0
40 71 0.0
40 72 0.0
40 73 0.0
40 74 0.0
40 75 0.0
40 76 0.0
40 77 0.0
40 78 0.0
40 79 0.0
40 80 0.0
40 81 0.0
40 82 0.0
40 83 0.0
41 42 0.0
41 43 0.038982288494242984
41 44 0.0
41 45 0.0
41 46 0.0
41 47 0.0
41 48 0.0
41 49 0.0
41 50 0.0
41 51 0.0
41 52 0.0
41 53 0.0
41 54 0.0
41 55 0.0
41 56 0.0
41 57 0.0
41 58 0.0
41 59 0.0
41 60 0.0
41 61 0.0
41 62 0.03615984677185843
41 63 0.0
41 64 0.05905515643301152
41 65 0.0
41 66 0.0
41 67 0.0
41 68 0.0
41 69 0.0
41 70 0.0
41 71 0.029615798589789962
41 72 0.0
41 73 0.0
41 74 0.0
41 75 0.0
41 76 0.0
41 77 0.0
41 78 0.0
41 79 0.0
41 80 0.12112286150780431
41 81 0.0
41 82 0.029357651344607355
41 83 0.03167963937733641
42 43 0.0
42 44 0.0
42 45 0.0
42 46 0.0
42 47 0.0
42 48 0.0
42 49 0.0
42 50 0.0
42 51 0.0
42 52 0.0
42 53 0.0
42 54 0.0
42 55 0.0
42 56 0.0
42 57 0.0
42 58 0.0
42 59 0.0
42 60 0.0
42 61 0.0
42 62 0.0
42 63 0.0
42 64 0.0
42 65 0.0
42 66 0.0
42 67 0.0
42 68 0.0
42 69 0.0
42 70 0.0
42 71 0.0
42 72 0.0
42 73 0.0
42 74 0.0
42 75 0.0
42 76 0.0
42 77 0.0
42 78 0.0
42 79 0.0
42 80 0.0
42 81 0.0
42 82 0.0
42 83 0.0
43 44 0.0
43 45 0.0
43 46 0.06343596210124375
43 47 0.0
43 48 0.0
43 49 0.0
43 50 0.0
43 51 0.0
43 52 0.0
43 53 0.0
43 54 0.0
43 55 0.0
43 56 0.0
43 57 0.0
43 58 0.0
43 59 0.0
43 60 0.0
43 61 0.0
43 62 0.043945325890209004
43 63 0.0
43 64 0.0
43 65 0.0
43 66 0.0
43 67 0.0
43 68 0.0
43 69 0.0
43 70 0.0
43 71 0.0359922963373836
43 72 0.0
43 73 0.0
43 74 0.0
43 75 0.0
43 76 0.0
43 77 0.0
43 78 0.0
43 79 0.0
43 80 0.0
43 81 0.0
43 82 0.03567856810482819
43 83 0.03850049712060204
44 45 0.1312752806294666
44 46 0.21000886204299055
44 47 0.0
44 48 0.0
44 49 0.0
44 50 0.0
44 51 0.0
44 52 0.0
44 53 0.0
44 54 0.0
44 55 0.0
44 56 0.0
44 57 0.0
44 58 0.0
44 59 0.0
44 60 0.0
44 61 0.0
44 62 0.0
44 63 0.0
44 64 0.0
44 65 0.0
44 66 0.0
44 67 0.0
44 68 0.0
44 69 0.0
44 70 0.0
44 71 0.0
44 72 0.0
44 73 0.0
44 74 0.0
44 75 0.0
44 76 0.0
44 77 0.0
44 78 0.0
44 79 0.0
44 80 0.0
44 81 0.0
44 82 0.0
44 83 0.0
45 46 0.0
45 47 0.0
45 48 0.0
45 49 0.02027320983636817
45 50 0.0
45 51 0.02963413555789184
45 52 0.0
45 53 0.0
45 54 0.0
45 55 0.0
45 56 0.0
45 57 0.0
45 58 0.0
45 59 0.0
45 60 0.0
45 61 0.0
45 62 0.0
45 63 0.0
45 64 0.0
45 65 0.0
45 66 0.0
45 67 0.0
45 68 0.0
45 69 0.0
45 70 0.0331328195514545
45 71 0.0
45 72 0.0
45 73 0.0
45 74 0.0
45 75 0.0
45 76 0.0
45 77 0.0
45 78 0.0
45 79 0.025876169467938102
45 80 0.0
45 81 0.0
45 82 0.0
45 83 0.0
46 47 0.0
46 48 0.0
46 49 0.0
46 50 0.0
46 51 0.0
46 52 0.0
46 53 0.0
46 54 0.0
46 55 0.0
46 56 0.0
46 57 0.08222308578727064
46 58 0.0
46 59 0.0
46 60 0.0
46 61 0.0
46 62 0.0
46 63 0.0
46 64 0.0
46 65 0.0
46 66 0.0
46 67 0.0
46 68 0.0
46 69 0.025940609216241105
46 70 0.0
46 71 0.0
46 72 0.0
46 73 0.0
46 74 0.0
46 75 0.0
46 76 0.0
46 77 0.0
46 78 0.0
46 79 0.0
46 80 0.0
46 81 0.0
46 82 0.0
46 83 0.0
47 48 0.12274629662240015
47 49 0.0
47 50 0.3466840241042353
47 51 0.0
47 52 0.0748355096142965
47 53 0.5783658762110191
47 54 0.25603150707505523
47 55 0.31622621869820816
47 56 0.11069145818489777
47 57 0.116820610541416
47 58 0.06869028690446112
47 59 0.0
47 60 0.0
47 61 0.0
47 62 0.0
47 63 0.0
47 64 0.0
47 65 0.3063591897560255
47 66 0.09870172608978359
47 67 0.08585458899790877
47 68 0.0
47 69 0.0
47 70 0.0
47 71 0.0
47 72 0.044335122339689365
47 73 0.0
47 74 0.0
47 75 0.32555796633784717
47 76 0.0
47 77 0.0
47 78 0.0
47 79 0.0
47 80 0.0
47 81 0.0
47 82 0.0
47 83 0.0
48 49 0.04765436704411647
48 50 0.12954163360797954
48 51 0.0
48 52 0.15008198130061304
48 53 0.06289762445578828
48 54 0.07709907121968732
48 55 0.022777187918837413
48 56 0.11246040263866633
48 57 0.21790512911427784
48 58 0.06193491869940835
48 59 0.0
48 60 0.0
48 61 0.0
48 62 0.0
48 63 0.0
48 64 0.0
48 65 0.1564974094821088
48 66 0.0
48 67 0.0
48 68 0.0
48 69 0.0
48 70 0.0
48 71 0.0
48 72 0.037070136885281796
48 73 0.02561864544165592
48 74 0.0
48 75 0.1848944900495341
48 76 0.0
48 77 0.0
48 78 0.0
48 79 0.0
48 80 0.0
48 81 0.0
48 82 0.020855640118609183
48 83 0.0
49 50 0.048396428408080644
49 51 0.10928434578615798
49 52 0.0
49 53 0.0
49 54 0.0
49 55 0.0
49 56 0.0
49 57 0.0
49 58 0.08443400282690625
49 59 0.0
49 60 0.0
49 61 0.0
49 62 0.0
49 63 0.0
49 64 0.0
49 65 0.049284111992355134
49 66 0.0
49 67 0.0
49 68 0.0
49 69 0.0
49 70 0.02240601888263219
49 71 0.0
49 72 0.0
49 73 0.0
49 74 0.0
49 75 0.0
49 76 0.0
49 77 0.0
49 78 0.0
49 79 0.017498720288758516
49 80 0.0
49 81 0.0
49 82 0.0
49 83 0.0
50 51 0.0
50 52 0.06852650286851986
50 53 0.5284103893946362
50 54 0.5024032929234297
50 55 0.5500266503350747
50 56 0.030847547816711535
50 57 0.1641239648981892
50 58 0.24564261335025117
50 59 0.0
50 60 0.0
50 61 0.0
50 62 0.0
50 63 0.0
50 64 0.0
50 65 0.19951769272075237
50 66 0.0
50 67 0.07290383913190339
50 68 0.0
50 69 0.0
50 70 0.0
50 71 0.0
50 72 0.03764738338010912
50 73 0.0
50 74 0.0
50 75 0.16537272026243657
50 76 0.0
50 77 0.0
50 78 0.0
50 79 0.0
50 80 0.0
50 81 0.0
50 82 0.0
50 83 0.0
51 52 0.0
51 53 0.0
51 54 0.0
51 55 0.0
51 56 0.13793036509728146
51 57 0.0
51 58 0.0
51 59 0.0
51 60 0.0
51 61 0.0
51 62 0.0
51 63 0.0
51 64 0.0
51 65 0.0
51 66 0.0
51 67 0.0
51 68 0.0
51 69 0.0
51 70 0.03275174509807942
51 71 0.0
51 72 0.0
51 73 0.0
51 74 0.0
51 75 0.0
51 76 0.0
51 77 0.0
51 78 0.0
51 79 0.02557855679057082
51 80 0.17227695806774165
51 81 0.0
51 82 0.0
51 83 0.0
52 53 0.15070237966079877
52 54 0.06596444559605
52 55 0.0
52 56 0.17934434360670548
52 57 0.18401421451225594
52 58 0.1483957416970457
52 59 0.0
52 60 0.0
52 61 0.0
52 62 0.0
52 63 0.0
52 64 0.0
52 65 0.0
52 66 0.10259589409484135
52 67 0.0
52 68 0.0
52 69 0.0
52 70 0.0
52 71 0.0
52 72 0.0
52 73 0.0
52 74 0.0
52 75 0.15324229915101983
52 76 0.0
52 77 0.0
52 78 0.0
52 79 0.0
52 80 0.0
52 81 0.0
52 82 0.0
52 83 0.0
53 54 0.2908932713372829
53 55 0.4468447868882191
53 56 0.07205346446985315
53 57 0.07408286746146088
53 58 0.21677352721489135
53 59 0.0
53 60 0.0
53 61 0.0
53 62 0.0
53 63 0.0
53 64 0.0
53 65 0.0
53 66 0.0956348677762107
53 67 0.0
53 68 0.0
53 69 0.0
53 70 0.0
53 71 0.0
53 72 0.0
53 73 0.0
53 74 0.0
53 75 0.22385328127072157
53 76 0.0
53 77 0.0
53 78 0.0
53 79 0.0
53 80 0.0
53 81 0.0
53 82 0.0
53 83 0.0
54 55 0.7569874033508603
54 56 0.029694224928291175
54 57 0.15798772592126686
54 58 0.17027973692023998
54 59 0.0
54 60 0.0
54 61 0.0
54 62 0.0
54 63 0.0
54 64 0.0
54 65 0.27149369470600293
54 66 0.0
54 67 0.32441661976181224
54 68 0.0
54 69 0.0
54 70 0.0
54 71 0.0
54 72 0.03623982939236901
54 73 0.0
54 74 0.0
54 75 0.18772973431469744
54 76 0.0
54 77 0.0
54 78 0.0
54 79 0.0
54 80 0.0
54 81 0.0
54 82 0.0
54 83 0.0
55 56 0.02813744713906384
55 57 0.09048371082726409
55 58 0.10397913673572155
55 59 0.0
55 60 0.0
55 61 0.0
55 62 0.0
55 63 0.0
55 64 0.0
55 65 0.25726010703519336
55 66 0.0
55 67 0.21154955743256737
55 68 0.0
55 69 0.0
55 70 0.0
55 71 0.0
55 72 0.03433988549352435
55 73 0.0
55 74 0.0
55 75 0.11864048857803412
55 76 0.0
55 77 0.0
55 78 0.0
55 79 0.0
55 80 0.0
55 81 0.0
55 82 0.0
55 83 0.0
56 57 0.3500030589080839
56 58 0.1306854028070062
56 59 0.0
56 60 0.0
56 61 0.0
56 62 0.0
56 63 0.0
56 64 0.0
56 65 0.031413351176850506
56 66 0.18778309733559195
56 67 0.06441238441462309
56 68 0.0
56 69 0.0
56 70 0.0
56 71 0.0
56 72 0.045794020788002376
56 73 0.0
56 74 0.0
56 75 0.17074536965827378
56 76 0.0
56 77 0.0
56 78 0.0
56 79 0.0
56 80 0.0
56 81 0.0
56 82 0.0
56 83 0.0
57 58 0.07294896131522141
57 59 0.0
57 60 0.0
57 61 0.0
57 62 0.0
57 63 0.0
57 64 0.0
57 65 0.17208543426455164
57 66 0.0
57 67 0.08455189250190802
57 68 0.0
57 69 0.0
57 70 0.0
57 71 0.0
57 72 0.043662412712914676
57 73 0.0
57 74 0.0
57 75 0.10945724604342078
57 76 0.0
57 77 0.0
57 78 0.0
57 79 0.0
57 80 0.0
57 81 0.0
57 82 0.0
57 83 0.0
58 59 0.0
58 60 0.0
58 61 0.0
58 62 0.0
58 63 0.0
58 64 0.0
58 65 0.0
58 66 0.17345565976162067
58 67 0.05949786106409021
58 68 0.0
58 69 0.0
58 70 0.0
58 71 0.0
58 72 0.0
58 73 0.0
58 74 0.0
58 75 0.27740621981743135
58 76 0.0
58 77 0.0
58 78 0.0
58 79 0.0
58 80 0.0
58 81 0.0
58 82 0.0
58 83 0.0
59 60 0.04689215820244843
59 61 0.0
59 62 0.0
59 63 0.0
59 64 0.0
59 65 0.0
59 66 0.0
59 67 0.0
59 68 0.0
59 69 0.0
59 70 0.0
59 71 0.0
59 72 0.0
59 73 0.0
59 74 0.0
59 75 0.0
59 76 0.0
59 77 0.0
59 78 0.0
59 79 0.0
59 80 0.0
59 81 0.0
59 82 0.0
59 83 0.04840729277307398
60 61 0.0
60 62 0.0
60 63 0.0
60 64 0.0
60 65 0.0
60 66 0.0
60 67 0.15145389639803963
60 68 0.0
60 69 0.0
60 70 0.0
60 71 0.0
60 72 0.0
60 73 0.0
60 74 0.0
60 75 0.0
60 76 0.0
60 77 0.0
60 78 0.0
60 79 0.0
60 80 0.0
60 81 0.0
60 82 0.0
60 83 0.03654568572206927
61 62 0.0
61 63 0.0
61 64 0.0
61 65 0.0
61 66 0.0
61 67 0.0
61 68 0.0
61 69 0.0
61 70 0.0
61 71 0.0
61 72 0.0
61 73 0.0
61 74 0.0
61 75 0.0
61 76 0.0
61 77 0.0
61 78 0.1813309749733833
61 79 0.0
61 80 0.0
61 81 0.0
61 82 0.09570942272532004
61 83 0.0
62 63 0.0
62 64 0.0
62 65 0.0
62 66 0.0
62 67 0.0
62 68 0.0
62 69 0.0
62 70 0.0
62 71 0.03338633956083204
62 72 0.0
62 73 0.0
62 74 0.15179156156058313
62 75 0.0
62 76 0.0
62 77 0.0
62 78 0.0
62 79 0.0
62 80 0.0
62 81 0.0
62 82 0.033095326250546654
62 83 0.03571293862665211
63 64 0.0
63 65 0.0
63 66 0.0
63 67 0.0
63 68 0.0
63 69 0.0
63 70 0.0
63 71 0.0
63 72 0.0
63 73 0.0
63 74 0.0
63 75 0.0
63 76 0.0
63 77 0.0
63 78 0.0
63 79 0.0
63 80 0.0
63 81 0.0
63 82 0.0
63 83 0.0
64 65 0.0
64 66 0.0
64 67 0.0
64 68 0.12327411060513274
64 69 0.0
64 70 0.0
64 71 0.0
64 72 0.0
64 73 0.04561101972541672
64 74 0.0
64 75 0.0
64 76 0.0
64 77 0.0
64 78 0.0
64 79 0.0
64 80 0.0
64 81 0.0
64 82 0.0
64 83 0.0
65 66 0.0
65 67 0.3104202636158651
65 68 0.0
65 69 0.0
65 70 0.0
65 71 0.0
65 72 0.03833790880350651
65 73 0.0
65 74 0.0
65 75 0.1250727478534695
65 76 0.0
65 77 0.0
65 78 0.0
65 79 0.0
65 80 0.0
65 81 0.0
65 82 0.0
65 83 0.0
66 67 0.08549304203436713
66 68 0.0
66 69 0.0
66 70 0.0
66 71 0.0
66 72 0.0
66 73 0.0
66 74 0.0
66 75 0.1791206661232447
66 76 0.0
66 77 0.0
66 78 0.0
66 79 0.0
66 80 0.0
66 81 0.0
66 82 0.0
66 83 0.0
67 68 0.0
67 69 0.0
67 70 0.0
67 71 0.0
67 72 0.0
67 73 0.0
67 74 0.0
67 75 0.06144104217385803
67 76 0.0
67 77 0.0
67 78 0.0
67 79 0.0
67 80 0.0
67 81 0.0
67 82 0.0
67 83 0.0
68 69 0.0
68 70 0.0
68 71 0.0
68 72 0.03156386256405995
68 73 0.0687662922193493
68 74 0.0
68 75 0.0
68 76 0.0
68 77 0.0
68 78 0.0
68 79 0.0
68 80 0.0
68 81 0.0
68 82 0.02931337209076522
68 83 0.0
69 70 0.0
69 71 0.0
69 72 0.0
69 73 0.0
69 74 0.0
69 75 0.0
69 76 0.0
69 77 0.0
69 78 0.0
69 79 0.0
69 80 0.0
69 81 0.0
69 82 0.0
69 83 0.0
70 71 0.0
70 72 0.0
70 73 0.0
70 74 0.0
70 75 0.0
70 76 0.0
70 77 0.0
70 78 0.0
70 79 0.02859842848707358
70 80 0.0
70 81 0.0
70 82 0.0
70 83 0.0
71 72 0.0
71 73 0.0
71 74 0.0
71 75 0.0
71 76 0.0
71 77 0.0
71 78 0.0
71 79 0.0
71 80 0.0
71 81 0.0
71 82 0.027105881357395036
71 83 0.4610085622541344
72 73 0.0
72 74 0.0
72 75 0.04368154335717196
72 76 0.0
72 77 0.0
72 78 0.0
72 79 0.0
72 80 0.0
72 81 0.0
72 82 0.023239940316122722
72 83 0.0
73 74 0.0
73 75 0.0
73 76 0.0
73 77 0.0
73 78 0.0
73 79 0.0
73 80 0.0
73 81 0.06750961789728638
73 82 0.0358699307336054
73 83 0.0
74 75 0.0
74 76 0.0
74 77 0.0
74 78 0.0
74 79 0.0
74 80 0.0
74 81 0.0
74 82 0.0
74 83 0.0
75 76 0.0
75 77 0.0
75 78 0.0
75 79 0.0
75 80 0.0
75 81 0.0
75 82 0.0
75 83 0.0
76 77 0.0
76 78 0.0
76 79 0.0
76 80 0.0
76 81 0.0
76 82 0.0
76 83 0.0
77 78 0.12805615495122893
77 79 0.0
77 80 0.0
77 81 0.0
77 82 0.0
77 83 0.0
78 79 0.0
78 80 0.0
78 81 0.0
78 82 0.0
78 83 0.0
79 80 0.0
79 81 0.0
79 82 0.0
79 83 0.0
80 81 0.0
80 82 0.0
80 83 0.0
81 82 0.0
81 83 0.0
82 83 0.028994813150275096
