43
1.0	1.0	1.0	1.0	1.0	0	1.0	0	0	0	0	0	0	0	0	0	0	0	0	0	0	1.0	0	0	0	0	0	1.0	0	0	0	0	0	1.0	0	1.0	0	1.0	0	1.0	1.0	1.0	
1.0	1.0	0	1.0	0	1.0	0	1.0	0	0	0	0	0	0	0	0	0	0	0	0	1.0	0	0	0	0	0	0	0	0	0	0	0	0	0	1.0	0	1.0	0	1.0	1.0	1.0	
1.0	1.0	1.0	0	1.0	0	0	0	0	0	0	0	0	0	0	0	0	0	0	1.0	0	0	0	0	0	1.0	0	0	0	0	0	1.0	0	1.0	0	1.0	0	1.0	1.0	1.0	
1.0	1.0	0	1.0	0	0	0	0	0	0	0	0	0	0	0	0	0	0	1.0	0	0	0	0	0	1.0	0	0	0	0	0	1.0	0	1.0	0	1.0	0	1.0	1.0	1.0	
0	0	1.0	0	0	0	0	0	0	0	1.0	0	0	0	0	0	0	1.0	0	0	0	0	0	1.0	0	0	0	0	0	1.0	0	1.0	1.0	0	0	1.0	1.0	1.0	
0	1.0	0	1.0	0	0	0	0	0	0	0	0	0	0	0	0	1.0	0	0	0	0	0	0	0	0	0	0	0	0	0	1.0	0	1.0	0	1.0	1.0	1.0	
0	0	0	0	0	0	0	0	0	0	0	0	0	0	0	0	0	0	0	0	0	0	0	0	0	0	0	0	0	0	0	0	0	0	0	0	
0	0	0	0	0	0	0	0	0	0	0	0	0	0	1.0	0	0	0	0	0	1.0	0	0	0	0	0	1.0	0	1.0	0	1.0	0	1.0	1.0	1.0	
0	0	0	0	0	0	0	0	0	0	0	0	0	0	0	0	0	0	0	0	0	0	0	0	0	0	0	0	0	0	0	0	0	0	
0	0	0	0	0	0	0	0	0	0	0	0	0	0	0	0	0	0	1.0	0	0	0	0	0	0	0	0	0	1.0	1.0	0	0	0	
0	0	0	0	0	0	0	0	0	0	0	0	0	0	0	0	0	0	0	0	0	0	0	0	0	0	0	0	0	0	0	0	
0	0	0	0	0	0	0	0	0	0	0	0	0	0	0	0	0	0	0	0	0	0	0	0	0	0	0	0	0	0	0	
0	0	0	0	0	0	0	0	0	0	0	0	0	0	0	0	0	0	0	0	0	0	0	0	0	0	0	0	0	0	
0	0	0	0	0	0	0	0	0	0	0	0	0	0	0	0	0	0	0	0	0	0	0	0	0	0	0	0	0	
0	0	0	0	0	0	0	0	0	0	0	0	0	0	0	0	0	0	0	0	0	0	0	0	0	0	0	0	
0	0	0	0	0	0	0	0	0	0	0	0	0	0	0	0	0	0	0	0	0	0	0	0	0	0	0	
0	0	0	0	0	0	0	0	0	0	0	0	0	0	0	0	0	0	0	0	0	0	0	0	0	0	
0	0	0	0	0	0	0	0	0	0	0	0	0	0	0	0	0	0	0	0	0	0	0	0	0	
0	0	0	0	0	0	0	0	0	0	0	0	0	0	0	0	0	0	0	0	0	0	0	0	
0	0	0	0	0	0	0	0	0	0	0	0	0	0	0	0	0	0	0	0	0	0	0	
0	0	0	0	0	0	0	0	0	0	0	0	0	0	0	0	0	0	0	0	0	0	
0	0	0	0	0	0	0	0	0	0	0	0	0	0	0	0	0	0	0	0	0	
0	0	0	0	0	1.0	0	0	0	0	0	1.0	0	1.0	0	1.0	0	1.0	1.0	1.0	
0	0	0	0	0	0	0	0	0	0	0	0	0	0	0	0	0	0	0	
0	0	0	0	0	0	0	0	0	0	0	0	0	0	0	0	0	0	
0	0	0	0	0	0	0	0	0	0	0	0	0	0	0	0	0	
0	0	0	0	0	0	0	0	0	0	0	0	0	0	0	0	
0	0	0	0	0	0	0	0	0	0	0	0	0	0	0	
0	0	0	0	0	1.0	0	1.0	0	0	0	1.0	1.0	1.0	
0	0	0	0	0	0	0	0	0	0	0	0	0	
0	0	0	0	0	0	0	0	0	0	0	0	
0	0	0	0	0	0	0	0	0	0	0	
0	0	0	0	0	0	0	0	0	0	
0	0	0	0	0	0	0	0	0	
0	1.0	0	0	1.0	1.0	1.0	1.0	
0	0	0	0	0	0	0	
0	1.0	0	1.0	1.0	1.0	
0	0	0	0	0	
0	1.0	1.0	1.0	
0	0	0	
1.0	1.0	
1.0	

0	0	0	0	0	0	0	0	0	0	0	0	0	0	0	0	0	0	0	0	0	0	0	0	0	0	0	0	0	0	0	0	0	0	0	0	0	0	0	0	0	0	
1.0	1.0	1.0	1.0	1.0	0	0	1.0	1.0	0	0	1.0	0	0	0	0	0	1.0	1.0	0	1.0	1.0	0	1.0	1.0	1.0	1.0	0	0	1.0	1.0	1.0	0	0	0	1.0	1.0	1.0	1.0	0	2.0	
1.0	1.0	2.0	1.0	1.0	0	2.0	1.0	0	0	2.0	0	0	0	0	0	2.0	2.0	0	2.0	2.0	0	1.0	2.0	1.0	1.0	1.0	0	3.0	1.0	2.0	0	0	1.0	1.0	2.0	1.0	2.0	0	1.0	
3.0	1.0	1.0	0	0	2.0	1.0	0	0	1.0	0	0	0	0	0	3.0	1.0	0	1.0	1.0	0	2.0	1.0	1.0	1.0	0	0	1.0	2.0	1.0	0	0	0	3.0	1.0	1.0	1.0	0	2.0	
1.0	1.0	0	0	2.0	1.0	0	0	1.0	0	0	0	0	0	3.0	1.0	0	1.0	1.0	0	2.0	1.0	1.0	1.0	0	0	1.0	2.0	1.0	0	0	0	3.0	1.0	1.0	1.0	0	2.0	
1.0	0	0	2.0	1.0	0	0	2.0	0	0	0	0	0	2.0	2.0	0	2.0	4.0	0	1.0	1.0	1.0	1.0	0	0	2.0	1.0	2.0	0	0	0	1.0	4.0	1.0	2.0	0	1.0	
0	0	1.0	1.0	0	0	1.0	0	0	0	0	0	1.0	1.0	0	1.0	1.0	0	1.0	1.0	1.0	2.0	0	0	1.0	2.0	1.0	0	0	0	1.0	1.0	1.0	1.0	0	1.0	
0	0	0	0	0	0	0	0	0	0	0	0	0	0	0	0	0	0	1.0	0	0	8.0	0	1.0	0	0	0	0	13.0	0	0	0	0	0	0	
0	0	0	0	0	0	0	0	0	0	0	0	3.0	0	0	0	0	0	0	0	0	0	0	0	0	0	1.0	0	0	0	0	0	0	0	
1.0	0	0	2.0	0	0	0	0	0	3.0	2.0	0	2.0	2.0	0	2.0	1.0	1.0	1.0	0	0	2.0	2.0	2.0	0	0	0	2.0	2.0	1.0	2.0	0	2.0	
0	0	1.0	0	0	0	0	0	1.0	1.0	0	1.0	1.0	0	1.0	1.0	1.0	1.0	0	0	1.0	1.0	1.0	0	0	0	1.0	1.0	6.0	1.0	0	1.0	
2.0	1.0	0	0	0	3.0	1.0	0	1.0	0	0	0	3.0	0	0	1.0	0	0	3.0	0	0	0	1.0	0	0	0	0	0	0	1.0	0	
1.0	0	0	0	2.0	1.0	0	1.0	0	0	0	2.0	0	0	1.0	0	0	2.0	0	0	0	1.0	0	0	0	0	0	0	1.0	0	
0	0	0	1.0	2.0	2.0	4.0	0	2.0	2.0	1.0	1.0	1.0	3.0	1.0	0	1.0	2.0	1.0	2.0	2.0	0	0	1.0	2.0	1.0	2.0	1.0	2.0	
4.0	1.0	0	0	0	0	0	0	0	0	0	0	0	0	0	0	0	0	0	0	0	0	0	0	0	0	0	0	
1.0	0	0	0	0	0	0	0	0	0	0	0	0	0	0	0	0	0	0	0	0	0	0	0	0	0	0	
0	0	0	0	0	0	0	0	0	0	0	0	0	0	0	0	0	0	0	0	0	0	0	0	0	0	
1.0	0	1.0	0	0	0	3.0	0	0	1.0	0	0	3.0	0	0	0	1.0	0	0	0	0	0	0	1.0	0	
0	2.0	0	0	0	1.0	0	0	2.0	0	0	1.0	0	0	0	2.0	0	0	0	0	0	0	1.0	1.0	
2.0	0	2.0	2.0	0	2.0	1.0	1.0	1.0	0	0	2.0	2.0	2.0	0	0	0	3.0	2.0	1.0	2.0	0	2.0	
0	2.0	2.0	1.0	1.0	1.0	3.0	1.0	0	1.0	2.0	1.0	2.0	2.0	0	0	1.0	2.0	1.0	2.0	1.0	2.0	
0	0	0	0	0	0	0	0	0	0	0	0	0	1.0	0	0	0	0	0	0	0	
2.0	0	1.0	1.0	1.0	1.0	1.0	0	2.0	1.0	4.0	0	0	0	1.0	2.0	1.0	3.0	0	1.0	
0	1.0	1.0	1.0	1.0	0	0	2.0	1.0	2.0	0	0	0	1.0	4.0	1.0	2.0	0	1.0	
0	0	1.0	0	0	3.0	0	0	0	1.0	0	0	0	0	0	0	1.0	0	
1.0	1.0	1.0	0	0	1.0	2.0	1.0	0	0	0	4.0	1.0	1.0	1.0	0	2.0	
1.0	1.0	1.0	0	2.0	1.0	1.0	0	0	1.0	1.0	1.0	1.0	1.0	0	1.0	
1.0	0	1.0	1.0	1.0	1.0	2.0	0	0	1.0	1.0	1.0	1.0	1.0	2.0	
0	0	1.0	2.0	1.0	0	0	0	1.0	1.0	1.0	1.0	0	1.0	
0	2.0	0	1.0	0	0	8.0	0	0	0	1.0	0	0	
0	0	0	1.0	0	0	0	0	0	0	1.0	0	
1.0	2.0	0	0	1.0	1.0	2.0	1.0	2.0	0	1.0	
1.0	0	0	0	2.0	1.0	1.0	1.0	0	2.0	
0	0	0	1.0	2.0	1.0	3.0	0	1.0	
0	0	0	0	0	0	1.0	1.0	
0	0	0	0	0	0	0	
0	0	0	0	0	0	
1.0	1.0	1.0	0	2.0	
1.0	2.0	0	1.0	
1.0	0	1.0	
0	1.0	
0	

0	0	0	0	0	0	0	0	0	0	0	0	0	0	0	0	0	0	0	0	0	0	0	0	0	0	0	0	0	0	0	0	0	0	0	0	0	0	0	0	0	0	
0	0	0	0	0	0	0	0	0	0	0	0	0	0	0	0	0	0	0	0	1.0	0	0	0	0	0	0	0	0	0	0	0	0	0	0	0	0	1.0	0	0	0	
0	0	0	0	0	0	0	0	0	0	0	0	0	0	0	0	0	0	0	1.0	0	0	0	0	0	0	0	0	0	0	0	0	0	0	0	0	1.0	0	0	0	
0	0	0	0	0	0	0	0	0	0	0	0	0	0	0	0	0	0	1.0	0	0	0	0	0	0	0	0	0	0	0	0	0	0	0	0	1.0	0	0	0	
0	0	0	0	0	0	0	0	0	0	0	0	0	0	0	0	0	1.0	0	0	0	0	0	0	0	0	0	0	0	0	0	0	0	0	1.0	0	0	0	
0	0	0	0	0	0	0	0	0	0	0	0	0	0	0	0	1.0	0	0	0	0	0	0	0	0	0	0	0	0	0	0	0	0	1.0	0	0	0	
0	0	0	0	0	0	0	0	0	0	0	0	0	0	0	1.0	0	0	0	0	0	0	0	0	0	0	0	0	0	0	0	0	1.0	0	0	0	
0	0	0	0	0	0	0	0	0	0	0	0	0	0	0	0	0	0	0	0	0	0	0	0	0	0	0	0	0	0	0	0	0	0	0	
0	0	0	0	0	0	0	0	0	0	0	0	0	0	0	0	0	0	0	0	0	0	0	0	0	0	0	0	0	0	0	0	0	0	
0	0	0	0	0	0	0	0	0	0	0	0	1.0	0	0	0	0	0	0	0	0	0	0	0	0	0	0	0	0	1.0	0	0	0	
0	0	0	0	0	0	0	0	0	0	0	1.0	0	0	0	0	0	0	0	0	0	0	0	0	0	0	0	0	1.0	0	0	0	
0	0	0	0	0	0	0	0	0	0	1.0	0	0	0	0	0	0	0	0	0	0	0	0	0	0	0	0	0	0	0	0	
0	0	0	0	0	0	0	0	0	1.0	0	0	0	0	0	0	0	0	0	0	0	0	0	0	0	0	0	0	0	0	
0	0	0	0	0	0	0	0	1.0	0	0	0	0	0	0	0	0	0	0	0	0	0	0	0	0	1.0	0	0	0	
0	0	0	0	0	0	0	0	0	0	0	0	0	0	0	0	0	0	0	0	0	0	0	0	0	0	0	0	
0	0	0	0	0	0	0	0	0	0	0	0	0	0	0	0	0	0	0	0	0	0	0	0	0	0	0	
0	0	0	0	0	0	0	0	0	0	0	0	0	0	0	0	0	0	0	0	0	0	0	0	0	0	
0	0	0	0	1.0	0	0	0	0	0	0	0	0	0	0	0	0	0	0	0	0	0	0	0	0	
0	0	0	1.0	0	0	0	0	0	0	0	0	0	0	0	0	0	0	0	0	0	0	0	0	
0	0	1.0	0	0	0	0	0	0	0	0	0	0	0	0	0	0	0	0	1.0	0	0	0	
0	1.0	0	0	0	0	0	0	0	0	0	0	0	0	0	0	0	0	1.0	0	0	0	
0	0	0	0	0	0	0	0	0	0	0	0	0	0	0	0	0	0	0	0	0	
0	0	0	1.0	0	0	0	0	0	0	0	0	0	0	0	0	1.0	0	0	0	
0	0	0	0	0	0	0	0	0	0	0	0	0	0	0	1.0	0	0	0	
0	0	0	0	0	0	0	0	0	0	0	0	0	0	0	0	0	0	
0	0	0	0	0	0	0	0	0	0	0	0	0	1.0	0	0	0	
0	0	0	0	0	0	0	0	0	0	0	0	1.0	0	0	0	
0	0	0	0	0	0	0	0	0	0	0	1.0	0	0	0	
0	0	0	0	0	0	0	0	0	0	1.0	0	0	0	
0	0	0	0	0	0	0	0	0	1.0	0	0	0	
0	0	0	0	0	0	0	0	0	0	0	0	
0	0	0	0	0	0	0	1.0	0	0	0	
0	0	0	0	0	0	1.0	0	0	0	
0	0	0	0	0	1.0	0	0	0	
0	0	0	0	0	0	0	0	
0	0	0	0	0	0	0	
0	0	0	0	0	0	
0	1.0	0	0	0	
1.0	0	0	0	
0	0	0	
0	0	
0	

1.0	1.0	1.0	1.0	1.0	0	0	0	0	0	0	0	0	0	0	0	0	0	0	0	0	0	0	0	0	0	0	0	0	0	0	0	0	0	0	0	0	0	0	0	0	0	
1.0	1.0	1.0	1.0	0	0	0	0	0	0	0	0	0	0	0	0	0	0	0	0	0	0	0	0	0	0	0	0	0	0	0	0	0	0	0	0	0	0	0	0	0	
1.0	1.0	1.0	0	0	0	0	0	0	0	0	0	0	0	0	0	0	0	0	0	0	0	0	0	0	0	0	0	0	0	0	0	0	0	0	0	0	0	0	0	
1.0	1.0	0	0	0	0	0	0	0	0	0	0	0	0	0	0	0	0	0	0	0	0	0	0	0	0	0	0	0	0	0	0	0	0	0	0	0	0	0	
1.0	0	0	0	0	0	0	0	0	0	0	0	0	0	0	0	0	0	0	0	0	0	0	0	0	0	0	0	0	0	0	0	0	0	0	0	0	0	
0	0	0	0	0	0	0	0	0	0	0	0	0	0	0	0	0	0	0	0	0	0	0	0	0	0	0	0	0	0	0	0	0	0	0	0	0	
1.0	0	0	0	0	0	0	0	0	0	0	0	0	0	0	0	0	0	0	0	0	0	0	0	0	0	0	0	0	0	0	0	0	0	0	0	
0	0	0	0	0	0	0	0	0	0	0	0	0	0	0	0	0	0	0	0	0	0	0	0	0	0	0	0	0	0	0	0	0	0	0	
0	0	0	0	0	0	0	0	0	0	0	0	0	0	0	0	0	0	0	0	0	0	0	0	0	0	0	0	0	0	0	0	0	0	
1.0	0	0	0	0	0	0	0	0	0	0	0	0	0	0	0	0	0	0	0	0	0	0	0	0	0	0	0	0	0	0	0	0	
0	0	0	0	0	0	0	0	0	0	0	0	0	0	0	0	0	0	0	0	0	0	0	0	0	0	0	0	0	0	0	0	
1.0	0	0	0	0	0	0	0	0	0	0	0	0	0	0	0	0	0	0	0	0	0	0	0	0	0	0	0	0	0	0	
0	0	0	0	0	0	0	0	0	0	0	0	0	0	0	0	0	0	0	0	0	0	0	0	0	0	0	0	0	0	
0	0	0	0	0	0	0	0	0	0	0	0	0	0	0	0	0	0	0	0	0	0	0	0	0	0	0	0	0	
1.0	1.0	0	0	0	0	0	0	0	0	0	0	0	0	0	0	0	0	0	0	0	0	0	0	0	0	0	0	
1.0	0	0	0	0	0	0	0	0	0	0	0	0	0	0	0	0	0	0	0	0	0	0	0	0	0	0	
0	0	0	0	0	0	0	0	0	0	0	0	0	0	0	0	0	0	0	0	0	0	0	0	0	0	
0	0	0	0	0	0	0	0	0	0	0	0	0	0	0	0	0	0	0	0	0	0	0	0	0	
0	0	0	0	0	0	0	0	0	0	0	0	0	0	0	0	0	0	0	0	0	0	0	0	
0	0	0	0	0	0	0	0	0	0	0	0	0	0	0	0	0	0	0	0	0	0	0	
0	0	0	0	0	0	0	0	0	0	0	0	0	0	0	0	0	0	0	0	0	0	
0	0	0	0	0	0	0	0	0	0	0	0	0	0	0	0	0	0	0	0	0	
0	0	0	0	0	0	0	0	0	0	0	0	0	0	0	0	0	0	0	0	
0	0	0	0	0	0	0	0	0	0	0	0	0	0	0	0	0	0	0	
0	0	0	0	0	0	0	0	0	0	0	0	0	0	0	0	0	0	
0	0	0	0	0	0	0	0	0	0	0	0	0	0	0	0	0	
0	0	0	0	0	0	0	0	0	0	0	0	0	0	0	0	
0	0	0	0	0	0	0	0	0	0	0	0	0	0	0	
0	0	0	0	0	0	0	0	0	0	0	0	0	0	
0	0	0	0	0	0	0	0	0	0	0	0	0	
0	0	0	0	0	0	0	0	0	0	0	0	
1.0	1.0	0	0	0	0	0	0	0	0	0	
1.0	0	0	0	0	0	0	0	0	0	
0	0	0	0	0	0	0	0	0	
0	0	0	0	0	0	0	0	
0	0	0	0	0	0	0	
0	0	0	0	0	0	
0	0	0	0	0	
0	0	0	0	
0	0	0	
1.0	1.0	
1.0	

0	0	0	0	0	0	0	0	0	0	0	0	0	0	0	0	0	0	0	0	0	0	0	0	0	0	0	0	0	0	0	0	0	0	0	0	0	0	0	0	0	0	
0	0	0	0	0	0	0	0	0	0	0	0	0	0	0	0	0	0	0	0	0	0	0	0	0	0	0	0	0	0	0	0	0	0	0	0	0	0	0	0	0	
0	0	0	0	0	0	0	0	0	0	0	0	0	0	0	0	0	0	0	0	0	0	0	0	0	0	0	0	0	0	0	0	0	0	0	0	0	0	0	0	
0	0	0	0	0	0	0	0	0	0	0	0	0	0	0	0	0	0	0	0	0	0	0	0	0	0	0	0	0	0	0	0	0	0	0	0	0	0	0	
0	0	0	0	0	0	0	0	0	0	0	0	0	0	0	0	0	0	0	0	0	0	0	0	0	0	0	0	0	0	0	0	0	0	0	0	0	0	
0	0	0	0	0	0	0	0	0	0	0	0	0	0	0	0	0	0	0	0	0	0	0	0	0	0	0	0	0	0	0	0	0	0	0	0	0	
0	0	0	0	0	0	0	0	0	0	0	0	0	0	0	0	0	0	0	0	0	0	0	0	0	0	0	0	0	0	0	0	0	0	0	0	
0	0	0	0	0	0	0	0	0	0	0	0	0	0	0	0	0	0	0	0	0	0	0	0	0	0	0	0	0	0	0	0	0	0	0	
0	0	0	0	0	0	0	0	0	0	0	0	0	0	0	0	0	0	0	0	0	0	0	0	0	0	0	0	0	0	0	0	0	0	
0	0	0	0	0	0	0	0	0	0	0	0	0	0	0	0	0	0	0	0	0	0	0	0	0	0	0	0	0	0	0	0	0	
0	0	0	0	0	0	0	0	0	0	0	0	0	0	0	0	0	0	0	0	0	0	0	0	0	0	0	0	0	0	0	0	
0	0	0	0	0	0	0	0	0	0	0	0	0	0	0	0	0	0	0	0	0	0	0	0	0	0	0	0	0	0	0	
0	0	0	0	0	0	0	0	0	0	0	0	0	0	0	0	0	0	0	0	0	0	0	0	0	0	0	0	0	0	
0	0	0	0	0	0	0	0	0	0	0	0	0	0	0	0	0	0	0	0	0	0	0	0	0	0	0	0	0	
0	0	0	0	0	0	0	0	0	0	0	0	0	0	0	0	0	0	0	0	0	0	0	0	0	0	0	0	
0	0	0	0	0	0	0	0	0	0	0	0	0	0	0	0	0	0	0	0	0	0	0	0	0	0	0	
0	0	0	0	0	0	0	0	0	0	0	0	0	0	0	0	0	0	0	0	0	0	0	0	0	0	
0	0	0	0	0	0	0	0	0	0	0	0	0	0	0	0	0	0	0	0	0	0	0	0	0	
0	0	0	0	0	0	0	0	0	0	0	0	0	0	0	0	0	0	0	0	0	0	0	0	
0	0	0	0	0	0	0	0	0	0	0	0	0	0	0	0	0	0	0	0	0	0	0	
0	0	0	0	0	0	0	0	0	0	0	0	0	0	0	0	0	0	0	0	0	0	
0	0	0	0	0	0	0	0	0	0	0	0	0	0	0	0	0	0	0	0	0	
0	0	0	0	0	0	0	0	0	0	0	0	0	0	0	0	0	0	0	0	
0	0	0	0	0	0	0	0	0	0	0	0	0	0	0	0	0	0	0	
0	0	0	0	0	0	0	0	0	0	0	0	0	0	0	0	0	0	
0	0	0	0	0	0	0	0	0	0	0	0	0	0	0	0	0	
0	0	0	0	0	0	0	0	0	0	0	0	0	0	0	0	
0	0	0	0	0	0	0	0	0	0	0	0	0	0	0	
0	0	0	0	0	0	0	0	0	0	0	0	0	0	
0	0	0	0	0	0	0	0	0	0	0	0	0	
0	0	0	0	0	0	0	0	0	0	0	0	
0	0	0	0	0	0	0	0	0	0	0	
0	0	0	0	0	0	0	0	0	0	
0	0	0	0	0	0	0	0	0	
0	0	0	0	0	0	0	0	
0	0	0	0	0	0	0	
0	0	0	0	0	0	
0	0	0	0	0	
0	0	0	0	
0	0	0	
0	0	
0	

0	0	0	0	0	0	0	0	0	0	0	0	0	0	0	0	0	0	0	0	0	0	0	0	0	0	0	0	0	0	0	0	0	0	0	0	0	0	0	0	0	0	
0	0	0	0	0	0	0	0	0	0	0	0	0	0	0	0	0	0	0	0	0	0	0	0	0	0	0	0	0	0	0	0	0	0	0	0	0	0	0	0	0	
0	0	0	0	0	0	0	0	0	0	0	0	0	0	0	0	0	0	0	0	0	0	0	0	0	0	0	0	0	0	0	0	0	0	0	0	0	0	0	0	
0	0	0	0	0	0	0	0	0	0	0	0	0	0	0	0	0	0	0	0	0	0	0	0	0	0	0	0	0	0	0	0	0	0	0	0	0	0	0	
0	0	0	0	0	0	0	0	0	0	0	0	0	0	0	0	0	0	0	0	0	0	0	0	0	0	0	0	0	0	0	0	0	0	0	0	0	0	
0	0	0	0	0	0	0	0	0	0	0	0	0	0	0	0	0	0	0	0	0	0	0	0	0	0	0	0	0	0	0	0	0	0	0	0	0	
0	0	0	0	0	0	0	0	0	0	0	0	0	0	0	0	0	0	0	0	0	0	0	0	0	0	0	0	0	0	0	0	0	0	0	0	
0	0	0	0	0	0	0	0	0	0	0	0	0	0	0	0	0	0	0	0	0	0	0	0	0	0	0	0	0	0	0	0	0	0	0	
0	0	0	0	0	0	0	0	0	0	0	0	0	0	0	0	0	0	0	0	0	0	0	0	0	0	0	0	0	0	0	0	0	0	
0	0	0	0	0	0	0	0	0	0	0	0	0	0	0	0	0	0	0	0	0	0	0	0	0	0	0	0	0	0	0	0	0	
0	0	0	0	0	0	0	0	0	0	0	0	0	0	0	0	0	0	0	0	0	0	0	0	0	0	0	0	0	0	0	0	
0	0	0	0	0	0	0	0	0	0	0	0	0	0	0	0	0	0	0	0	0	0	0	0	0	0	0	0	0	0	0	
0	0	0	0	0	0	0	0	0	0	0	0	0	0	0	0	0	0	0	0	0	0	0	0	0	0	0	0	0	0	
0	0	0	0	0	0	0	0	0	0	0	0	0	0	0	0	0	0	0	0	0	0	0	0	0	0	0	0	0	
0	0	0	0	0	0	0	0	0	0	0	0	0	0	0	0	0	0	0	0	0	0	0	0	0	0	0	0	
0	0	0	0	0	0	0	0	0	0	0	0	0	0	0	0	0	0	0	0	0	0	0	0	0	0	0	
0	0	0	0	0	0	0	0	0	0	0	0	0	0	0	0	0	0	0	0	0	0	0	0	0	0	
0	0	0	0	0	0	0	0	0	0	0	0	0	0	0	0	0	0	0	0	0	0	0	0	0	
0	0	0	0	0	0	0	0	0	0	0	0	0	0	0	0	0	0	0	0	0	0	0	0	
0	0	0	0	0	0	0	0	0	0	0	0	0	0	0	0	0	0	0	0	0	0	0	
0	0	0	0	0	0	0	0	0	0	0	0	0	0	0	0	0	0	0	0	0	0	
0	0	0	0	0	0	0	0	0	0	0	0	0	0	0	0	0	0	0	0	0	
0	0	0	0	0	0	0	0	0	0	0	0	0	0	0	0	0	0	0	0	
0	0	0	0	0	0	0	0	0	0	0	0	0	0	0	0	0	0	0	
0	0	0	0	0	0	0	0	0	0	0	0	0	0	0	0	0	0	
0	0	0	0	0	0	0	0	0	0	0	0	0	0	0	0	0	
0	0	0	0	0	0	0	0	0	0	0	0	0	0	0	0	
0	0	0	0	0	0	0	0	0	0	0	0	0	0	0	
0	0	0	0	0	0	0	0	0	0	0	0	0	0	
0	0	0	0	0	0	0	0	0	0	0	0	0	
0	0	0	0	0	0	0	0	0	0	0	0	
0	0	0	0	0	0	0	0	0	0	0	
0	0	0	0	0	0	0	0	0	0	
0	0	0	0	0	0	0	0	0	
0	0	0	0	0	0	0	0	
0	0	0	0	0	0	0	
0	0	0	0	0	0	
0	0	0	0	0	
0	0	0	0	
0	0	0	
0	0	
0	

0.08169791706718682	0	0	0.00474198429389885	0.005612036921210692	0	0.005698292553309022	0	0.005926069189291627	0.00706417240583585	0	0	0	0	0	0	0	0.008132860540113359	0.004684402278303785	0	0	0.1066177863069146	0.0051807426127527785	0	0.009218811468144406	0	0.005634920265502832	0	0	0	0	0.014935200658921259	0.005984432960950001	0.008132860540113359	0	0.00560736871899261	0.005698292553309022	0.004845443362962011	0.007691329401164119	0	0	0.008988354289429056	
0	0	0.004128522774514115	0.004886018342667804	0	0.004961115247144319	0	0.005159424851494193	0.006150293812257314	0	0	0	0	0	0	0	0.007080727788366095	0.004078390035126403	0	0	0.004574353253434281	0.00451051976135074	0	0.008026191303323183	0	0.004905941312085627	0	0	0	0	0.013003062060249388	0.0052102382126451696	0.007080727788366095	0	0.004881954056921816	0.004961115247144319	0.004218597539925473	0.00669631669591384	0	0	0.007825547932972769	
0	0	0.1673609922698413	0	0	0	0.17672599694258956	0	0	0	0	0	0	0	0	0	0	0	0	0	0.1057518268470511	0	0	0	0	0	0	0	0.2883246649458922	0	0.05630936574428778	0	0.06774519923568455	0	0	0	0	0.18617351019035305	0	0.09173732006255621	
0.21244469420998383	0.14355755638873136	0	0	0	0	0	0	0	0	0.07054812048536513	0.08146723037702135	0	0	0	0.06854136362251823	0.13054491093409418	0	0	0	0	0	0	0	0	0	0	0	0	0	0	0	0	0	0	0	0	0	0	
0.0057549128973922795	0	0.005843364498228917	0	0.0941679685185924	0.007244018073740169	0	0	0	0	0	0	0	0.008339913773214103	0.25978614017811186	0.10096249629479918	0	0.005387823517879719	0.005312638334134262	0	0.009453511757226073	0	0.005778378825191966	0	0	0	0	0.015315433612404915	0.006136789710057871	0.008339913773214103	0	0.005750125848139104	0.005843364498228917	0.004968802752829753	0.007887141761587507	0	0	0.00921718740499792	
0	0.006915496820675883	0	0.0552486186525909	0.00857314034971676	0	0	0.06157329954164353	0.046116907730948696	0.053254668168975665	0	0	0.00987010945506718	0.005685030868337008	0	0	0.006376373820177234	0.2488858828789742	0	0.011188028835294102	0.051135802280750486	0.006838587667496626	0	0	0	0.07840345690642055	0.018125487890745216	0.0557927428705982	0.00987010945506718	0.05838590727978092	0.006805150873840692	0.006915496820675883	0.00588047171285901	0.009334263469788703	0.16045283542689198	0.04994392390251656	0.010908344022378972	
0	0	0.16055150621315098	0	0	0	0	0	0	0	0	0	0	0	0	0	0.10606121786505529	0	0	0	0	0	0	0	0	0.08744574430697633	0.07007782573217505	0	0	0	0	0	0	0	0.0803217675373234	0	
0	0.00730246668241992	0.13489082314933465	0	0	0	0	0	0	0	0.010021810618455616	0.005772408399513537	0	0	0.006474377123091352	0.006384029465633454	0	0.09369688985909777	0	0.0069436950839661	0	0	0	0	0.01840407219748737	0.00737438610900471	0.010021810618455616	0	0.140215658427892	0.0070217863119810655	0.005970853121917803	0.00947772881170689	0	0	0.1179176287166654	
0	0	0	0	0	0	0	0	0	0	0	0	0	0	0	0	0	0	0	0	0	0	0	0	0	0	0	0	0	0	0	0	0	0	
0.00905286682806946	0	0	0.2391777102039132	0	0	0	0	0.12543585803415266	0.09302448488479594	0	0	0.006733176022478172	0.006639216917329206	0.10197816134411496	0.011814076404087421	0	0.0072212539303605884	0	0	0	0.2623961769013895	0.12474519199418878	0.22817627692712375	0.12543585803415266	0.19540259396239618	0.0071859461169133465	0.00730246668241992	0.00620952476352506	0.009856580049211775	0.053458590151570874	0.09700205646380364	0.011518741292113213	
0	0	0	0	0	0	0	0.012424037089197093	0.007156053809027246	0	0	0.008026284328163826	0.007914280351046965	0	0.11615602001180451	0	0.008608097732400032	0	0	0	0	0.022815525485262063	0.009142025330194588	0.012424037089197093	0	0.00856600904367613	0.008704907415813144	0.007402065701006697	0.9184592204264004	0	0	0.013730918723113116	
0.07164868728693706	0	0	0	0	0.06493930397999662	0	0	0	0	0	0.08346543029761125	0.08844030436742922	0	0	0	0	0	0.9999999999999998	0	0	0	0	0	0	0	0	0	0	0	0	
0.05434325493197749	0	0	0	0.11851499416149783	0	0	0.057335238793185965	0	0	0	0.046340649508625494	0	0.045131346869182985	0.047567933358346	0	0	0.07164868728693706	0	0	0	0	0	0	0	0	0	0	0	0	
0.05290038080669456	0.06108805564997527	0	0.0492544006725095	0	0	0.42800956820192265	0	0	0	0.16184431883101086	0	0.10838970485708688	0.05241716553950035	0	0	0	0	0	0	0	0.1452930650045372	0	0	0	0	0	0.05729032416565607	0	
0.641969907041927	0.05946089397358666	0	0	0.05389886922205489	0	0	0	0	0	0	0.04393305919358786	0	0	0	0	0	0	0	0	0	0	0	0	0	0	0.04290906306940424	0	
0.1600478658083751	0	0	0.062241085457194874	0	0	0	0	0	0	0.050732813714488775	0.13089339443835865	0	0	0	0	0	0	0	0	0	0	0	0	0	0.049550328233938665	0	
0	0	0	0	0	0	0	0	0	0	0	0	0	0	0	0	0	0	0	0	0	0	0	0	0	0	
0	0	0.051966206803557576	0	0	0	0.04200118158507798	0	0.040905121424309514	0.043113539145343716	0	0	0.06493930397999662	0	0	0	0	0	0	0	0	0	0	0	0	
0.008238642023839355	0	0	0.009240523496047115	0.009111575238063356	0	0.016213485319797986	0	0.009910355290230483	0	0	0	0	0.026267123204375305	0.1266712316928515	1.0000000000000002	0	0.009861899304724671	0.010021810618455616	0.008521871295965476	0.013527042695950241	0	0	0.01580817124033613	
0	0	0.005322399062925456	0.08132471921571463	0	0.11904974505338733	0	0.005708211848879013	0	0	0	0.08814605711166824	0.08321201887932626	0.0060622705427879914	0.008238642023839355	0	0.056803019483241804	0.0894489606115793	0.09960482203648409	0.007791368032328102	0	0	0.07509998763569521	
0	0	0.08397030160692118	0.05387624810709204	0	0.0524702969663546	0.14663478979652533	0	0	0	0	0	0.09699664280568487	0	0	0	0	0	0	0	0	0	
0	0	0	0	0	0	0	0	0	0	0	0	0	0.23101297020019929	0	0	0	0	0	0	0	
0.0058863389583521985	0	0.01047437658089113	0	0.006402373784096044	0	0	0	0	0.016969315030823905	0.0067994887055331825	0.009240523496047115	0	0.006371069827557698	0.006474377123091352	0.005505373296809528	0.008738857588513917	0	0	0.010212532059612492	
0	0.010328210336722219	0	0.07597862915067986	0	0	0.08346543029761125	0	0.0167325142031069	0.08069129485305165	0.009111575238063356	0	0.006282163787103615	0.006384029465633454	0.005428547747209705	0.008616909901968986	0	0	0.15604453788795167	
0	0.04240860755986435	0.04469819666749943	0	0	0.08844030436742922	0	0	0	0	0	0	0	0	0	0	0	0	
0	0.011233648548667836	0	0	0	0.0867348525911614	0.0967670452691564	0.011930429088401116	0.016213485319797986	0.13845587639175105	0.06148297327590428	0.3128588802379258	0.009659765398141467	0.015333258909388222	0	0	0.01791897815067784	
0.043531755372837246	0	0	0	0	0	0	0	0	0	0	0	0	0	0.047578848477232226	0	
0	0	0	0	0.018199395419453607	0.0877652195069245	0.009910355290230483	0	0.00683289919634682	0.0069436950839661	0.005904449612629582	0.009372324367764166	0.14676331066425907	0	0.010952823307783844	
0	0	0	0	0	0	0	0	0	0	0	0	0	0	
0	0	0	0	0	0	0	0	0	0	0	0	0	
0	0	0	0	0	0	0	0	0	0	0	0	
0.14051729249992953	0.08360604863269233	0	0.10058554819549963	0.10551344952583322	0	0	0	0.3390293384134403	0	0	
0.1259737635259193	0.026267123204375305	0	0.09960725915219898	0.01840407219748737	0.015649580755379793	0.024841087092217135	0	0	0.029030155916299216	
0.1266712316928515	0.06226020122203929	0.007256717973420653	0.00737438610900471	0.00627068018946242	0.009953654040241816	0.05398508500830033	0	0.01163218532475792	
0	0.009861899304724671	0.010021810618455616	0.008521871295965476	0.013527042695950241	0	0	0.01580817124033613	
0	0	0	0	0.06494888179438739	0	0	
0.00690974437498626	0.005875580221324165	0.009326499046630842	0	0	0.010899270248190422	
0.005970853121917803	0.00947772881170689	0	0	0.011076002596619667	
0.008059220852037658	0	0	0.009418284998157115	
0	0	0.014949949238615569	
0	0	
0	

0	0	0	0	0	0	0	0	0	0	0	0	0	0	0	0	0	0	0	0	0	0	0	0	0	0	0	0	0	0	0	0	0	0	0	0	0	0	0	0	0	0	
0	0	0	0	0	0	0	0	0	0	0	0	0	0	0	0	0	0	0	0	0	0	0	0	0	0	0	0	0	0	0	0	0	0	0	0	0	0	0	0	0	
0	0	0	0	0	0	0	0	0	0	0	0	0	0	0	0	0	0	0	0	0	0	0	0	0	0	0	0	0	0	0	0	0	0	0	0	0	0	0	0	
0	0	0	0	0	0	0	0	0	0	0	0	0	0	0	0	0	0	0	0	0	0	0	0	0	0	0	0	0	0	0	0	0	0	0	0	0	0	0	
0	0	0	0	0	0	0	0	0	0	0	0	0	0	0	0	0	0	0	0	0	0	0	0	0	0	0	0	0	0	0	0	0	0	0	0	0	0	
0	0	0	0	0	0	0	0	0	0	0	0	0	0	0	0	0	0	0	0	0	0	0	0	0	0	0	0	0	0	0	0	0	0	0	0	0	
0	0	0	0	0	0	0	0	0	0	0	0	0	0	0	0	0	0	0	0	0	0	0	0	0	0	0	0	0	0	0	0	0	0	0	0	
0	0	0	0	0	0	0	0	0	0	0	0	0	0	0	0	0	0	0	0	0	0	0	0	0	0	0	0	0	0	0	0	0	0	0	
0	0	0	0	0	0	0	0	0	0	0	0	0	0	0	0	0	0	0	0	0	0	0	0	0	0	0	0	0	0	0	0	0	0	
0	0	0	0	0	0	0	0	0	0	0	0	0	0	0	0	0	0	0	0	0	0	0	0	0	0	0	0	0	0	0	0	0	
0	0	0	0	0	0	0	0	0	0	0	0	0	0	0	0	0	0	0	0	0	0	0	0	0	0	0	0	0	0	0	0	
0	0	0	0	0	0	0	0	0	0	0	0	0	0	0	0	0	0	0	0	0	0	0	0	0	0	0	0	0	0	0	
0	0	0	0	0	0	0	0	0	0	0	0	0	0	0	0	0	0	0	0	0	0	0	0	0	0	0	0	0	0	
0	0	0	0	0	0	0	0	0	0	0	0	0	0	0	0	0	0	0	0	0	0	0	0	0	0	0	0	0	
0	0	0	0	0	0	0	0	0	0	0	0	0	0	0	0	0	0	0	0	0	0	0	0	0	0	0	0	
0	0	0	0	0	0	0	0	0	0	0	0	0	0	0	0	0	0	0	0	0	0	0	0	0	0	0	
0	0	0	0	0	0	0	0	0	0	0	0	0	0	0	0	0	0	0	0	0	0	0	0	0	0	
0	0	0	0	0	0	0	0	0	0	0	0	0	0	0	0	0	0	0	0	0	0	0	0	0	
0	0	0	0	0	0	0	0	0	0	0	0	0	0	0	0	0	0	0	0	0	0	0	0	
0	0	0	0	0	0	0	0	0	0	0	0	0	0	0	0	0	0	0	0	0	0	0	
0	0	0	0	0	0	0	0	0	0	0	0	0	0	0	0	0	0	0	0	0	0	
0	0	0	0	0	0	0	0	0	0	0	0	0	0	0	0	0	0	0	0	0	
0	0	0	0	0	0	0	0	0	0	0	0	0	0	0	0	0	0	0	0	
0	0	0	0	0	0	0	0	0	0	0	0	0	0	0	0	0	0	0	
0	0	0	0	0	0	0	0	0	0	0	0	0	0	0	0	0	0	
0	0	0	0	0	0	0	0	0	0	0	0	0	0	0	0	0	
0	0	0	0	0	0	0	0	0	0	0	0	0	0	0	0	
0	0	0	0	0	0	0	0	0	0	0	0	0	0	0	
0	0	0	0	0	0	0	0	0	0	0	0	0	0	
0	0	0	0	0	0	0	0	0	0	0	0	0	
0	0	0	0	0	0	0	0	0	0	0	0	
0	0	0	0	0	0	0	0	0	0	0	
0	0	0	0	0	0	0	0	0	0	
0	0	0	0	0	0	0	0	0	
0	0	0	0	0	0	0	0	
0	0	0	0	0	0	0	
0	0	0	0	0	0	
0	0	0	0	0	
0	0	0	0	
0	0	0	
0	0	
0	

