0 1 0.11983437120009242
0 2 0.0
0 3 0.0
0 4 0.05936146216822571
0 5 0.07285628562579997
0 6 0.0
0 7 0.07101913676147575
0 8 0.0
0 9 0.07552468716308174
0 10 0.07575876611678951
0 11 0.0
0 12 0.0
0 13 0.0
0 14 0.0
0 15 0.0
0 16 0.0
0 17 0.0
0 18 0.08560273445883254
0 19 0.06087738184827279
0 20 0.0
0 21 0.0
0 22 0.14982099075302371
0 23 0.06009322321208533
0 24 0.0
0 25 0.10976472210205251
0 26 0.0
0 27 0.06393160570736592
0 28 0.0
0 29 0.0
0 30 0.0
0 31 0.0
0 32 0.16286819813512055
0 33 0.2801897822228138
0 34 0.08560273445883254
0 35 0.0
0 36 0.07051881386160193
0 37 0.07146123845761855
0 38 0.05915336012463923
0 39 0.07834048414732503
0 40 0.0
0 41 0.0
0 42 0.10505500183141984
1 2 0.0
1 3 0.0
1 4 0.09248623265661782
1 5 0.1135114118953
1 6 0.0
1 7 0.11064910070745868
1 8 0.0
1 9 0.11766882979546782
1 10 0.11803352904278899
1 11 0.0
1 12 0.0
1 13 0.0
1 14 0.0
1 15 0.0
1 16 0.0
1 17 0.0
1 18 0.1333706099213981
1 19 0.09484806296026262
1 20 0.0
1 21 0.0
1 22 0.10676180908282401
1 23 0.09362632960974974
1 24 0.0
1 25 0.17101542406503126
1 26 0.0
1 27 0.09960659902221089
1 28 0.0
1 29 0.0
1 30 0.0
1 31 0.0
1 32 0.2537516010370726
1 33 0.10890349659499236
1 34 0.1333706099213981
1 35 0.0
1 36 0.10986958857229547
1 37 0.11133790315325212
1 38 0.09216200590551601
1 39 0.12205589247024683
1 40 0.0
1 41 0.0
1 42 0.16367759462506712
2 3 0.0
2 4 0.0
2 5 0.1274146551459832
2 6 0.0
2 7 0.0
2 8 0.0
2 9 0.3848164708332939
2 10 0.0
2 11 0.0
2 12 0.0
2 13 0.0
2 14 0.0
2 15 0.0
2 16 0.0
2 17 0.0
2 18 0.0
2 19 0.0
2 20 0.0
2 21 0.0
2 22 0.0
2 23 0.05062414890977196
2 24 0.0
2 25 0.0
2 26 0.0
2 27 0.0
2 28 0.0
2 29 0.0
2 30 0.0
2 31 0.46108283397059896
2 32 0.0
2 33 0.07956066510314302
2 34 0.0
2 35 0.10822620379040507
2 36 0.0
2 37 0.0
2 38 0.0
2 39 0.0
2 40 0.14053947665698627
2 41 0.0
2 42 0.044250580782298585
3 4 0.15155242780693898
3 5 0.20519405141292416
3 6 0.0
3 7 0.0
3 8 0.0
3 9 0.0
3 10 0.0
3 11 0.0
3 12 0.0
3 13 0.0
3 14 0.026349300001345544
3 15 0.030162182692303103
3 16 0.0
3 17 0.0
3 18 0.0
3 19 0.023342712812301557
3 20 0.1199921109369688
3 21 0.0
3 22 0.0
3 23 0.0
3 24 0.0
3 25 0.0
3 26 0.0
3 27 0.0
3 28 0.0
3 29 0.0
3 30 0.0
3 31 0.0
3 32 0.0
3 33 0.0
3 34 0.0
3 35 0.0
3 36 0.0
3 37 0.0
3 38 0.0
3 39 0.0
3 40 0.0
3 41 0.0
3 42 0.0
4 5 0.06608793234824238
4 6 0.0
4 7 0.06442145472292525
4 8 0.0
4 9 0.1461232170483527
4 10 0.06872077222860382
4 11 0.0
4 12 0.0
4 13 0.0
4 14 0.0
4 15 0.0
4 16 0.0
4 17 0.0
4 18 0.07765023532487783
4 19 0.31911006008986603
4 20 0.07995497005983178
4 21 0.0
4 22 0.06215821914495793
4 23 0.05451055919356054
4 24 0.0
4 25 0.09956757287576064
4 26 0.0
4 27 0.057992355726225825
4 28 0.0
4 29 0.0
4 30 0.0
4 31 0.0
4 32 0.14773773281988936
4 33 0.06340513958275329
4 34 0.07765023532487783
4 35 0.0
4 36 0.06396761185027366
4 37 0.06482248514514295
4 38 0.05365800944296288
4 39 0.07106264850020787
4 40 0.0
4 41 0.0
4 42 0.09529538589901343
5 6 0.0
5 7 0.07906658182411258
5 8 0.0
5 9 0.203407527286968
5 10 0.08434327637894086
5 11 0.0
5 12 0.0
5 13 0.030609982522831328
5 14 0.02915489914843722
5 15 0.033373766834258585
5 16 0.0
5 17 0.0
5 18 0.09530270173782979
5 19 0.0677756265794998
5 20 0.0
5 21 0.0
5 22 0.07628883795318889
5 23 0.42660012096336136
5 24 0.0
5 25 0.12220257492894053
5 26 0.03481365793644426
5 27 0.0711759360126488
5 28 0.0
5 29 0.0
5 30 0.0
5 31 0.1057236344360423
5 32 0.18132340523437115
5 33 0.14969590742521127
5 34 0.09530270173782979
5 35 0.09777369895689127
5 36 0.07850956545774626
5 37 0.07955877972353308
5 38 0.0658562494806759
5 39 0.08721753857384339
5 40 0.16106060899618851
5 41 0.02840660615600758
5 42 0.11695917856948693
6 7 0.0
6 8 0.0
6 9 0.18995477792046217
6 10 0.0
6 11 0.0
6 12 0.0
6 13 0.0
6 14 0.0
6 15 0.0
6 16 0.0
6 17 0.0
6 18 0.0
6 19 0.0
6 20 0.0
6 21 0.0
6 22 0.0
6 23 0.10288594291174097
6 24 0.0
6 25 0.0
6 26 0.0
6 27 0.0
6 28 0.0
6 29 0.0
6 30 0.0
6 31 0.0
6 32 0.10917683716559709
6 33 0.09371163977624376
6 34 0.0
6 35 0.0
6 36 0.0
6 37 0.0
6 38 0.0
6 39 0.0
6 40 0.0
6 41 0.07863554976019696
6 42 0.0
7 8 0.0
7 9 0.08196243887577051
7 10 0.14298508432189883
7 11 0.0
7 12 0.0
7 13 0.0
7 14 0.0
7 15 0.0
7 16 0.0
7 17 0.0
7 18 0.09289954257646456
7 19 0.06606659194604468
7 20 0.0
7 21 0.0
7 22 0.07436513362483256
7 23 0.06521559134343856
7 24 0.0
7 25 0.16314406492098685
7 26 0.0
7 27 0.06938115895409194
7 28 0.0
7 29 0.0
7 30 0.0
7 31 0.0
7 32 0.1767511423864864
7 33 0.07585692998341129
7 34 0.09289954257646456
7 35 0.0
7 36 0.3067707200235894
7 37 0.07755262032958847
7 38 0.06419561398570314
7 39 0.08501825541572218
7 40 0.0
7 41 0.0
7 42 0.1816405089942202
8 9 0.0
8 10 0.0
8 11 0.0
8 12 0.0
8 13 0.0
8 14 0.0
8 15 0.0
8 16 0.0
8 17 0.0
8 18 0.0
8 19 0.0
8 20 0.0
8 21 0.0
8 22 0.0
8 23 0.0
8 24 0.0
8 25 0.0
8 26 0.0
8 27 0.0
8 28 0.0
8 29 0.0
8 30 0.0
8 31 0.0
8 32 0.0
8 33 0.0
8 34 0.0
8 35 0.0
8 36 0.0
8 37 0.0
8 38 0.0
8 39 0.0
8 40 0.0
8 41 0.0
8 42 0.0
9 10 0.08743239527123374
9 11 0.0
9 12 0.0
9 13 0.13213228994573803
9 14 0.0
9 15 0.0
9 16 0.0
9 17 0.0
9 18 0.18382488087476553
9 19 0.14985478046246886
9 20 0.0
9 21 0.0
9 22 0.07908295860761379
9 23 0.06935295694892687
9 24 0.047648933779040066
9 25 0.12667831145598496
9 26 0.0
9 27 0.07378279382103482
9 28 0.0
9 29 0.0
9 30 0.0
9 31 0.43180780018633796
9 32 0.3261169706182283
9 33 0.34319385063643065
9 34 0.18382488087476553
9 35 0.20467783095957764
9 36 0.08138502147858664
9 37 0.08247266379400178
9 38 0.06826827084361532
9 39 0.09041192890007708
9 40 0.13161635563830618
9 41 0.09950551554646335
9 42 0.12124287282061838
10 11 0.0
10 12 0.0
10 13 0.0
10 14 0.0
10 15 0.0
10 16 0.0
10 17 0.0
10 18 0.09909941234634717
10 19 0.07047570155891832
10 20 0.0
10 21 0.0
10 22 0.07932806596127968
10 23 0.06956790742682945
10 24 0.0
10 25 0.174031868328704
10 26 0.0
10 27 0.07401147400268156
10 28 0.0
10 29 0.0
10 30 0.0
10 31 0.0
10 32 0.1885470461561118
10 33 0.0809194208633115
10 34 0.09909941234634717
10 35 0.0
10 36 0.08163726377697654
10 37 0.0827282770984132
10 38 0.06847985947788542
10 39 0.9670449058537803
10 40 0.0
10 41 0.0
10 42 0.12161864934986233
11 12 0.16871383295732575
11 13 0.0
11 14 0.0
11 15 0.0
11 16 0.0
11 17 0.1423628604781779
11 18 0.0
11 19 0.0
11 20 0.0
11 21 0.0
11 22 0.0
11 23 0.03116605639270803
11 24 0.05553815381927369
11 25 0.0
11 26 0.0
11 27 0.0
11 28 0.0
11 29 0.0
11 30 1.0
11 31 0.0
11 32 0.0
11 33 0.0
11 34 0.0
11 35 0.0
11 36 0.0
11 37 0.0
11 38 0.0
11 39 0.0
11 40 0.0
11 41 0.0
11 42 0.0
12 13 0.10240610450125573
12 14 0.0
12 15 0.0
12 16 0.0
12 17 0.24016130390443913
12 18 0.0
12 19 0.0
12 20 0.10755239515617807
12 21 0.0
12 22 0.0
12 23 0.0
12 24 0.09081311465224563
12 25 0.0
12 26 0.11646955662425901
12 27 0.09074364047544578
12 28 0.0
12 29 0.0
12 30 0.16871383295732575
12 31 0.0
12 32 0.0
12 33 0.0
12 34 0.0
12 35 0.0
12 36 0.0
12 37 0.0
12 38 0.0
12 39 0.0
12 40 0.0
12 41 0.0
12 42 0.0
13 14 0.028871528536492098
13 15 0.03304939100011187
13 16 0.0
13 17 0.08641156277276638
13 18 0.0
13 19 0.0
13 20 0.5897848972282793
13 21 0.0
13 22 0.0
13 23 0.0
13 24 0.13975001129765197
13 25 0.0
13 26 0.15532879178184886
13 27 0.09415925754956608
13 28 0.0
13 29 0.0
13 30 0.0
13 31 0.0
13 32 0.0
13 33 0.0
13 34 0.0
13 35 0.09870378844404563
13 36 0.0
13 37 0.0
13 38 0.0
13 39 0.0
13 40 0.03376307787600546
13 41 0.028130508566757532
13 42 0.0
14 15 0.6676102451959327
14 16 0.050709743297526144
14 17 0.0
14 18 0.0
14 19 0.01800583351355754
14 20 0.0
14 21 0.0
14 22 0.0
14 23 0.0
14 24 0.0
14 25 0.0
14 26 0.032836461694221
14 27 0.0
14 28 0.0
14 29 0.0
14 30 0.0
14 31 0.0
14 32 0.0
14 33 0.0
14 34 0.0
14 35 0.0
14 36 0.0
14 37 0.0
14 38 0.0
14 39 0.0
14 40 0.03215810821458519
14 41 0.026793290053215107
14 42 0.0
15 16 0.1463511168793621
15 17 0.0
15 18 0.0
15 19 0.02061137259568121
15 20 0.0
15 21 0.0
15 22 0.0
15 23 0.0
15 24 0.0
15 25 0.0
15 26 0.03758807089901174
15 27 0.09473315559606421
15 28 0.0
15 29 0.0
15 30 0.0
15 31 0.0
15 32 0.0
15 33 0.0
15 34 0.0
15 35 0.0
15 36 0.0
15 37 0.0
15 38 0.0
15 39 0.0
15 40 0.03681155609286167
15 41 0.03067042044652698
15 42 0.0
16 17 0.0
16 18 0.0
16 19 0.0
16 20 0.0
16 21 0.0
16 22 0.0
16 23 0.0
16 24 0.0
16 25 0.0
16 26 0.0
16 27 0.0
16 28 0.0
16 29 0.0
16 30 0.0
16 31 0.0
16 32 0.0
16 33 0.0
16 34 0.0
16 35 0.0
16 36 0.0
16 37 0.0
16 38 0.0
16 39 0.0
16 40 0.0
16 41 0.0
16 42 0.0
17 18 0.0
17 19 0.0
17 20 0.09075406774491156
17 21 0.0
17 22 0.0
17 23 0.0
17 24 0.07662925169921611
17 25 0.0
17 26 0.0982784810765848
17 27 0.07657062851245527
17 28 0.0
17 29 0.0
17 30 0.1423628604781779
17 31 0.0
17 32 0.0
17 33 0.0
17 34 0.0
17 35 0.0
17 36 0.0
17 37 0.0
17 38 0.0
17 39 0.0
17 40 0.0
17 41 0.0
17 42 0.0
18 19 0.07963319725994075
18 20 0.0
18 21 0.0
18 22 0.08963582320160352
18 23 0.07860744586487853
18 24 0.0
18 25 0.14358232075618285
18 26 0.0
18 27 0.08362840210717552
18 28 0.0
18 29 0.0
18 30 0.0
18 31 0.0
18 32 0.21304653642612503
18 33 0.17013148106611808
18 34 1.0
18 35 0.0
18 36 0.09224507434919062
18 37 0.09347785213099893
18 38 0.07737801877114328
18 39 0.10247653624611641
18 40 0.0
18 41 0.0
18 42 0.1374215748114051
19 20 0.0
19 21 0.0
19 22 0.06374555989157718
19 23 0.09794540646573971
19 24 0.0
19 25 0.2699559344477575
19 26 0.0
19 27 0.05947331239620376
19 28 0.0
19 29 0.0
19 30 0.0
19 31 0.07372945742128664
19 32 0.20990798530435711
19 33 0.06502432306305975
19 34 0.07963319725994075
19 35 0.0
19 36 0.11617112427608069
19 37 0.2850264273855836
19 38 0.10123513051400354
19 39 0.072877382562392
19 40 0.0
19 41 0.0
19 42 0.13447858035190716
20 21 0.0
20 22 0.0
20 23 0.05611473156120705
20 24 0.0989668251869532
20 25 0.0
20 26 0.12692684635004928
20 27 0.15859010590725336
20 28 0.0
20 29 0.0
20 30 0.0
20 31 0.0
20 32 0.0
20 33 0.06527106747617761
20 34 0.0
20 35 0.0
20 36 0.0
20 37 0.0
20 38 0.0
20 39 0.0
20 40 0.0
20 41 0.0
20 42 0.0
21 22 0.0
21 23 0.0
21 24 0.0
21 25 0.0
21 26 0.0
21 27 0.0
21 28 0.0
21 29 0.0
21 30 0.0
21 31 0.0
21 32 0.0
21 33 0.0
21 34 0.0
21 35 0.3548145516169749
21 36 0.0
21 37 0.0
21 38 0.0
21 39 0.0
21 40 0.0
21 41 0.0
21 42 0.0
22 23 0.0629244563915586
22 24 0.0
22 25 0.11493617915727157
22 26 0.0
22 27 0.06694368050749569
22 28 0.0
22 29 0.0
22 30 0.0
22 31 0.0
22 32 0.1705415732978035
22 33 0.07319194665585013
22 34 0.08963582320160352
22 35 0.0
22 36 0.07384123850301995
22 37 0.07482806450809358
22 38 0.061940312578015494
22 39 0.08203141910069094
22 40 0.0
22 41 0.0
22 42 0.11000456504264931
23 24 0.0
23 25 0.10079496297702967
23 26 0.0
23 27 0.10605211750096842
23 28 0.0
23 29 0.0
23 30 0.03116605639270803
23 31 0.0
23 32 0.14955892646366056
23 33 0.11595061502484467
23 34 0.07860744586487853
23 35 0.0
23 36 0.06475615385565942
23 37 0.06562156535076456
23 38 0.05431946284332116
23 39 0.071938652492471
23 40 0.0
23 41 0.0
23 42 0.16572002158583896
24 25 0.0
24 26 0.1071721576567128
24 27 0.0834998606095227
24 28 0.0
24 29 0.0
24 30 0.05553815381927369
24 31 0.0
24 32 0.0
24 33 0.0
24 34 0.0
24 35 0.0
24 36 0.0
24 37 0.0
24 38 0.0
24 39 0.0
24 40 0.0
24 41 0.0
24 42 0.0
25 26 0.0
25 27 0.10723312024042103
25 28 0.0
25 29 0.0
25 30 0.0
25 31 0.06646880301745642
25 32 0.32582710756383954
25 33 0.11724184802624422
25 34 0.14358232075618285
25 35 0.05270942298011208
25 36 0.16387189774304778
25 37 0.48488601583594526
25 38 0.09921852124135731
25 39 0.13140127583710934
25 40 0.0
25 41 0.0
25 42 0.17620980293864805
26 27 0.10709016842577875
26 28 0.0
26 29 0.0
26 30 0.0
26 31 0.0
26 32 0.0
26 33 0.0
26 34 0.0
26 35 0.0
26 36 0.0
26 37 0.0
26 38 0.0
26 39 0.0
26 40 0.038399768545443164
26 41 0.03199367729435498
26 42 0.0
27 28 0.0
27 29 0.0
27 30 0.0
27 31 0.0
27 32 0.15911182335729268
27 33 0.12335682136957066
27 34 0.08362840210717552
27 35 0.0
27 36 0.06889237544830104
27 37 0.06981306406379466
27 38 0.05778905332601168
27 39 0.07653364756348995
27 40 0.2361911345775735
27 41 0.0
27 42 0.10263202445656848
28 29 0.0
28 30 0.0
28 31 0.0
28 32 0.0
28 33 0.0
28 34 0.0
28 35 0.0
28 36 0.0
28 37 0.0
28 38 0.0
28 39 0.0
28 40 0.0
28 41 0.0
28 42 0.0
29 30 0.0
29 31 0.0
29 32 0.0
29 33 0.0
29 34 0.0
29 35 0.0
29 36 0.0
29 37 0.0
29 38 0.0
29 39 0.0
29 40 0.0
29 41 0.0
29 42 0.0
30 31 0.0
30 32 0.0
30 33 0.0
30 34 0.0
30 35 0.0
30 36 0.0
30 37 0.0
30 38 0.0
30 39 0.0
30 40 0.0
30 41 0.0
30 42 0.0
31 32 0.09862598813475208
31 33 0.10143185844112014
31 34 0.0
31 35 0.1379775416439363
31 36 0.08540633197674437
31 37 0.08654771572248363
31 38 0.0
31 39 0.0
31 40 0.34144227204308875
31 41 0.0
31 42 0.0
32 33 0.3018240128760027
32 34 0.21304653642612503
32 35 0.0
32 36 0.2431520820102714
32 37 0.24640160494054728
32 38 0.14721981221969385
32 39 0.1949723792708966
32 40 0.0
32 41 0.0
32 42 0.2614589874484421
33 34 0.17013148106611808
33 35 0.09380464495722213
33 36 0.07532252530158173
33 37 0.07632914745801236
33 38 0.06318286171696111
33 39 0.08367700442190913
33 40 0.07928060842396038
33 41 0.0
33 42 0.11221130362508173
34 35 0.0
34 36 0.09224507434919062
34 37 0.09347785213099893
34 38 0.07737801877114328
34 39 0.10247653624611641
34 40 0.0
34 41 0.0
34 42 0.1374215748114051
35 36 0.0
35 37 0.0
35 38 0.0
35 39 0.0
35 40 0.10784524328442147
35 41 0.0
35 42 0.0
36 37 0.13636809208506032
36 38 0.06374336213904412
36 39 0.08441931008870883
36 40 0.0
36 41 0.0
36 42 0.11320673943370481
37 38 0.06459523852525968
37 39 0.08554750311762865
37 40 0.0
37 41 0.0
37 42 0.11471965222725453
38 39 0.0708135258904303
38 40 0.0
38 41 0.0
38 42 0.09496131116726665
39 40 0.0
39 41 0.0
39 42 0.12576318701817488
40 41 0.03133273451309331
40 42 0.0
41 42 0.0
