0 1 0.18548078449015742
0 2 0.11466319979006732
0 3 0.0
0 4 0.0
0 5 0.0
0 6 0.0
0 7 0.0
0 8 0.0
0 9 0.0
0 10 0.0
0 11 0.0
0 12 0.0
0 13 0.0
0 14 0.1283765294863066
0 15 0.0
0 16 0.0
0 17 0.0
0 18 0.0
0 19 0.0
0 20 0.0
1 2 0.0
1 3 0.19124736660770525
1 4 0.0
1 5 0.0
1 6 0.0
1 7 0.0
1 8 0.4662273928431729
1 9 0.0
1 10 0.02488244089289043
1 11 0.0
1 12 0.0
1 13 0.0
1 14 0.0
1 15 0.0
1 16 0.0
1 17 0.0
1 18 0.026238775389992607
1 19 0.0
1 20 0.0
2 3 0.0
2 4 0.0
2 5 0.0
2 6 0.0
2 7 0.0
2 8 0.0
2 9 0.0
2 10 0.2039663756281854
2 11 0.0
2 12 0.0
2 13 0.05293733234008773
2 14 0.8931788407810008
2 15 0.0
2 16 0.0
2 17 0.0
2 18 0.0
2 19 0.0
2 20 0.0
3 4 0.0
3 5 0.0
3 6 0.0
3 7 0.0
3 8 0.29259598801463105
3 9 0.0
3 10 0.0
3 11 0.0
3 12 0.06007177911167088
3 13 0.0
3 14 0.0
3 15 0.0
3 16 0.0
3 17 0.0
3 18 0.0
3 19 0.0
3 20 0.0
4 5 0.0
4 6 0.0
4 7 0.0
4 8 0.0
4 9 0.3240960549238855
4 10 0.0
4 11 0.0
4 12 0.0
4 13 0.0
4 14 0.0
4 15 0.0
4 16 0.0
4 17 0.4718464162658204
4 18 0.0
4 19 0.0
4 20 0.0
5 6 0.0
5 7 0.0
5 8 0.0
5 9 0.3671000296064241
5 10 0.0
5 11 0.0
5 12 0.8682755748378107
5 13 0.0
5 14 0.0
5 15 0.0
5 16 0.0
5 17 0.17417443641122066
5 18 0.0
5 19 0.0
5 20 0.0
6 7 0.0
6 8 0.0
6 9 0.0
6 10 0.0
6 11 0.3153350625873457
6 12 0.0
6 13 0.0
6 14 0.0
6 15 0.0
6 16 0.0
6 17 0.0
6 18 0.0
6 19 0.0
6 20 0.0
7 8 0.0
7 9 0.0
7 10 0.0
7 11 0.0
7 12 0.0
7 13 0.0
7 14 0.0
7 15 0.0
7 16 0.0
7 17 0.0
7 18 0.0
7 19 0.0
7 20 0.0
8 9 0.0
8 10 0.0
8 11 0.0
8 12 0.055439301182661674
8 13 0.0
8 14 0.0
8 15 0.0
8 16 0.0
8 17 0.0
8 18 0.0
8 19 0.0
8 20 0.0
9 10 0.0
9 11 0.0
9 12 0.33413292154019963
9 13 0.0
9 14 0.0
9 15 0.0
9 16 0.0
9 17 0.1701773683176813
9 18 0.0
9 19 0.0
9 20 0.0
10 11 0.0
10 12 0.0
10 13 0.04462526952667128
10 14 0.2283600621907209
10 15 0.0
10 16 0.0
10 17 0.0
10 18 0.028122791415985976
10 19 0.0
10 20 0.0
11 12 0.12957631161853161
11 13 0.0
11 14 0.0
11 15 0.08764051175680797
11 16 0.0
11 17 0.0
11 18 0.09050994178135044
11 19 0.0
11 20 0.0
12 13 0.0
12 14 0.0
12 15 0.0
12 16 0.0
12 17 0.15853284827596875
12 18 0.0
12 19 0.0
12 20 0.0
13 14 0.059268457696332134
13 15 0.0
13 16 0.0
13 17 0.0
13 18 0.0
13 19 0.0
13 20 0.0
14 15 0.0
14 16 0.0
14 17 0.0
14 18 0.0
14 19 0.0
14 20 0.0
15 16 0.0
15 17 0.0
15 18 0.08560617072737241
15 19 0.0
15 20 0.0
16 17 0.0
16 18 0.0
16 19 0.0
16 20 0.0
17 18 0.0
17 19 0.0
17 20 0.0
18 19 0.0
18 20 0.0
19 20 0.0
