0 1 0.0
0 2 0.18259010064326775
0 3 0.0
0 4 0.0
0 5 0.0
0 6 0.0
0 7 0.0
0 8 0.0
0 9 0.0
0 10 0.0
0 11 0.0
0 12 0.0
0 13 0.0
0 14 0.0
0 15 0.0
0 16 0.0
0 17 0.0
0 18 0.0
0 19 0.0
0 20 0.0
0 21 0.0
0 22 0.0
0 23 0.0
0 24 0.0
0 25 0.0
0 26 0.0
0 27 0.0
0 28 0.0
0 29 0.0
0 30 0.0
0 31 0.0
0 32 0.0
0 33 0.0
0 34 0.0
0 35 0.0
0 36 0.0
0 37 0.0
0 38 0.0
0 39 0.0
0 40 0.0
1 2 0.027100726288067985
1 3 0.0
1 4 0.0
1 5 0.0
1 6 0.04207738286537481
1 7 0.0
1 8 0.022376318090170596
1 9 0.0
1 10 0.0
1 11 0.0
1 12 0.0
1 13 0.0
1 14 0.0
1 15 0.0
1 16 0.0
1 17 0.0
1 18 0.0
1 19 0.0
1 20 0.0
1 21 0.0
1 22 0.0
1 23 0.0
1 24 0.0
1 25 0.0
1 26 0.0
1 27 0.0
1 28 0.0
1 29 0.039155993371678265
1 30 0.019447240989908538
1 31 0.08389460437611493
1 32 0.0
1 33 0.0
1 34 0.0
1 35 0.0
1 36 0.0
1 37 0.0
1 38 0.0
1 39 0.0
1 40 0.08187671133328542
2 3 0.0
2 4 0.0
2 5 0.0
2 6 0.0
2 7 0.05528390628671907
2 8 0.04931182689730997
2 9 0.0
2 10 0.0
2 11 0.0
2 12 0.0
2 13 0.0
2 14 0.0
2 15 0.0
2 16 0.0
2 17 0.0
2 18 0.0
2 19 0.0
2 20 0.0
2 21 0.0
2 22 0.0
2 23 0.0
2 24 0.0
2 25 0.0
2 26 0.0
2 27 0.0
2 28 0.0
2 29 0.03450042999849282
2 30 0.017135005874259156
2 31 0.025404121167600786
2 32 0.0
2 33 0.0
2 34 0.0
2 35 0.0
2 36 0.0
2 37 0.0
2 38 0.0
2 39 0.0
2 40 0.02479308307111631
3 4 0.0
3 5 0.0
3 6 0.0
3 7 0.0
3 8 0.0
3 9 0.0
3 10 0.0
3 11 0.0
3 12 0.0
3 13 0.0
3 14 0.0
3 15 0.0
3 16 0.0
3 17 0.0
3 18 0.0
3 19 0.0
3 20 0.0
3 21 0.0
3 22 0.0
3 23 0.0
3 24 0.0
3 25 0.0
3 26 0.0
3 27 0.0
3 28 0.0
3 29 0.0
3 30 0.0
3 31 0.0
3 32 0.0
3 33 0.0
3 34 0.0
3 35 0.0
3 36 0.0
3 37 0.0
3 38 0.0
3 39 0.0
3 40 0.0
4 5 0.0
4 6 0.0
4 7 0.0
4 8 0.0
4 9 0.10196037933766894
4 10 0.0
4 11 0.21977941249470642
4 12 0.07768865243433185
4 13 0.0
4 14 0.09071194318972256
4 15 0.08107335623710551
4 16 0.0
4 17 0.0
4 18 0.0
4 19 0.12386915251525367
4 20 0.11950890735467885
4 21 0.0
4 22 0.2142075898458969
4 23 0.0
4 24 0.22080481570982713
4 25 0.0
4 26 0.06444233180393638
4 27 0.09886448538491312
4 28 0.0913486892875679
4 29 0.0
4 30 0.0
4 31 0.0
4 32 0.0
4 33 0.07468213211571056
4 34 0.2544722071525928
4 35 0.26316846746401323
4 36 0.0984416265148241
4 37 0.0
4 38 0.0
4 39 0.0
4 40 0.0
5 6 0.0
5 7 0.0
5 8 0.0
5 9 0.0
5 10 0.0
5 11 0.0
5 12 0.0
5 13 0.0
5 14 0.0
5 15 0.0
5 16 0.0
5 17 0.03498092314368209
5 18 0.0
5 19 0.0
5 20 0.0
5 21 0.0
5 22 0.0
5 23 0.0
5 24 0.0
5 25 0.0
5 26 0.0
5 27 0.0
5 28 0.0
5 29 0.03930144058040569
5 30 0.0
5 31 0.0
5 32 0.0
5 33 0.0
5 34 0.0
5 35 0.0
5 36 0.0
5 37 0.0
5 38 0.0
5 39 0.0
5 40 0.03323679167561924
6 7 0.0
6 8 0.0
6 9 0.0
6 10 0.0
6 11 0.0
6 12 0.0
6 13 0.0
6 14 0.0
6 15 0.0
6 16 0.0
6 17 0.1557661628686711
6 18 0.0
6 19 0.0
6 20 0.0
6 21 0.0
6 22 0.0
6 23 0.0
6 24 0.0
6 25 0.0
6 26 0.0
6 27 0.0
6 28 0.0
6 29 0.0
6 30 0.0
6 31 0.03944318397098263
6 32 0.0
6 33 0.0
6 34 0.0
6 35 0.0
6 36 0.0
6 37 0.0
6 38 0.0
6 39 0.0
6 40 0.03849446829237637
7 8 0.045646388188624355
7 9 0.0
7 10 0.0
7 11 0.0
7 12 0.0
7 13 0.0
7 14 0.0
7 15 0.0
7 16 0.0
7 17 0.0
7 18 0.0
7 19 0.0
7 20 0.0
7 21 0.0
7 22 0.0
7 23 0.0
7 24 0.0
7 25 0.0
7 26 0.0
7 27 0.0
7 28 0.0
7 29 0.0
7 30 0.0
7 31 0.0
7 32 0.0
7 33 0.0
7 34 0.0
7 35 0.0
7 36 0.0
7 37 0.0
7 38 0.0
7 39 0.0
7 40 0.0
8 9 0.0
8 10 0.0
8 11 0.0
8 12 0.0
8 13 0.0
8 14 0.0
8 15 0.0
8 16 0.0
8 17 0.0
8 18 0.0
8 19 0.0
8 20 0.0
8 21 0.0
8 22 0.0
8 23 0.0
8 24 0.0
8 25 0.0
8 26 0.0
8 27 0.0
8 28 0.0
8 29 0.028486048222029946
8 30 0.014147899131698827
8 31 0.020975478295493174
8 32 0.0
8 33 0.0
8 34 0.0
8 35 0.0
8 36 0.0
8 37 0.0
8 38 0.0
8 39 0.0
8 40 0.020470961085628993
9 10 0.0
9 11 0.10706859283600323
9 12 0.07699704751312278
9 13 0.28248601496000375
9 14 0.29481638968082075
9 15 0.0803516197878871
9 16 0.32415546410024
9 17 0.0
9 18 0.0
9 19 0.12276643657436438
9 20 0.11844500746885347
9 21 0.0
9 22 0.1043542020576851
9 23 0.0
9 24 0.10756813225184879
9 25 0.0
9 26 0.06386864913068546
9 27 0.09798436760088021
9 28 0.09053547910721778
9 29 0.0
9 30 0.0
9 31 0.0
9 32 0.0
9 33 0.07401729203316093
9 34 0.12396966952651339
9 35 0.12820617350070523
9 36 0.09756527313223678
9 37 0.0
9 38 0.0
9 39 0.20996176601634278
9 40 0.0
10 11 0.0
10 12 0.0
10 13 0.0
10 14 0.0
10 15 0.0
10 16 0.29433105397638376
10 17 0.0
10 18 0.0
10 19 0.0
10 20 0.0
10 21 0.0
10 22 0.0
10 23 0.0
10 24 0.0
10 25 0.0
10 26 0.0
10 27 0.0
10 28 0.0
10 29 0.0
10 30 0.0
10 31 0.0
10 32 0.0
10 33 0.0
10 34 0.0
10 35 0.0
10 36 0.0
10 37 0.0
10 38 0.0
10 39 0.0
10 40 0.0
11 12 0.08158085277342807
11 13 0.0
11 14 0.09525661020324241
11 15 0.31709912847593485
11 16 0.0
11 17 0.0
11 18 0.0
11 19 0.13007499522607888
11 20 0.12549630184738267
11 21 0.0
11 22 0.2249393869322207
11 23 0.0
11 24 0.3835970007471001
11 25 0.0
11 26 0.06767089167516656
11 27 0.10381759464195672
11 28 0.09592525727118174
11 29 0.0
11 30 0.0
11 31 0.0
11 32 0.0
11 33 0.07842370583126573
11 34 0.4420862612231737
11 35 0.2763532037955989
11 36 0.10337355054872406
11 37 0.0
11 38 0.0
11 39 0.0
11 40 0.0
12 13 0.0
12 14 0.15969957109841207
12 15 0.06122387051506882
12 16 0.0
12 17 0.0
12 18 0.2960967695696759
12 19 0.09354181578749401
12 20 0.5316876609985846
12 21 0.0
12 22 0.07951262427999205
12 23 0.0
12 24 0.19107612418852543
12 25 0.0
12 26 0.04866468049644619
12 27 0.4398419176750615
12 28 0.40640461048188076
12 29 0.0
12 30 0.0
12 31 0.0
12 32 0.0
12 33 0.05639743312302731
12 34 0.09445861844382254
12 35 0.09768662021201586
12 36 0.07433980378720205
12 37 0.0
12 38 0.0
12 39 0.0
12 40 0.0
13 14 0.2513216948328473
13 15 0.0
13 16 0.0
13 17 0.0
13 18 0.24349484215101563
13 19 0.0
13 20 0.0
13 21 0.0
13 22 0.0
13 23 0.0
13 24 0.0
13 25 0.0
13 26 0.0
13 27 0.0
13 28 0.0
13 29 0.0
13 30 0.0
13 31 0.0
13 32 0.0
13 33 0.0
13 34 0.0
13 35 0.0
13 36 0.0
13 37 0.0
13 38 0.0
13 39 0.0
13 40 0.0
14 15 0.07148709740733732
14 16 0.0
14 17 0.0
14 18 0.0
14 19 0.10922264209372277
14 20 0.24566678207109538
14 21 0.0
14 22 0.19446839566184576
14 23 0.0924043722672605
14 24 0.22310705591080918
14 25 0.0
14 26 0.25876483150141993
14 27 0.20322937028907215
14 28 0.1877796311624512
14 29 0.0
14 30 0.0
14 31 0.0
14 32 0.09671155203528474
14 33 0.2998822170477105
14 34 0.11029313241465294
14 35 0.11406225832734897
14 36 0.08680171230386449
14 37 0.0
14 38 0.0
14 39 0.0
14 40 0.0
15 16 0.0
15 17 0.0
15 18 0.0
15 19 0.26861650434721823
15 20 0.0941810372559224
15 21 0.0
15 22 0.08297679405686503
15 23 0.0
15 24 0.08553233680048013
15 25 0.0
15 26 0.05078488111746116
15 27 0.07791184763902505
15 28 0.07198889605390811
15 29 0.0
15 30 0.0
15 31 0.0
15 32 0.0
15 33 0.058854530786286906
15 34 0.09857394848281117
15 35 0.10194258636088423
15 36 0.213475631823752
15 37 0.0
15 38 0.0
15 39 0.0
15 40 0.0
16 17 0.0
16 18 0.0
16 19 0.0
16 20 0.0
16 21 0.18291162697015434
16 22 0.2032361718630162
16 23 0.0
16 24 0.0
16 25 0.0
16 26 0.0
16 27 0.0
16 28 0.0
16 29 0.0
16 30 0.0
16 31 0.0
16 32 0.0
16 33 0.0
16 34 0.0
16 35 0.24968934070413049
16 36 0.0
16 37 0.0
16 38 0.0
16 39 0.0
16 40 0.0
17 18 0.0
17 19 0.0
17 20 0.0
17 21 0.0
17 22 0.0
17 23 0.0
17 24 0.0
17 25 0.0
17 26 0.0
17 27 0.0
17 28 0.0
17 29 0.0
17 30 0.0
17 31 0.0
17 32 0.0
17 33 0.0
17 34 0.0
17 35 0.0
17 36 0.0
17 37 0.0
17 38 0.0
17 39 0.0
17 40 0.043137791017455816
18 19 0.0
18 20 0.2672344107564646
18 21 0.0
18 22 0.0
18 23 0.0
18 24 0.0
18 25 0.0
18 26 0.1354784594024113
18 27 0.2210713249864216
18 28 0.2042652191831193
18 29 0.0
18 30 0.0
18 31 0.0
18 32 0.0
18 33 0.1570058053564377
18 34 0.0
18 35 0.0
18 36 0.0
18 37 0.0
18 38 0.0
18 39 0.0
18 40 0.0
19 20 0.14389592104439497
19 21 0.0
19 22 0.12677734875310948
19 23 0.31834399861383067
19 24 0.13068187335355064
19 25 0.0
19 26 0.27389959526470103
19 27 0.11903879382665307
19 28 0.4230480716428984
19 29 0.0
19 30 0.0
19 31 0.0
19 32 0.3331827426738586
19 33 0.317421874525474
19 34 0.15060769684849584
19 35 0.1557545211376908
19 36 0.6635287422054774
19 37 0.0
19 38 0.0
19 39 0.0
19 40 0.0
20 21 0.0
20 22 0.1223147338877726
20 23 0.0
20 24 0.2939335167724742
20 25 0.0
20 26 0.07486116196713322
20 27 0.8272562068658432
20 28 0.7643672033287277
20 29 0.0
20 30 0.0
20 31 0.0
20 32 0.0
20 33 0.08675650045337968
20 34 0.14530624392018823
20 35 0.15027189787565925
20 36 0.1143573539401957
20 37 0.0
20 38 0.0
20 39 0.0
20 40 0.0
21 22 0.16043890496306276
21 23 0.0
21 24 0.0
21 25 0.0
21 26 0.0
21 27 0.0
21 28 0.0
21 29 0.0
21 30 0.0
21 31 0.0
21 32 0.0
21 33 0.0
21 34 0.0
21 35 0.1971100126335811
21 36 0.0
21 37 0.0
21 38 0.0
21 39 0.0
21 40 0.0
22 23 0.0
22 24 0.2259888645331909
22 25 0.0
22 26 0.2725027929498161
22 27 0.1011856227998038
22 28 0.0934933710676943
22 29 0.0
22 30 0.0
22 31 0.0
22 32 0.0
22 33 0.31580312219141593
22 34 0.26044669797983006
22 35 0.8139561396168731
22 36 0.10075283606187871
22 37 0.0
22 38 0.0
22 39 0.0
22 40 0.0
23 24 0.0
23 25 0.0
23 26 0.08280846833087872
23 27 0.0
23 28 0.23476633548740647
23 29 0.0
23 30 0.0
23 31 0.0
23 32 0.5647790691046385
23 33 0.09596662316630446
23 34 0.0
23 35 0.0
23 36 0.25299520000283604
23 37 0.0
23 38 0.0
23 39 0.0
23 40 0.0
24 25 0.0
24 26 0.06798661710688993
24 27 0.24315832615593477
24 28 0.2246731401799538
24 29 0.0
24 30 0.0
24 31 0.0
24 32 0.0
24 33 0.07878959961170798
24 34 0.4441488596643714
24 35 0.2776425577913365
24 36 0.10385585036874773
24 37 0.0
24 38 0.0
24 39 0.0
24 40 0.0
25 26 0.0
25 27 0.0
25 28 0.0
25 29 0.0
25 30 0.0
25 31 0.0
25 32 0.0
25 33 0.0
25 34 0.0
25 35 0.0
25 36 0.0
25 37 0.0
25 38 0.0
25 39 0.0
25 40 0.0
26 27 0.06192936089050016
26 28 0.13865507245010594
26 29 0.0
26 30 0.0
26 31 0.0
26 32 0.08666836100331893
26 33 0.7127383981396688
26 34 0.07835293110076184
26 35 0.08103054172330985
26 36 0.1494212009276944
26 37 0.0
26 38 0.0
26 39 0.0
26 40 0.0
27 28 0.632327513278376
27 29 0.0
27 30 0.0
27 31 0.0
27 32 0.0
27 33 0.07176985348601768
27 34 0.12020549217933793
27 35 0.12431336023514925
27 36 0.094602830847781
27 37 0.0
27 38 0.0
27 39 0.0
27 40 0.0
28 29 0.0
28 30 0.0
28 31 0.0
28 32 0.2457093329410325
28 33 0.16068717796769277
28 34 0.11106732729147623
28 35 0.11486291031811785
28 36 0.3362059029293704
28 37 0.0
28 38 0.0
28 39 0.0
28 40 0.0
29 30 0.02475720278875194
29 31 0.03670468420212963
29 32 0.0
29 33 0.0
29 34 0.0
29 35 0.0
29 36 0.0
29 37 0.0
29 38 0.5477670349583004
29 39 0.0
29 40 0.03582183687909227
30 31 0.018229772192514523
30 32 0.0
30 33 0.0
30 34 0.0
30 35 0.0
30 36 0.0
30 37 0.0
30 38 0.0
30 39 0.0
30 40 0.017791296670123066
31 32 0.0
31 33 0.0
31 34 0.0
31 35 0.0
31 36 0.0
31 37 0.0
31 38 0.0
31 39 0.0
31 40 0.0767509281266476
32 33 0.10043984762057591
32 34 0.0
32 35 0.0
32 36 0.2647878866487421
32 37 0.0
32 38 0.0
32 39 0.0
32 40 0.0
33 34 0.09080310703100332
33 35 0.09390618639932848
33 36 0.17316402985728968
33 37 0.0
33 38 0.0
33 39 0.0
33 40 0.0
34 35 0.31997632956294375
34 36 0.11969135448465869
34 37 0.0
34 38 0.0
34 39 0.0
34 40 0.0
35 36 0.12378165254617134
35 37 0.0
35 38 0.0
35 39 0.0
35 40 0.0
36 37 0.0
36 38 0.0
36 39 0.0
36 40 0.0
37 38 0.0
37 39 0.0
37 40 0.0
38 39 0.0
38 40 0.0
39 40 0.0
